154.9,99.7,4.8,3.4
152.47176417446235,100.22754688177959,4.79659732705138,3.403505875920298
150.6078835615833,101.12582299229571,4.7929645774866305,3.4083162636645827
148.10015623543018,101.12368584468499,4.789391447979183,3.4125905588860146
147.65133969295,101.24938719863678,4.786059285673561,3.4186064930584408
145.721627972759,102.2777682670216,4.782745386324987,3.4219709374784584
144.75762849749376,103.24167206971576,4.7792978865609665,3.425609782384557
143.40722847386857,103.30308658664144,4.775912157673756,3.4315514997778283
142.24962758730533,103.30100753779752,4.772404384684498,3.4357095974656775
141.28487020936018,103.68420618099373,4.76943286472983,3.442306821411249
140.8997887509441,104.00327792037936,4.766220761329118,3.4486425261673204
139.99894519742907,105.03283662786546,4.762590240165545,3.452745257702194
139.93576130440366,105.22291002393483,4.759994422421649,3.459489276947685
138.0021511020957,106.25315308859554,4.756164957668376,3.463563077956497
137.16505911798913,106.31466863508095,4.752779800063303,3.469575763894805
135.4887986278544,106.31224963891484,4.748932206343807,3.474413756227024
135.4256031837701,106.4380946608731,4.746211016936718,3.4809478674618544
132.90861101481076,107.4692912808881,4.742255468425688,3.4854017603261123
132.00612625746902,108.50092902475326,4.738552291963031,3.4891807767628884
133.17071376888836,108.56275106524828,4.734916138943704,3.4947332996516938
133.43112788869212,109.59429198789599,4.731017330455645,3.4993691788340193
131.75281916931922,109.65656734115,4.727159254046286,3.5040675306012306
130.72056343830013,109.65407073797785,4.723392872135489,3.5090607369455196
131.562776024198,109.71594071765752,4.719761856959029,3.5146126357876737
132.72859088988233,109.7134864952192,4.716027426367321,3.5195210806643042
130.72560918627062,109.71112596054002,4.712108917392372,3.5242421500226704
129.30427485997802,110.29034553812326,4.708667530508896,3.5301207382752047
128.0769407361514,109.8357635656147,4.704500127216787,3.5333978645229944
126.84947951030934,109.76845262225578,4.700774374408437,3.538617214162249
125.8806844611618,108.66578157539989,4.696897719298382,3.543630320681575
125.49427418844172,108.33979952804088,4.69299433895666,3.5483244772479963
124.07226481870116,107.88493863176804,4.688646636098076,3.551747856321973
125.62795092195255,106.5885455218678,4.68433497554838,3.5553169544948733
126.34197937685786,107.10427229304344,4.680265581900695,3.5594906966257427
125.17890257245067,104.77201837707106,4.676148215651922,3.5634565784441814
124.27457377389621,102.6979981558803,4.6723457844802,3.5687312418984782
123.2406884247122,103.2140505709525,4.668284728197086,3.5725422890796663
124.01975440668667,101.78776872256809,4.664028967729947,3.576332946131848
125.05772893796667,100.29657040553816,4.659864690845569,3.580538950782963
124.02378191589284,100.81213792006004,4.65589393355304,3.5853363224593116
122.27750726882851,101.3281241798295,4.651697315013921,3.58943666593305
120.07793411622255,101.84445831020639,4.647441593902634,3.5928629996082453
118.84970559117727,102.36029221291878,4.643348700321223,3.5972162230980027
118.85175883928996,103.65364660516902,4.639242204095835,3.6007271137628343
119.88981724432641,104.68743592304632,4.635211576114981,3.6052346601002774
120.92790855480148,105.00909759623816,4.631303181483096,3.6094970094410415
118.92239248574147,104.55390071170694,4.627006486879993,3.6132036227272954
117.62919384936797,105.84695649628645,4.622977252541466,3.6175185606538167
116.07707855474044,105.3919651105,4.618491065755066,3.6207922725479733
116.40241546622468,105.90734573657947,4.6153895258496,3.6261466732898935
114.7851252831688,106.35887819424458,4.61111938474498,3.6299598999802702
114.20379569974598,106.87489483092735,4.607822943485098,3.634331611597395
115.24259321033595,106.4197063735115,4.60336668509946,3.6377103177065777
115.69727118089722,106.61222561270341,4.600915407548347,3.641345266567626
115.7637626375972,106.48024081110809,4.597511779041925,3.6461562999711417
114.92294332233823,106.73731060476169,4.594282274881684,3.650437677180311
114.08241579495127,106.28170900397213,4.590209235960061,3.654264212923374
113.50075620297275,106.92728663115993,4.586904310845375,3.6593579686274675
111.36362702919001,107.44420205829933,4.5824863074779,3.6627819873021075
109.6802473126897,107.96065838794061,4.578484972609736,3.6670264873637923
109.03369551393473,107.89341889186768,4.575067663900481,3.67185338888772
107.47936227492801,108.40958062150726,4.571464557674338,3.6769531243550837
105.66556580605965,109.18582213268533,4.567310689540354,3.6809330188006726
104.37056952535994,109.70247175622771,4.563184023647882,3.6852814626327004
102.68607234948881,110.15449221755556,4.559639529967432,3.689231767590826
103.2719401881937,110.67138046087304,4.555406925470017,3.693235790211292
104.05229542825329,110.21540447888896,4.551364876317079,3.6971311694491695
103.92465053334035,110.73213253591697,4.547208042017744,3.7014615518938374
103.99116745523399,111.18413013910278,4.543903694779792,3.705572821367504
102.5659755420941,111.70134889200959,4.539893019311026,3.7090969525533417
101.07586895360619,111.37502249604967,4.536073830080706,3.713047056167515
100.42936676367174,112.86548613513165,4.531621490220783,3.71627023337987
99.52309045263057,113.12310122004922,4.527963968392119,3.719957247519293
100.49790553302309,113.44569450024649,4.524322958156882,3.723433737308031
101.08358743981519,113.898189265643,4.52055391624356,3.726573473370128
101.40989260692851,113.5071097457193,4.51657089942756,3.7303797323247516
100.04969025344384,113.95919019582824,4.512737628639023,3.734298158026188
100.24607345673027,113.5676998378636,4.509160798430557,3.738899721226641
98.23715706277753,114.92887298858383,4.504773330072831,3.7412832708032013
99.73082225718564,114.53806832723377,4.501001333403873,3.7445730129431753
100.05730239213656,115.05538329536114,4.496615526049314,3.74766221676414
100.31882012106095,114.59979432184635,4.492368634939157,3.7509601720011365
99.47740584098052,115.95955992586724,4.489293881037385,3.7548112405220713
97.59879336827214,115.50408490690788,4.485231839045432,3.757864419411105
96.36864372079701,116.02071116601186,4.481494583139103,3.762100975248025
95.26751459394465,116.40816282004735,4.478907877456017,3.7653782410786243
93.58288518060351,116.98985835774582,4.475715651966307,3.7693740683566097
93.06514700531952,116.98819870323989,4.473393907974487,3.772693377368458
94.16958702238679,116.7914142407694,4.4701343751116385,3.777035155026208
94.2363098745651,116.91905718881378,4.466450642903026,3.781273203233441
93.39422179433775,116.8519398709986,4.463573676516733,3.7857345214144953
92.48741165750171,116.26574259151528,4.459984454697182,3.789922976136513
91.45088770074348,116.71896996328212,4.456030343903598,3.792156618238481
90.80336765301227,116.0038104933839,4.453195622682829,3.7948132596834596
91.38956471204779,115.5480890577019,4.448879188487339,3.7977512658109447
91.26157842226316,116.06590324389289,4.445317860258628,3.8002585246208422
91.91230561850351,115.61031885083803,4.4413856754983545,3.8031617653262324
90.42158115498837,114.57086729613387,4.438858291161158,3.80625526682672
89.83968786049897,114.11543566031762,4.434906318277954,3.8088774347887893
91.13904059764778,112.75167864879415,4.430795826339562,3.8120667263585424
91.72399763702062,112.55544126380484,4.428338375230106,3.8153892871251074
90.49328437727523,113.13729507256237,4.424842880397169,3.8192763079738805
89.3274709307169,113.59005262631092,4.421130746440413,3.8219485998942164
88.61483734724459,113.32879045329628,4.419406319018783,3.82556691160851
87.51395202868882,114.8193243475332,4.415293063378093,3.8289302721523746
87.06041464660193,114.81829080291958,4.414130656609502,3.830997361379603
87.126752532561,115.92018667921737,4.411218210241979,3.8331821431443176
90.17693930922563,116.1134212739944,4.409248496404168,3.8359727731322435
90.95749923787113,115.59298968604547,4.405338857714938,3.838695803295622
90.6350299045987,115.13740267036646,4.40152439134476,3.8416154485726173
91.02562258024193,114.6822084679822,4.398769075824039,3.843835478281072
90.37814238001042,114.68083631506785,4.396417174676708,3.846579784109784
87.52554735502174,115.13362944819475,4.393101848380244,3.849164827717741
86.68381071469145,115.52176781989276,4.390100809417171,3.851260847224992
87.59299645471931,114.61207986718632,4.387751267614602,3.8546148143846883
85.64886508590618,113.31312557927791,4.38401980874905,3.8578605925403395
85.32605119517713,113.05268375452593,4.381011322484238,3.8598352278659562
84.09531719127045,112.92162237209133,4.377947313201769,3.8625335698829404
84.16179549027733,112.46599959159589,4.37469859278901,3.8658239876667966
83.96917431193175,112.98304877838096,4.3708105433917215,3.869406696999156
85.26823571383541,113.50070143466772,4.366830308456405,3.87175841197443
89.28709364596881,113.17314041282735,4.369459134445204,3.878465561279713
90.71672814570533,113.69122216895707,4.366472765626159,3.880950278349013
90.71812778265176,113.23538250105285,4.363673491733288,3.883858808039793
89.29144116747436,113.75343913037301,4.360843089353588,3.8863650522120587
88.77372417476195,113.2980119803556,4.357688699466011,3.888454523848561
88.51499158903877,113.81617920047631,4.355922065186635,3.890583695058637
89.2303833657004,112.38683929023016,4.353098368805982,3.893343801665746
89.23218395806089,113.8139455116866,4.3494971840850125,3.895056170813199
89.49303075651711,112.45029132035475,4.346948258229932,3.896855030425696
88.90937967338846,113.61807036068893,4.346272808723987,3.897252181283807
89.94866187647457,112.64331038044469,4.344046590177454,3.9002050908732486
89.56112292146582,112.18775430777102,4.340422363338199,3.9028314098877503
90.47035562953741,112.18696012904162,4.338726934789078,3.9044197673465297
91.5090453850246,112.76943278309805,4.337639936501173,3.907388997619824
96.0483602215716,114.12798574654855,4.3449242563921215,3.9160572686143165
97.67508207959185,113.73648757321182,4.342739591321944,3.9187514430549144
100.86365116724426,113.28050830625482,4.338511050250465,3.9202943149355827
101.38463790882373,114.05947746147686,4.336683417406889,3.9225747799645765
98.98089855627528,114.57861917839965,4.333193462610609,3.924500786095914
98.46125701740866,114.44706724599452,4.332455694171634,3.9275994393631253
97.55194663165277,115.61600446966341,4.330508898909768,3.9304547207343172
97.0975128989929,114.18447509023493,4.328985953434505,3.9322864742356027
99.11401686061235,114.1184597762909,4.327877542620379,3.9342558275293142
97.8800474560479,114.63697892764758,4.324383440945853,3.9378208556805774
95.86598742532591,115.09092692072375,4.320090271455712,3.940469792642382
94.69668634922454,115.61014615642685,4.31773458078952,3.942457029177928
93.78612783176402,114.69964316006269,4.31817694121308,3.9427883474087335
94.1778207262685,115.21913026821147,4.315153301571585,3.944296996934496
95.6745936144778,114.82788177223912,4.312465430927557,3.94657018737281
95.54555732320516,113.91696440609887,4.310474734285326,3.9479619653406983
94.7660385913379,114.37185647725026,4.30923868304208,3.948337373441606
94.05272476148062,113.91593463382438,4.305761686764081,3.950114461025379
93.01457909906443,113.39597330446428,4.30231484440766,3.9501680361511724
91.84618905708109,113.91455975803522,4.3003409443790686,3.952441344118276
90.41792398630805,113.52423860502836,4.298274633052724,3.953466435712286
89.50961485617748,112.54862368002071,4.296008517415793,3.955891597265348
89.70646765410649,112.09336483885892,4.29207367488931,3.9569441884819954
92.56405235636747,111.8330822829543,4.291579779536063,3.9579933449122566
91.20021644897824,111.70235724150685,4.291603989307167,3.9596674654255204
90.35694896839085,112.02592649676225,4.289244028061246,3.962103925076529
90.22848943430115,112.54434161261698,4.286329189665178,3.9646093196689463
90.74998167396284,112.08884500429674,4.2826354569481735,3.966223133028823
90.10176646798274,112.60729537969529,4.280271960254817,3.968357509154563
93.67434097479264,112.21608607617522,4.278328058096366,3.9715173767625624
93.93441893062193,114.61877724618537,4.277757597169581,3.9723004560111215
95.49433923935028,113.25439614769188,4.275514804228418,3.9731645565470113
96.01447639247924,113.12376550603481,4.274269655353728,3.974668550515325
96.79539499026136,111.62899318907144,4.271029859385202,3.9769015018835976
96.40632088787802,110.32991847974968,4.269969861179049,3.97769024395099
94.52500484837184,111.82316876644677,4.266545354658038,3.9780621349453904
94.52629367282549,111.82165416280696,4.263967705750728,3.9810913422249907
95.04713040206792,112.34022110258068,4.260888996558679,3.9825522119703898
96.28097027769928,113.50843080101218,4.259399186461485,3.982523285685235
96.93069842721125,113.57329994166628,4.257700325645391,3.982560748197811
94.98595246383093,113.0539583536564,4.254698091096107,3.983245481201565
94.01421397354295,113.57246733181303,4.25246828426447,3.983937811505701
96.08928098399582,111.7566966844356,4.252412582761086,3.984160576783524
95.70150883176251,112.27448585302312,4.249801200315379,3.9861231554915797
95.70291176175674,111.75534867718342,4.2469953403269205,3.9869336883481203
93.82481648792074,111.23620399300138,4.243277780052525,3.988007026933897
94.27950979390134,111.81881507825537,4.241167802337739,3.9892833861713353
95.18811740542121,111.42945366040539,4.238327787052096,3.9904168471195405
95.64308785904691,112.01157343563274,4.235389663478666,3.992323732822212
95.31962966144398,111.88189082014199,4.234525290558531,3.99257665655331
95.38435276160733,111.94692364393697,4.234625743361307,3.9920576620928157
94.4137966771775,112.39939084863308,4.232638071443243,3.9939031783968653
93.83159810774684,112.85273054364966,4.231191482444596,3.9939911322548043
93.8963367579701,112.33497294160378,4.2312311507091405,3.9933705866578406
93.7031789967605,112.07510488233432,4.229023438099912,3.9950757251588604
91.76097415568053,112.52908910960787,4.228424973552181,3.993609171510225
91.5020791521658,112.07645793842781,4.228344377147191,3.9925979578600543
91.56755377445762,111.75207850827917,4.226845482940479,3.994105066272637
91.82742662656547,111.36336032693279,4.2249030466946955,3.9948365270105217
94.22364793824235,110.9102744007509,4.221445940059329,3.994984092427604
96.42320404757454,109.93931530829218,4.221264309948491,3.996197605924359
95.06444182897458,108.90393798439722,4.221457752683388,3.9966048293599723
93.18877692740647,108.96718472232823,4.22000783526589,3.999517550758398
93.57736728417372,108.83711210290004,4.219405327986628,4.000803387529705
93.57766490782132,108.51305338421604,4.218810080691436,4.001717516487983
94.61310327451815,107.34734446273227,4.219066809295705,4.0031102147078785
95.19662007357465,107.5418081779563,4.217280641032773,4.002598594209835
95.26190206557683,106.50592787382976,4.2161525363620145,4.003385133125034
94.4849392800935,106.57102634252242,4.216909756460442,4.002618891645406
92.09253095166305,107.02315202021448,4.212801687428907,4.0043803222409045
90.60445192646763,107.86443329798585,4.2128969479426654,4.0039402131504405
91.7046650571351,107.92828501168927,4.2120760312177286,4.005625335426556
91.25084257400287,108.31587225571516,4.213904129501907,4.006865305643541
90.21615782778528,108.83292697455205,4.212062880732227,4.008361238572201
88.85808700934236,108.50859427953138,4.20984773423728,4.009798823046716
86.91678298472864,108.37852101424403,4.209445733766693,4.01107801697486
86.07574710561097,109.99568236821534,4.208698122295689,4.012946404621335
84.3295199116362,110.51318345277764,4.2055828762428,4.013668571497463
84.91340018281969,110.0597293307519,4.202676218064935,4.014579350068516
84.4604802772433,111.0300649876679,4.202736164169981,4.01486488991021
86.20639767102082,110.90093034561848,4.2047711709931255,4.014329004055107
86.27144921203988,110.90050414309991,4.204094050721094,4.0151814090922215
84.13706913450932,111.41777544518004,4.201701782371413,4.016069695455792
83.16683225010473,111.54599873587107,4.201093511027005,4.018434052760885
83.75098993945838,112.0632000488101,4.197678626247603,4.01949853259649
83.29831803533865,112.0623835485243,4.197245122127074,4.021131533168115
82.91141841217161,112.57947926749924,4.194549417833074,4.0222666960556435
80.97067938563917,112.64379924278168,4.194280430865777,4.023018313491835
82.58904919230359,112.64306430205566,4.1925221399650585,4.024488194943862
84.01286696875977,113.02965536079094,4.191575997009587,4.027675916552447
83.94794981996803,113.02971570418956,4.191979690466663,4.027555229755236
82.07281910226848,113.54702185711699,4.188625548439861,4.028423083190276
80.58459798374477,114.45187024035405,4.188955365895833,4.0302730069022354
79.29159649752131,114.96866838075114,4.186345607948524,4.032121818265757
78.06354786221023,113.54447974634337,4.18348213077406,4.033281379106269
77.2226185024682,113.60815475474845,4.1832390569983895,4.035323807931462
76.70579442044654,113.28448683992698,4.181519650476326,4.03555490597105
76.89976565288737,114.3838408830632,4.181770119901035,4.036606780768101
76.5776014509707,115.87192763506611,4.179007469626562,4.03705212565826
78.12910070329163,116.38916816940305,4.181175455159725,4.0376265537093845
78.13002030960656,117.29421516603621,4.179336242529842,4.03948280324287
77.09526590505294,117.81256560238356,4.178036467614656,4.038186222559408
75.67303256164824,117.8117726843813,4.176040904027625,4.039772058563931
75.60754742091477,117.87625596198997,4.177632753439364,4.040183935401773
76.12416431014064,118.52358396213549,4.1796782591053026,4.039627040257876
74.63695281745068,117.16428674098297,4.177138080186037,4.040124680376652
74.24864364655254,117.29334564606542,4.177349128627511,4.040809301330051
75.28377708120313,118.7173896699889,4.177727893099121,4.0398589999206695
74.57200723055462,118.71733281113225,4.17779869203872,4.039972717633985
75.0247881544535,117.81052658242396,4.178101052171169,4.041856759190168
76.45031078932429,115.54469990818629,4.174817382852603,4.042980288810734
76.45075690255888,114.7024792593327,4.17392515638343,4.045091937278033
76.45134410704446,114.18533923636166,4.17275074741228,4.043937065809252
76.51543501587341,113.21458202238011,4.1739616129280295,4.044561246167618
78.84622576377234,111.98480771888504,4.171555778003058,4.045100476585957
82.27554931175945,111.07866424531834,4.170702193522268,4.04589479804184
83.63513810244467,111.27080778554631,4.168746034519742,4.049782206495583
82.98909630325751,111.72344270243921,4.16660711527563,4.050468135042667
83.24834288206681,110.49301908186692,4.165712071752464,4.052724334234002
84.7375667513809,109.58664875633967,4.16395049629719,4.053569059878898
86.22516714767013,109.71583745153333,4.165106979319173,4.054005345630738
85.57989564178773,109.26246569225631,4.161331157047554,4.05472568035929
85.19046359092037,109.9098734603582,4.163891265267898,4.0537501333461305
85.44998406609479,109.97351320090976,4.162485393262502,4.0558794218288705
85.063652586367,109.52027787033819,4.1586262781355074,4.056407662625667
87.58649900037932,108.67890886367871,4.15828972019908,4.057360252581863
87.45627250499183,109.19618735178506,4.1599869635351405,4.057826266124937
84.48033011522116,109.19556879009262,4.158925194034329,4.059063389509829
81.63449323749846,109.77708017318099,4.156349761067741,4.060773411871915
80.27500619485284,110.03478016620103,4.157895996935032,4.06297873048401
78.33441326467762,110.48777944456336,4.155268752572777,4.063203231525639
75.94173754595809,110.034206186999,4.151979348834505,4.0643906685937985
73.22505568467324,110.22716870956343,4.1509708088072665,4.066635070793284
70.76737655888691,110.29079326643092,4.148771388420967,4.068795369478261
68.43730186307864,110.09675370308906,4.1501979347241065,4.068647592385868
65.2669858385944,110.16064273017746,4.148806761324302,4.07029858356353
63.326822811748634,110.2242405935529,4.1461352056719365,4.072536110457447
61.06359789697703,110.61175137678904,4.142654129065318,4.074074127896541
58.02423468001237,110.67612608389884,4.139760637951614,4.074720882294918
55.04878384342839,111.64686465213248,4.140060911569169,4.0736572456810425
52.65654497335158,111.77555525530919,4.138631739497966,4.074973710258683
52.952562377729336,111.43172033962615,4.59365939902899,4.52435884696143
48.56332161336076,112.28437571239243,4.588704922208907,4.524535240921185
47.488170193036595,112.7136639015057,4.586287207898346,4.5270470846781965
44.90775094736402,113.7908432825638,4.580538271627007,4.52543308406889
43.0465636160284,113.21682375013795,4.574500785269577,4.526268410757916
41.11374980071117,113.93387092741578,4.570523603855588,4.5253610236276
38.89689361708301,114.0061021010584,4.563739049510143,4.524140512523041
37.25244973581284,115.08156104970466,4.560961711784226,4.519960724099836
35.681089186501254,115.29585558667567,4.557544471784507,4.5203905145154755
34.11058182987952,116.29779610703034,4.553454436597079,4.517939768262184
31.89777629756852,116.79819209133473,4.550519334794231,4.517142095297703
29.687947628366683,116.87217169360872,4.543451818782118,4.5119804666986045
28.476999496551826,117.80057741496495,4.541062784313845,4.509034251943424
26.841493813473296,117.87024846365469,4.534091379558709,4.51221314460362
