12.5,63.7,10.4,4.4
15.534387017740617,64.01520146800738,10.406430077265371,4.367223799121589
18.25557090452639,63.91544567368124,10.429928838829609,4.33899094880986
24.842602745172222,64.04373847032828,10.455668597401289,4.309988173444477
24.83207359753357,64.1714864639912,10.476726892678592,4.281931204621886
27.771528935071597,64.52894219449698,10.506151543247462,4.248750742723222
30.495965926114625,63.86256879190427,10.507120079317238,4.219036918369673
33.55071692215845,64.44220420666224,10.514761640079964,4.192570450492699
36.490958073260614,64.11568919582793,10.51543963162169,4.167005053652168
39.874104238381044,64.91505219074295,10.521692085884279,4.148539513539562
43.25646094720061,64.8122133811039,10.522316944407281,4.1287058569456025
45.72865982865412,64.82247061380986,10.53155818156362,4.108191391533694
49.10964390707866,64.83132282972673,10.517518093820952,4.090486959699932
52.472206996915965,64.95346457671512,10.524752118333128,4.070615472529403
55.05173708656763,65.18784133653362,10.521365249816633,4.050181371221682
58.40923899686551,65.64453741030866,10.518696827735434,4.031767276806875
61.65522324605733,65.65152415892585,10.50462298256162,4.017793779572487
64.87933622188105,65.76877770840913,10.521156638130616,4.006209425682351
67.10640008565771,65.99975685539553,10.526066500387971,3.9901548906906386
70.4375043742864,66.4558656447856,10.545869117848156,3.968872137872848
73.76335548709609,65.91022503733078,10.573210274341246,3.946979455763731
76.19897253804325,66.58854978833405,10.599888442249378,3.926124209157848
79.5361981613894,66.37588780350079,10.604593694846105,3.906171078871773
82.76601240202346,66.26998641310928,10.592994941209955,3.8956280069778177
85.09558373388526,66.27332305146395,10.595630638200713,3.8889547302684964
88.42682772287404,66.27523406302787,10.590342495561764,3.885132707140654
91.65510152985605,66.38528859543055,10.56489095658666,3.8867855759556016
94.98316293050956,66.50240046018294,10.551591622519126,3.8739892953587844
97.3024206775027,66.84320618760135,10.554201842054802,3.8553957995965256
100.60928551544794,67.40349562526772,10.561694567180941,3.8383539910998965
103.92352497985159,67.08174215946805,10.54841080164195,3.82034140637241
106.23665115096833,67.86035060879128,10.54196209629815,3.8030590533558364
109.32193246303476,67.86304109682445,10.519797222710462,3.797678077289511
112.50980747286215,67.86364205491395,10.50001456909438,3.7964761611104767
115.58362052737247,67.86428075813355,10.480654490096553,3.795198754671318
118.32122525022069,67.97312643594385,10.469611397637905,3.796074053180202
121.16631889250642,68.08672120243011,10.45846234854229,3.7873090677259884
124.00403085265405,68.42165038008835,10.453807479824293,3.7717702183607527
126.72954693634237,67.77675303032964,10.446742694217415,3.7550127462534557
130.31618769973687,68.5451191529986,10.446151090550416,3.7397601815777977
132.92373010738922,68.33495121124868,10.440732827219719,3.7259571857464606
135.5280547935997,68.34007909966893,10.433886832912343,3.715701408905982
138.99421091202737,68.3456783801664,10.428231272275838,3.7045028479110207
141.3776028151217,68.34721177884833,10.417277592247844,3.701436050547148
144.73260685045875,68.46074181746425,10.40209106977649,3.69033795874122
147.31767043819906,69.21389381437359,10.405012645778367,3.6928398507715947
149.8990929263817,69.10602481450472,10.41730748731336,3.69294702476351
152.93086137615575,69.43964416228744,10.396405411828999,3.6731334889191762
156.26589461854067,69.44138453122835,10.395996099469695,3.6696527510373333
159.60214093919893,69.55706347820852,10.391020318544781,3.653376046121899
161.85193953894742,69.78037581897081,10.400428115242539,3.6361804118539545
164.97233778152253,69.03528782561209,10.38118413397011,3.624602345911259
167.74987744488297,69.47167853608063,10.391434694932128,3.608025523079222
170.32191137081895,70.01070768749933,10.380867299287079,3.5994464819557566
172.89725392983246,69.69611574074936,10.35631761344725,3.5878634464323156
176.20717579600293,70.44341943735981,10.34034084153217,3.5844518184689025
179.5118074580576,70.2330468791326,10.325954829857968,3.579720979282309
181.74993754586595,70.1241775842737,10.311074642620197,3.5850129028868287
184.94733101011096,70.018106346909,10.286208683856158,3.5848246786253806
187.61084221986977,70.01770887348313,10.258498744336459,3.585619625477097
190.16145166695176,70.02180179099797,10.235476827146769,3.5774337904474365
193.5473392368696,70.13203428522895,10.219354899769652,3.568082964874787
195.8815276341641,70.24270311473448,10.18668761381518,3.557459374438039
199.04220875213892,70.45681980858024,10.166967010029712,3.5493354288908106
201.98465638742738,70.9845215075304,10.15158793798647,3.5420599235857653
204.71910535527502,70.6731621478128,10.123809226242193,3.5369571941035405
207.24103601059642,71.40364908001531,10.090778849162998,3.537475685321228
210.48036650251285,71.30183969011861,10.070119536045192,3.5327718305754297
212.87742108586866,71.2002140513465,10.058682367619156,3.528080847324606
216.30456960478665,71.82699042123187,10.058279317662391,3.520690650804665
218.69798384970176,71.52254525575098,10.04518555150102,3.5069199308530856
221.8035479776017,71.3209970398171,10.047550845298543,3.495783459414347
224.59087548379077,71.32555994658775,10.060482210949182,3.4866576458730583
227.0827754542028,71.32549718905885,10.043867405893911,3.4867831609308544
229.5583414215353,71.53822002533703,10.054287386448728,3.4748001479761803
232.77034418540143,71.95894344937723,10.036798210321566,3.46000057107062
235.65794996678548,72.47978936791951,10.03358733041423,3.449023141639765
238.3365330904063,72.1769121100345,10.029745784784183,3.437086345685362
240.81311466096264,73.00432994287138,10.011577326298383,3.427248907553846
241.33768783760274,72.90808224178696,9.988363270160589,3.414557850294252
246.04865408087537,72.90710332186406,9.979143159752994,3.4165156901400318
248.71000324614013,73.00978819777055,9.974185008543024,3.415674406762441
251.9979485333858,73.21735043073149,9.940453111886404,3.4094348582052354
254.96693268007397,73.42272441071182,9.914073534025201,3.4063826717283594
257.5195634182966,72.71250821056732,9.894217002697216,3.402901687384505
260.06318843103054,73.32643753678771,9.883708814260794,3.3934610758312904
262.3079425512718,72.92790405988697,9.854652706924428,3.379536732697097
265.14689676429697,73.64060354068765,9.834979320229433,3.3686965309345616
267.57836203406305,73.54368579332439,9.810491444637266,3.360930247996919
270.5007214011441,75.15787100201052,9.797995832102808,3.3503381046261644
272.9154048114803,77.6727828109504,9.786386916765558,3.3390123048037443
276.1372012493869,78.1760371187717,9.754567102402392,3.3343432300126854
278.53472386536396,79.07904428401719,9.75542446853472,3.326792373804099
279.03394236448645,79.08295328991817,9.755506337010388,3.31897436200214
280.43753555576126,78.92436601861912,10.807452086244156,3.683347723451209
