213.3,76.1,5.2,3.2
210.50024069635836,76.12576059937733,5.202522820387153,3.199220695393003
207.21631639764746,75.60009152435164,5.202007875475968,3.199620678671087
204.7199067803607,76.05929931931662,5.202907243440856,3.200769274695358
202.88016422611668,74.68036375140879,5.2032194965703695,3.1992607689921138
200.84448485945896,74.67933758157264,5.201849823513343,3.201313108664412
200.51556041618235,74.3509739388558,5.202736726264714,3.201078410296253
202.68276166974493,74.08883177520606,5.204589732948465,3.1997560086491936
202.74874135284367,73.7597141980141,5.204037463609543,3.200955678740428
203.7350575599436,75.13878965544114,5.2026903758877605,3.2026042209556733
202.8134835166046,74.61387758717711,5.205865617730357,3.2010153032920625
202.42081340734103,75.07342251056711,5.202522082945072,3.202056502043228
202.74771256654608,74.54857192865516,5.205798350820361,3.2004383278104482
202.22126470453014,75.0743996880467,5.20720134153889,3.2002755423407234
200.18549092334288,74.61403655254388,5.203650681834294,3.200818343844654
199.19964408067963,75.59882064264964,5.204180200357723,3.2024143304361603
200.5798521689525,76.05919199930348,5.2041229742449495,3.201791267272811
200.44789101589947,75.46831347688213,5.205176600436336,3.2006392524994087
198.87152946862034,75.79601940229396,5.203563016892198,3.2023808762804227
198.7387361670137,76.32142826420721,5.20627782860552,3.20305031845368
197.68436775368266,76.6501131669781,5.211212390423876,3.2031187206755694
195.839867090265,76.97932756514628,5.2164666973411045,3.202501892181742
194.32440340773903,76.4534864108688,5.219895120129199,3.201141090384052
194.85263726037175,77.90077920939054,5.216696516291478,3.2030455222667475
193.60304340708004,78.09747815884154,5.214668081816397,3.204576487742358
192.0876531606802,78.69056922166708,5.217764527600361,3.203140293532251
191.56019635279003,81.19284823734046,5.219394338899851,3.2016803334695387
192.02190354538735,82.96987481369649,5.217601607281969,3.2024535588391227
194.12687115169993,85.47109636812327,5.22035443704174,3.202577500317701
194.12513035595123,88.89523629090297,5.22383602853914,3.202158770489467
193.7973959025801,91.39775911342294,5.220632370087661,3.203024620922125
194.2594820420807,92.58275810877421,5.218369180623462,3.2036500033146886
191.95625421684807,93.10887075695086,5.216092681422077,3.2048491983137763
189.78577925548979,92.51555706511094,5.212121761069228,3.2064981702474142
188.86304899620288,92.91061969275172,5.214723713997859,3.206169443099504
188.13954881255398,91.85698083043323,5.213397637359414,3.2067905220111084
185.70428313813753,92.38416432985923,5.212631119431246,3.2056771159723203
184.0590908749747,91.92500263238566,5.212351805102163,3.202614635536136
180.9025845813806,91.3993657403869,5.209960475879896,3.2013211001319
178.40417163290184,91.85947452586502,5.2092731071825895,3.201698078112085
178.0088558225551,92.38662018060612,5.210847179660372,3.199483499584116
175.97177829636541,92.71429565300204,5.208631114787138,3.201611767252365
173.86888272467112,93.17537495188967,5.206468166405559,3.19994312705183
172.55620746708317,92.64971241562857,5.203053503055692,3.199762128163716
170.58633220372417,92.51842083661525,5.201275450309721,3.19957671422608
168.9434801702298,92.9781174717098,5.203113304942852,3.1996659834965304
167.95802429355177,93.17610144195243,5.20327162658863,3.1978487293533413
167.95772563256008,94.42382965753232,5.203868948571984,3.1981445264393917
166.9742668659153,94.94965747349406,5.200247564611505,3.1974429837159577
165.33318834027162,94.94827382166791,5.199818204170952,3.200210287368237
165.26937909310422,95.47285449358742,5.196093139711571,3.2017974138824443
166.51826116823125,97.96810127035978,5.193307493631481,3.201260868685625
166.97920355205954,98.49238699077804,5.190271318473494,3.2028021049903765
166.5186658461464,100.46032827794167,5.19263398812086,3.2042598542871517
166.7819508930399,101.96974236573081,5.191281566760223,3.2054332951602853
167.50503841581568,103.41386606885494,5.189449966384063,3.2058727792629216
167.04701704050404,104.79203472272404,5.18650471531408,3.2064994766045705
165.93270678444085,106.104086658509,5.183865469793629,3.207407084619166
163.30742045365642,105.5802010389282,5.1853810334371735,3.2053669041957673
161.80068390051426,106.10441485845884,5.180914102308161,3.2066575390173493
161.14411083647008,105.7766888288545,5.18236230450325,3.2062606352794
159.110744678,106.82631320375447,5.182367622038541,3.205967756140051
157.93245834084536,107.35164378143494,5.177702040292603,3.204745825692533
156.4254427707083,108.1384050846727,5.176668884941397,3.2043002430215544
156.16438570570662,109.58064489861836,5.174515614603889,3.203291317004987
156.6891857381909,110.2350782737166,5.17305771754425,3.204602276694649
156.55998414912673,111.61027968483195,5.169424851898029,3.205577914096534
155.055759903233,112.13485289874727,5.165329364233528,3.2042728704230985
153.68259724932597,112.069828742763,5.162814982566062,3.2034240543211
152.7007115263759,112.20161805238763,5.163906268771853,3.2015361230310617
152.04675953266522,111.74473594610953,5.163510825853977,3.199490734349824
150.5450021674738,112.26742635411543,5.158862410112438,3.200427534381302
150.02461260556026,111.81060551373014,5.15375322305268,3.198916943125901
149.37044462321253,112.8555972571139,5.155745098448209,3.199083999238281
148.58804345361082,112.72453672119764,5.152544042471166,3.199871171874051
146.9551635622066,112.39745240006604,5.152494518522632,3.2008779527858064
144.93237050654665,112.00634803806507,5.147976206117171,3.199195498002202
145.39001245256537,111.55042834825146,5.146562143201989,3.1971650485071805
144.34852856350756,112.07212255281294,5.141567615772628,3.1977577921567213
141.93809884956102,111.61608377577613,5.136405431820274,3.196804230475795
139.659322009151,112.07251291834999,5.132061508648675,3.1963254661263973
140.96376070492536,111.55177127170418,5.128524685283912,3.1956725321444166
138.88263698737535,112.007399989058,5.124267994599369,3.1958378749521588
139.47090452621907,111.55196320855468,5.119014981775213,3.195714274398471
140.1234209643358,112.136973986706,5.1146012554077585,3.1962499529752924
140.18862291372824,112.136590559938,5.114202321190889,3.1970168065112605
140.6422659565522,112.20218866778104,5.116999281587205,3.1958324545457883
140.57856375166546,112.13732071693207,5.114369904749901,3.195534569632913
138.5638548971096,111.87842405711719,5.114112737991128,3.1933698407632787
138.11059677020492,112.39862260473159,5.110983416005946,3.1925676892996697
137.52573299790808,111.88068259094003,5.111708437356645,3.189334362889044
135.90398489403705,112.4005136556677,5.109060334103673,3.1884384129521153
134.34781702416606,111.94682827831835,5.106407496061228,3.1872708324636587
132.20955705932326,111.882197459638,5.101772012386413,3.186800487601359
132.01785676247147,113.37368465615002,5.096208056580221,3.185887640818782
132.6028288760902,112.92120469124727,5.0922716294821555,3.1839526149603095
135.84165776942945,112.59786279966316,5.0878721862600536,3.183310563782872
135.9704051347157,113.05109720413154,5.089154800657804,3.182562462241996
134.0285668557672,113.11649784331716,5.090972592582633,3.181156476069826
132.7990624667019,113.11646228701458,5.091402776607279,3.18122758867496
133.31587584750125,114.15226920409158,5.0930279538136505,3.1801176321310836
132.08868394252363,113.69925232799082,5.088580802374527,3.1802662932925623
134.4810266726268,114.15091817848173,5.089779291742867,3.182372096284322
133.5107799530306,114.53854046703286,5.089251278855865,3.1835361000138063
135.3885929191671,114.47395735374249,5.0866040426191095,3.1832892681105474
137.326888434326,114.53966303493196,5.091094055316548,3.181247273832099
136.03167853856792,115.18723374309269,5.093469636929418,3.180127962462297
134.99876591517716,115.63976766082223,5.088592053388797,3.180992615269154
136.4209946155852,116.0929397834034,5.090067020482996,3.1801723053509843
135.7093373425276,116.67502408824454,5.090324311537183,3.180323267991354
133.63855956454557,116.61048080427906,5.09187293854415,3.1800346193924267
132.7988684572607,116.6088657713437,5.089139522577503,3.183264685263135
132.41108410083726,116.6096203722177,5.088267206930675,3.1817554835151345
131.4413056051293,116.60880878751388,5.087296688856532,3.1833786529227908
127.10404581280349,116.54299364897086,5.093274828593781,3.1856277144130627
123.99810251929763,116.99580884297313,5.0887658204354995,3.1865550173708344
122.83586725157468,116.54333473747405,5.0830208276738045,3.185308300732723
121.93258193493537,116.60730236522814,5.078696024207329,3.1867227192777876
120.38141233111769,116.60693069936217,5.0776252163398246,3.187466051009729
119.92796114596827,117.12409473205884,5.079391155885287,3.187579620763105
118.3127998536188,117.57653198234951,5.076376228882864,3.1880396234581307
116.56760523503964,116.80116400157644,5.0757694475612185,3.18722179901316
114.11100701226052,117.31895436358785,5.076577640446301,3.185828075553136
113.33526761911187,117.38327349674556,5.076911255725615,3.186451906822547
111.39804316568416,117.44778456765827,5.073034013825632,3.186707303288971
109.4618531145348,116.47897308157118,5.068698055759044,3.1859722452805177
110.04361232060488,116.54363210061246,5.067500320507514,3.1858009490744914
112.56183772500482,116.80258019279952,5.066962278281572,3.1844086381951224
112.6286579589302,116.80228850879342,5.062416407832336,3.184992006207319
112.11452065993237,116.80198682652218,5.058399654430886,3.1855953707498075
111.3424254732856,116.80183435528691,5.054752300601592,3.185900313220344
110.89188448056706,116.80119086190187,5.053274912403536,3.187187299990438
109.99095033184375,116.80075020667384,5.050031959792321,3.1880686104464933
110.3153979007714,116.80060077031077,5.045650739849206,3.188367483172628
111.21796367755813,116.86508905763985,5.044310939439658,3.188233176597599
111.53882586997511,117.12328840424834,5.046686464373782,3.1871144111950582
110.63757908492155,117.5093344111054,5.045465165103716,3.1880430557854713
110.44526380336737,116.80106436170425,5.043593545608196,3.1874084850401574
110.76789258336957,117.38101167811162,5.042313212881829,3.1866728613258597
109.9328647820771,118.34665237798849,5.03843706160729,3.186851177563811
109.93434098281921,118.34686217503463,5.035484660123072,3.1864315834715313
109.3554081073422,118.2180198224782,5.035430118767636,3.186800668071185
108.9694307242499,117.25404903018904,5.035405848599996,3.184794661768904
108.906817872395,117.25403467529256,5.032002323219588,3.184823371561853
106.72028390868896,116.67593030253721,5.033390973119599,3.183822896554663
107.68592592159604,115.64755593695762,5.030849321792521,3.183246428260962
110.51465303604758,114.68462508030468,5.028942087719189,3.181080756965779
112.44314782413214,114.74869169906842,5.026063867931064,3.1814178979843604
111.99285644026179,114.55645331013898,5.027615835729219,3.180595761582153
112.12286110221862,114.55621235131876,5.024491357383777,3.1810776792225792
112.2528711119082,114.62081167570439,5.0212788477463395,3.1802827853221842
111.29215742523562,114.62068014642507,5.017570287623771,3.1805458438808167
110.33086499812924,114.61985080491007,5.015785336332312,3.18220452691082
110.84423331219921,114.62002693587151,5.015387697477437,3.1818522649879406
109.30594649585608,114.55551372016812,5.013228613534396,3.1825981665351706
109.69138827153432,114.55563235757099,5.01190930545993,3.1823608917294384
109.62822510061356,115.51768815486918,5.009998650148625,3.181804254425511
108.73131515021214,115.51757997975268,5.009031216912004,3.1820206046584936
109.6928106216591,116.4791909254948,5.0088638631348275,3.181622302290996
113.15410043718785,116.67243974368338,5.007954080788137,3.1796618797310887
115.20327689465034,117.3135630565769,5.009846223326981,3.178741834401527
119.29852865629586,116.28783305766316,5.0206594033898035,3.179872656390538
123.1446534858413,114.29901421287514,5.027985636720493,3.1793961348821003
124.10800614386018,113.1431361149916,5.027698387895542,3.1794506499937927
124.68473707114364,110.38138200772549,5.030056921406473,3.180705899265159
123.2075985759371,109.4186061240723,5.029276033870117,3.1790460070392945
122.24360765337495,107.17075990460651,5.030638247168859,3.1792926383779103
121.79511399449349,108.133232214556,5.028364888689269,3.181335181855722
119.99625080143483,108.06877181216683,5.029043149388203,3.1817899821548297
118.26186465961275,107.10419508301942,5.0287538389420074,3.1836869992883763
116.84956507411957,107.48856132717188,5.0261068303993,3.1860216508550128
115.56460244580343,107.48738542530145,5.025818723535003,3.1883734545958795
113.9593108032729,107.55095814266753,5.022759146775745,3.189773734336546
112.67503363567032,108.0630247517883,5.020846137521875,3.193827453878581
111.90497117723905,109.0264191101119,5.018220370738792,3.1954770917884097
110.94235998948568,109.2179429518676,5.015179967388604,3.1980819640483804
110.94449224059345,110.31034859130732,5.010915465173067,3.1986020846432295
111.33072064134471,110.18171819929428,5.009421250725751,3.1988753396509004
111.13888858847484,110.18215770885537,5.007657465554489,3.19799632052871
109.66296019636047,110.82338321086371,5.005512417899472,3.1998939390701944
108.2502956254784,110.88821533000267,5.005283229189162,3.1986641703593173
108.70109263306675,111.78640704124487,5.002562580613179,3.20002748107635
108.05909025475043,112.36408495843001,5.002642000662592,3.200204449630942
107.54729518527193,113.39093480354148,4.999058693431916,3.20085165178336
107.35515876048383,114.3538090605741,4.998270022380383,3.2004107408569076
110.75604218856294,115.38081724046413,4.998240216087952,3.19974896216843
110.5651335807633,116.34211712643285,4.995087966405849,3.201996516637906
111.52855950784783,117.30400931266736,4.992938717052083,3.2029147489841736
113.19833149857317,118.20099512202049,4.989107886890612,3.2050963655874827
113.649331120226,118.58483923954736,4.985038716689019,3.2070624789086195
112.30330208618255,118.5196286898473,4.983897096702341,3.209235974114799
111.79209827346928,118.58228851224823,4.980170344822296,3.212183126476258
109.99761663480875,119.09369928941614,4.977849086352223,3.2154428680807334
109.03633447940669,120.0551252870403,4.976216553385364,3.2167877166033887
107.43483990800972,120.05390548771769,4.972261527184188,3.2192273152486304
108.58984613072067,121.01514311923403,4.970914534855294,3.2206399297934287
108.07818022005958,121.01411896889384,4.96814581322606,3.222688230473812
106.98990133968113,120.69171623334103,4.964364706404278,3.226217564056268
106.41426219790266,120.94650973112125,4.961326431667157,3.229660149959841
107.18602275912674,121.84297286738708,4.95703611089893,3.2325031460548304
106.93130860570251,122.16192032487564,4.953455330320654,3.235869590361115
105.39462220386277,123.05880893879346,4.9487163484902545,3.2376575707395623
104.24209408053851,123.0578248766585,4.945932503139851,3.2396256950095066
103.28208973056549,123.12078932994659,4.9428759764670716,3.2419011368745463
101.93788554612314,123.50415408872774,4.939160495222044,3.2443498622064517
100.46595572444319,123.43878230003288,4.934848426380514,3.24691206080481
100.46690690231725,123.50143370632291,4.932946070632401,3.24976854597132
99.05850756796104,124.01251777558376,4.929822492251781,3.253026679119811
97.07359764081905,124.97267209425003,4.9258887496030805,3.2555020403030888
95.21519419691853,125.03548484580057,4.9258323209578005,3.2580442377691265
94.25530537125864,125.41818639983275,4.922472729127347,3.2618960269648545
92.39823118963918,125.28868491546889,4.918161507962472,3.2644535071129943
91.50108653987637,126.24983737391086,4.917643976463934,3.265155909183501
91.50183121158679,126.37651832237783,4.916154633043066,3.268202791307979
89.77169749275463,125.99026715830662,4.914140167629484,3.271309140988622
87.33708991579752,126.88687722750268,4.909702595208125,3.273645270193809
86.50464856328763,126.88556091454649,4.9076456459813125,3.2762778961061834
84.51858134847396,126.94817599658352,4.904372848687951,3.27928667483602
82.6611269725525,127.2032692585704,4.900330034465698,3.2820589875608963
80.86831252620982,128.16437931907222,4.895660441327824,3.2832130553910885
80.10051647137108,128.61192998074625,4.893166218002513,3.2853287596280203
78.11605343315509,128.09831724682203,4.888776985848825,3.2871825349382657
77.15715957004213,129.37849770573152,4.884521917879677,3.289545342712754
76.39053371409956,128.92862345942572,4.880437286772337,3.2925143019121075
77.41718921734764,130.65644692750686,4.876712540840315,3.2955441804517744
75.56193717037767,130.59096350805035,4.872510149073788,3.298417692271461
74.15510036253738,129.62886590366858,4.868474249996993,3.301447322791295
73.70887845457084,129.94716106731926,4.864447968584018,3.305192779308576
71.46977539429119,130.39374624663327,4.86025325769963,3.308502586969283
70.06265096235958,129.4317652921455,4.857176675831772,3.3115607829462643
68.52779627584191,129.5578427907079,4.853336694974269,3.315534898645943
69.61856605393467,130.5809204099769,4.849029816013393,3.318539826907588
67.18761580797667,130.5793900660274,4.844751124701223,3.3216005148065477
65.65322469055737,130.1297682423535,4.840489187804494,3.3245396120649193
63.350797123472084,130.8323019292398,4.836340534160471,3.327778951235634
62.90481316618386,130.89463971395705,4.832176064792574,3.3311222937932246
60.66655307077648,130.95676251084762,4.82829734907871,3.334888097341437
59.19651281682749,131.8513570470493,4.824029290449064,3.3379111958679215
58.68672309975173,131.85019668385087,4.819602898508755,3.340231922264801
57.02504389740989,131.97647094922416,4.815682105852815,3.3436279451597253
