122.70000000000002,159.9,12.2,12.4
126.84242198182228,171.24308941204566,12.212717011647872,12.345121988110204
130.5433109278382,184.38358941845732,12.158927238571259,12.36218471681093
133.8441402303301,197.5270210222819,12.121919389313323,12.333924532065389
136.378097384243,194.46712676200335,12.060666254040765,12.291668532557026
137.72445734006757,182.6154691880074,12.05242549438668,12.218168334307155
137.73257566891078,172.33984688443445,12.03618883670027,12.129973150352736
139.2551678895923,165.16547642515192,12.035554504579158,12.017101050018777
140.7388210257731,159.16299819890213,12.098503827163915,11.90103512273283
143.55180393515062,154.85010699869986,12.141672461628428,11.834144694867408
146.39535647696673,153.2930334088443,12.118029760324522,11.927778604003386
148.9796676032742,152.1229139674211,12.250804088226088,11.995990380914105
151.44238850068044,153.65531218745076,12.289204443216407,11.98586603304118
154.34083431117432,158.1076542416743,12.2264695139264,11.873555518530628
158.9337515796507,169.12513020292667,12.149061695886942,11.850634833399655
149.65481380546578,176.9935612316448,12.1878443161765,11.987281000032205
151.9449831036695,178.65153819495703,12.175994033048813,12.097693308367573
155.7919856234857,177.23981092153065,12.127234904951798,12.245311786183008
159.05891532755012,178.51416703828775,12.118290113447884,12.383329100690798
162.2055221259286,177.46219914348436,11.99862255485254,12.558031753372042
164.65733037557598,176.7089423193308,12.122026482114808,12.517769885815522
165.9791633404103,177.0483214221191,12.194470991884165,12.615043234364052
165.70180823841895,176.52271402318664,12.358494219256123,12.494197102396697
168.5911368252248,178.86373654790316,12.450529651791502,12.508706137881372
170.2837447069562,177.3233738178045,12.602840967944422,12.444963082864678
172.9526446226201,177.12018423724714,12.787364211531205,12.456890595771188
176.85551239451294,178.71626506054088,12.932404737347488,12.445039377024507
177.2256492918912,176.4988522449761,12.991383670976127,12.483975002035862
176.96123135129886,171.45678113332147,13.119052696339242,12.538945829806151
177.6952314779274,171.20073383807375,13.267201041797879,12.64700327062268
178.03033936130598,172.20117438488535,13.413122247242978,12.686464607505258
179.36994618992279,170.95022713715338,13.610749608051707,12.722495373218646
179.49360691046994,169.74413115642952,13.778065953888456,12.646860613079994
178.803186324904,176.38393356655018,13.910771404272294,12.680703480817595
176.6449666598376,172.98372013193944,14.040697131824647,12.782708585910294
172.38844523643908,169.9964123999925,14.107746304014913,12.845128477579504
169.39066657421938,176.77070010886993,14.162567816528274,12.875377772798444
166.76075806169231,170.8607470337374,14.314299557311333,12.776418259764402
167.99072218394366,174.55207502940848,14.413092841468373,12.643473266291386
164.7938723025185,168.2443878921761,14.418896238497474,12.908914566835232
164.54637877458882,167.92830117063744,14.483688338861851,13.11089305441746
164.3073000976584,168.24859839603786,14.527419815239124,13.339150358583739
164.09809066666767,168.38840167733838,14.507094806822002,13.498287666381334
163.90809285181282,168.776937394756,14.446132330850153,13.6031324429092
163.96180201171512,175.11795851288073,14.33871401104556,13.729544241383518
163.24562015375278,177.12637591287623,14.445096360489696,13.690653540834191
162.25390434480482,175.4281827107172,14.65635657380712,13.5426971359953
160.3826939753448,177.4961847837518,14.84683331482541,13.402629987565597
154.81385544973062,182.16248326916653,14.86630849397902,13.409322589278943
155.28445217052584,182.338685134866,14.815390488119718,13.502056575745508
155.0899428941937,183.62872508329465,14.758584912336758,13.596921449571518
156.45308627700217,182.71938423782856,14.710996435006642,13.629804281645896
156.68215937577756,182.4818195459695,14.699080857255673,13.658703045564165
157.56785119071483,181.602659009185,14.713713755656002,13.631007590858317
158.44712445649802,172.7178218707508,14.740335806767192,13.548996040951177
159.31102598241304,172.06213325961642,14.794142823451473,13.52416571183427
161.74433674800625,172.97559282632474,14.83182164261428,13.480628523999153
163.29171164169304,167.3974038027082,14.857240657242443,13.493546564082958
163.74803655074572,160.07205009111198,14.837270735103917,13.415035703822834
164.82973642809137,157.2399240141145,14.897757241786547,13.297183578245571
165.04089779366146,153.52129275538894,14.919270429349385,13.189235477744749
165.47035897780137,148.01396198383333,14.945236018020218,13.142797558972628
166.80298704177486,144.0085779561878,14.932600848416667,13.195702739233525
166.81373406551668,142.59898531570641,14.91110680093301,13.35836261240571
167.7433757761342,142.52355319129538,14.831905681672993,13.509226861227802
168.4349188276628,144.4680905456346,14.787406129419725,13.635911804961088
167.9766080863337,141.10286217039337,14.808988679040583,13.653576557663461
168.9355032663618,139.47814439483653,14.683746461903848,13.766052858668038
169.64175005944332,139.90251024012616,14.61516305863495,13.813261290018204
171.90645845555113,143.4663961236095,14.562218192068102,13.8478446040895
173.61298158919018,156.64296055170064,14.728109541658355,13.889380672311603
174.68629648540232,156.69325288278011,14.834583476669112,13.78879601015265
174.6229425462093,156.28995426141057,14.961291355055192,13.694019931312397
174.08742995793725,156.80748556474296,15.13000771746743,13.56126613877943
175.46139805509387,160.12666242744615,15.092044767407303,13.697845524005885
175.20863299506965,161.23619559568368,15.144323714285406,13.745035053382455
175.17273400784953,159.6707245764234,15.216121688725664,13.692257429428857
175.12516623438665,159.69345155032076,15.311257235651393,13.646803481634162
175.08325428572604,160.38367962805012,15.395081132972594,13.633879588194661
174.5760200754257,160.8653409709364,15.495672355941636,13.58443410005381
173.3850878877073,161.3133576572301,15.589001249252332,13.603814920316768
172.89053138881923,161.54293473529813,15.659187110974392,13.6041243322078
170.7715572730294,161.10714854005303,15.752137030131216,13.554585986604042
170.07011912746438,167.1628627075196,15.771417196226775,13.895522776981164
169.37799375846234,171.5225955153401,15.754780883502283,14.048341815954405
167.5285913409567,171.43774409947616,15.700400586381965,14.21804464768227
166.3871725708018,171.15384309909706,15.628178038423753,14.314834630786883
165.45579865553367,169.4712591942729,15.605205480744626,14.379991761058356
164.7460010149844,169.4231962023164,15.608472948546055,14.476117744971374
165.45711602358466,169.34855619888899,15.607310456980041,14.625397751826187
167.26224876577604,164.13396247830258,15.805387847020462,14.581642288335203
165.94025462161568,158.01177884889546,16.057181711697606,14.38659854420266
166.34744207516255,158.3091277289128,16.201305043164346,14.271149903448194
168.91804067674886,160.7649126989111,16.336152841611092,14.155984510378293
169.33058589165316,159.86760163824675,16.470830791079845,14.031069873152257
168.6063742479051,158.62782218005117,16.47937232092471,14.1108258601247
169.07803632232378,158.62137163140747,16.498796692557608,14.123726957412076
170.0372991033245,158.6069351691155,16.507797984933163,14.152599881995997
168.56243915537596,158.8250237882498,16.56261000545484,14.198907289623323
168.26959937181732,159.06887668561077,16.664213892820456,14.195277174653043
167.96633118280866,158.35915870450353,16.785163026112553,14.157951402692017
168.41349277397148,159.12445812683288,16.86454753112244,14.087914089036556
169.60680528539763,158.41619547347955,16.912671384353036,14.043590070093432
169.0799732263174,157.95357982790824,16.99238260027595,13.994868458998555
171.49925033058273,159.19307742634777,17.027999214596605,13.952958673545156
171.46225304891806,157.50788944035563,17.101993777925934,13.9123192620849
172.6445923291743,158.25908756816838,17.176156204884954,13.873227598942282
173.60279630826645,158.03964999265597,17.21284641356023,13.823828208252245
174.5778708481054,156.56934935000885,17.21484741565616,13.836204370885692
175.8160478656673,157.7821146978394,17.179837023150785,13.852017317843007
177.0354239719511,156.3103227552062,17.181022865375,13.86767553735929
177.59191791003263,154.32470919085884,17.044553701379524,13.932827817383457
178.88418815279223,158.13538053014037,16.896098620329063,14.106958433120216
180.42671279668804,167.45453296474994,16.73750691750654,14.490627866200395
181.03403946503494,167.53408681064036,16.50578020254274,14.822983485284484
178.64994113644346,163.12306603162853,18.273839788588468,16.275145762338585
178.64994113644346,163.12306603162853,18.273839788588468,16.275145762338585
178.64994113644346,163.12306603162853,18.273839788588468,16.275145762338585
178.64994113644346,163.12306603162853,18.273839788588468,16.275145762338585
178.64994113644346,163.12306603162853,18.273839788588468,16.275145762338585
178.64994113644346,163.12306603162853,18.273839788588468,16.275145762338585
182.19240190415772,166.46371638090477,18.079610853661883,16.682606441664152
182.7260858970611,166.87078537619342,18.10689479961873,16.963120382850445
182.6542702826227,166.67727246902922,19.823181618856584,18.05443721642586
182.5148801477962,165.66166129328232,19.92650842684678,18.29648110503056
183.67563794376616,167.21382356377362,21.000109672924886,19.180295278285225
183.67563794376616,167.21382356377362,21.000109672924886,19.180295278285225
183.67563794376616,167.21382356377362,21.000109672924886,19.180295278285225
183.67563794376616,167.21382356377362,21.000109672924886,19.180295278285225
185.25216497864616,163.48564864367464,20.82676377422531,19.67509501532086
185.68212104742327,163.57164196113166,20.60461171739063,20.140868461126317
186.38307318996448,166.03857879345918,22.940128535484433,21.699921565671396
187.93158133939582,162.67819054039418,22.49024176138976,22.052704883391936
187.87999538044954,165.14171013039103,24.173325651455354,23.263638176266095
187.87999538044954,165.14171013039103,24.173325651455354,23.263638176266095
187.87999538044954,165.14171013039103,24.173325651455354,23.263638176266095
187.87999538044954,165.14171013039103,24.173325651455354,23.263638176266095
187.87999538044954,165.14171013039103,24.173325651455354,23.263638176266095
187.87999538044954,165.14171013039103,24.173325651455354,23.263638176266095
187.87999538044954,165.14171013039103,24.173325651455354,23.263638176266095
187.87999538044954,165.14171013039103,24.173325651455354,23.263638176266095
189.57846240535594,160.12554406731806,23.6098680229239,23.520520123705765
189.84710924957577,159.2605416123417,23.072574334484205,23.766104026607913
189.72822173506643,159.2378483983979,22.57275259615825,23.811490454495555
191.1210776414111,160.52636046349522,26.301768833999066,27.029633556820155
191.1210776414111,160.52636046349522,26.301768833999066,27.029633556820155
191.1210776414111,160.52636046349522,26.301768833999066,27.029633556820155
191.1210776414111,160.52636046349522,26.301768833999066,27.029633556820155
191.1210776414111,160.52636046349522,26.301768833999066,27.029633556820155
191.1210776414111,160.52636046349522,26.301768833999066,27.029633556820155
191.1210776414111,160.52636046349522,26.301768833999066,27.029633556820155
191.1210776414111,160.52636046349522,26.301768833999066,27.029633556820155
191.1210776414111,160.52636046349522,26.301768833999066,27.029633556820155
191.1210776414111,160.52636046349522,26.301768833999066,27.029633556820155
191.1210776414111,160.52636046349522,26.301768833999066,27.029633556820155
191.1210776414111,160.52636046349522,26.301768833999066,27.029633556820155
191.1210776414111,160.52636046349522,26.301768833999066,27.029633556820155
191.1210776414111,160.52636046349522,26.301768833999066,27.029633556820155
191.1210776414111,160.52636046349522,26.301768833999066,27.029633556820155
191.1210776414111,160.52636046349522,26.301768833999066,27.029633556820155
191.1210776414111,160.52636046349522,26.301768833999066,27.029633556820155
191.1210776414111,160.52636046349522,26.301768833999066,27.029633556820155
192.46204461287147,155.6699470051695,25.212578542396223,27.345087743043923
192.51125919403296,155.63441503663907,24.286639940008985,27.41615168010473
193.21808202056877,156.69765789731778,27.74607904837866,30.301857709304063
193.21808202056877,156.69765789731778,27.74607904837866,30.301857709304063
193.21808202056877,156.69765789731778,27.74607904837866,30.301857709304063
193.21808202056877,156.69765789731778,27.74607904837866,30.301857709304063
193.21808202056877,156.69765789731778,27.74607904837866,30.301857709304063
193.21808202056877,156.69765789731778,27.74607904837866,30.301857709304063
193.21808202056877,156.69765789731778,27.74607904837866,30.301857709304063
193.21808202056877,156.69765789731778,27.74607904837866,30.301857709304063
193.21808202056877,156.69765789731778,27.74607904837866,30.301857709304063
193.21808202056877,156.69765789731778,27.74607904837866,30.301857709304063
193.21808202056877,156.69765789731778,27.74607904837866,30.301857709304063
193.21808202056877,156.69765789731778,27.74607904837866,30.301857709304063
193.21808202056877,156.69765789731778,27.74607904837866,30.301857709304063
193.21808202056877,156.69765789731778,27.74607904837866,30.301857709304063
193.21808202056877,156.69765789731778,27.74607904837866,30.301857709304063
193.21808202056877,156.69765789731778,27.74607904837866,30.301857709304063
193.21808202056877,156.69765789731778,27.74607904837866,30.301857709304063
193.21808202056877,156.69765789731778,27.74607904837866,30.301857709304063
193.21808202056877,156.69765789731778,27.74607904837866,30.301857709304063
193.21808202056877,156.69765789731778,27.74607904837866,30.301857709304063
193.21808202056877,156.69765789731778,27.74607904837866,30.301857709304063
193.21808202056877,156.69765789731778,27.74607904837866,30.301857709304063
193.21808202056877,156.69765789731778,27.74607904837866,30.301857709304063
169.8150507100044,137.02669092848998,27.02048952296147,30.998056119113066
170.11676177674704,135.81729063393365,26.417067389476205,31.590574835405924
179.20636699961287,142.32553836084983,29.665166087359964,34.48653188304666
170.22387716213228,140.849728056168,28.537563894418497,36.039667081000566
174.6667687782458,139.62001702606784,30.908769397041947,37.52412442214985
174.6667687782458,139.62001702606784,30.908769397041947,37.52412442214985
174.6667687782458,139.62001702606784,30.908769397041947,37.52412442214985
174.6667687782458,139.62001702606784,30.908769397041947,37.52412442214985
170.33470903632048,145.2942621959843,31.127738827551898,37.52695994272897
170.66174498196418,134.08700605136184,30.473666936264497,38.34144064518927
171.48174685031694,134.2952926036983,29.91559348632926,39.00679782728664
168.65657215845815,133.59492710766295,34.33305346238012,44.06237852677408
172.4214978536145,136.75503841599283,33.258383719345936,45.69755928734965
168.6879575092231,133.04992607497647,35.89213112835346,47.78168291220449
171.00957905975238,135.16672523297086,34.263850131652546,49.32790680845606
170.83387355962313,134.94374494884522,33.3042102819,49.773867376707365
170.47510219169706,134.87664175554116,32.71987985682743,49.9080737633155
170.14588203798647,135.14259258753563,32.0841500194951,50.67034224408006
169.70678816209977,137.69516274075397,31.667360723659286,50.745110128080256
168.86379778368362,135.48943149666277,30.77511885356467,51.2892386758723
168.39774269060578,134.21973615975094,36.22432906971005,59.531113457753385
164.74382037069324,131.93142739964532,33.95537116745968,61.201753348833904
165.65656582714453,130.6630422655058,32.129880254557136,62.25542295369435
166.60718557862032,130.58926679510458,30.22864075160556,63.87030668040971
167.60804288672526,130.29001792395758,28.226926135395654,65.92680949132813
167.71848749505637,130.09662730675018,26.55332000986525,67.7663076346111
167.87321704698337,126.86554321203181,24.794394722997943,69.88007727500785
167.6785521516647,123.07646281965036,23.735669600780827,70.21796349549842
164.7196659164953,125.83155323883776,23.919035867096618,67.57498575913512
164.80080140875964,126.65037163817286,23.75676488256793,65.93734896046492
165.52910506361778,125.00764730586292,25.6986782794908,78.23131061091075
164.13001922008303,124.79025363230727,24.36657394260542,78.83124634723771
164.37533367821572,127.69663366046606,23.875945026340045,77.72115832499979
164.5229036090588,128.63720275362496,23.580805164653917,75.84002013868202
165.0380024635256,125.81740108474987,22.550607455720293,75.43705831917148
164.7952097500635,126.75904772363072,21.550331396227342,75.03962652782694
164.48470575505823,127.32721025646504,20.70970963328596,75.36493121511023
164.10819475821378,128.91625068011035,20.012241466067056,73.6373405287274
162.86096022403254,127.8653339204435,19.680593636964065,71.49999870186292
162.12993533719535,129.90637477784878,19.765920653963015,68.79463974372781
161.4620633706298,130.22579159627898,19.761506270888585,66.8156477906619
162.12554212253315,129.47200780353836,21.21814458281864,77.86562065350103
155.45204159795458,123.33173327382457,21.99560113691325,73.45817501335942
155.38050351892386,125.53136672511508,22.138677294974677,70.50647040851482
155.35284844991037,127.06311117403803,22.193987433001695,68.8513753040196
155.5519698632413,127.9231358434127,21.795744606339774,68.51724490593996
150.66155496340892,129.5427645379848,23.333482296963286,65.27798751679573
154.48298404782156,130.6858606313646,22.469670268242098,65.70341378607783
153.97044910268204,131.6365576870428,22.148564048601482,65.14819578464105
151.98632715342097,128.98696069400302,22.119588386626305,63.78535716989182
151.79623377372383,130.6286449062646,21.187325225604667,64.43933850661658
151.52830866360205,128.95268437883877,20.4184397382863,65.18178814634445
150.6154610020721,126.29347014790625,20.94299502852318,63.994516444094415
150.43759094858748,128.76110114741422,21.29873513549239,61.64711605175659
150.88227505003132,130.3944191339985,20.409366932604712,62.18150641458928
151.06262172466256,133.16470343914068,20.048673583342243,61.67440854459235
151.3134062833067,133.92695242908815,19.547104466053945,61.39445216677382
151.47640036344384,134.2951777742134,19.221116305779667,60.65800147652329
151.55323387594999,136.49932463062322,19.06744928076737,58.67948554066179
151.43544448693694,137.4144331133821,19.303028058793462,56.84926857514403
151.08181393365803,136.3976119126794,21.10033336933222,64.53587413302583
150.31313984305282,132.68051941784967,20.546657522951126,64.27009911329239
150.43617117439206,134.68823430076486,20.300594860272668,62.83579954868608
150.7655411933836,133.3485117814763,19.64185482228957,62.98390360116545
151.3988417381596,135.53421478115644,19.630894625746006,61.123779387822076
152.13928309519778,133.05616001363543,19.379054971118137,59.934673625621606
152.26312824785052,136.11861944629118,19.131364665812676,58.63984951456501
152.34992066353385,138.46558565233053,18.957779834446015,57.49964403713352
152.09380639904248,136.5879229060089,21.234748133399844,65.5311975731837
152.24911229547092,132.88766513492826,20.140918075102604,66.43763047295742
152.5002236583706,133.70549045953203,19.638695349303255,66.11578465069809
153.40032242944903,131.7363616143457,19.138430881782877,66.15424311716126
153.44994481444516,133.36813356596423,19.03918611179064,65.47303423790115
153.6424664245139,130.60989054860255,18.654142891653116,65.8707404930932
153.63830185351026,127.47493795555602,18.662472033660407,65.75001759255126
154.28584393926184,129.02496334560868,18.64396560480222,65.20312229773573
153.76282858112236,144.28136127463603,19.68999632108112,62.59761280175998
153.943340732648,146.69925504342132,20.580022513647616,60.263926255424906
154.3871757741599,146.27500152732028,20.926544155638148,58.64404983759833
154.02253014030418,150.4190627603999,21.65583542334963,56.442814974529995
153.66198724362167,153.2725677638218,22.376921216714663,54.33283570652753
154.21122669061174,150.54265671821702,23.963352484073834,63.08109623476715
153.2833375835868,141.01818158010093,23.444384055557812,62.5215145872577
153.52947527478224,139.38303350599406,22.952108673166954,61.836720864839954
153.56940033541443,142.6181466842911,22.87225855190256,60.565212320418254
154.4515859737812,131.76440463827657,22.38790504724755,60.5123942871123
154.60774380676452,132.6660247405718,22.075589381280878,59.979688482898254
154.66090601899356,130.3852282211688,21.969264956822833,59.51220209045015
154.16873740248093,131.67255551134969,21.70494500894745,59.434861871889694
153.64945532633917,130.5971415949477,21.50073286326441,59.10013710876062
154.15942465430618,130.4002996738888,24.570906891944748,65.78496395589822
152.98230626232157,127.75144740033227,23.10476185157912,67.33429201530565
153.58205909842712,128.52665166611297,21.905256179368024,68.54588522342162
153.93303215443962,128.97965544795517,21.203310067342983,69.01614857141672
153.45912272646675,126.91743059884129,20.781137629526192,69.0306243883568
153.70688935937778,127.58614659914336,20.285604363704117,69.05556999761225
153.8359657388496,127.83992946108015,20.027451604760486,68.54800427373868
153.26074986798037,126.79658227578474,19.836334952732948,67.95160185679741
152.76931760952672,125.268237391216,19.489637262852685,68.34916721235973
152.17434440855072,125.5358591999626,19.350871361342758,67.81392359486655
152.34326241252398,125.7131846101031,19.013035353396234,67.45927277458553
152.3851939115974,126.87031655128266,18.929172355249392,66.45225682771411
152.48907851640024,141.70072087561385,18.721403145643713,65.20380700038024
151.90123080501908,146.32686011006768,19.897098568406005,62.30136811316942
152.02913170064397,137.44619123710726,20.942767259020624,72.35510931366139
149.29270184289734,125.51126209683652,21.515442746369935,70.69360485513826
147.20686633523093,126.9919218459043,22.888057110347784,67.73228535700271
147.82559130828673,142.59549701030647,24.416043151612417,64.1794949019608
148.91323735092243,141.95986073423464,23.600371421169264,62.731526744448026
148.11070313790054,139.17824654988047,25.764828549466504,71.73879934009172
149.00136273160723,129.98894218516955,24.41465514645645,69.57828081501773
149.76104857737784,126.04995452864789,22.895283454915226,68.83515576468184
150.20764982739817,124.6169097687144,22.002080954874536,67.50559316469835
150.7094912645569,126.40401399116215,20.998398080557067,66.6579291148134
151.03581341583646,128.66141578926798,20.345753777997977,64.80867391360057
151.16824575363694,131.44985342668062,20.080889102397013,61.82081309119131
150.58062219138353,132.7565394591678,20.008922603980118,59.20744102621692
150.051914174126,134.29088373821895,19.85762194477681,57.34746916183305
150.58679349020935,131.23049536318885,22.319155581468774,66.57326575253693
148.55883590320175,133.8106512483305,21.451626016376842,65.66214943541596
149.92521154074083,132.3044977340279,22.61003261013267,68.07678700861986
149.92521154074083,132.3044977340279,22.61003261013267,68.07678700861986
147.85283798177872,128.75543920251386,21.749069056284892,67.04601740477918
149.138688310444,131.23841459572432,23.010840776963427,69.97435383823698
147.63927161511455,123.99084153901632,22.31244807403907,69.0338695078021
148.76426757892762,122.97262560928833,21.453144374164843,68.28892491175438
148.96819002712752,122.20271256447258,21.045299477765024,67.1001589882433
149.1056137638309,121.45566197038875,20.77045200435827,65.91443577631463
148.56722655723715,122.42462145962354,23.40853196369504,74.41254849405365
147.60823418788135,122.50366669790807,23.00675227357195,72.82911707786833
147.77075253449797,123.34889435561223,22.68171558033875,71.13866176246002
147.88612588306304,121.52877037815824,24.63630097114696,78.38320809814714
147.88612588306304,121.52877037815824,24.63630097114696,78.38320809814714
148.17057039549815,118.43555779623078,24.758344776284208,76.80192795497848
147.86483519342596,119.79011546422907,25.81942089977302,81.56474834105835
147.86483519342596,119.79011546422907,25.81942089977302,81.56474834105835
148.12264304752827,115.17074984906007,26.01138469450388,79.45422563918933
147.85801620068793,117.38116213111208,27.211218807179762,84.95155307235409
147.53214982236167,115.90932881493359,26.87317235751986,82.89025345390667
147.65703051419564,115.9570319347309,28.574567829515683,88.75350004894483
147.65703051419564,115.9570319347309,28.574567829515683,88.75350004894483
147.65703051419564,115.9570319347309,28.574567829515683,88.75350004894483
147.65703051419564,115.9570319347309,28.574567829515683,88.75350004894483
147.65703051419564,115.9570319347309,28.574567829515683,88.75350004894483
147.65703051419564,115.9570319347309,28.574567829515683,88.75350004894483
147.65703051419564,115.9570319347309,28.574567829515683,88.75350004894483
147.65703051419564,115.9570319347309,28.574567829515683,88.75350004894483
147.65703051419564,115.9570319347309,28.574567829515683,88.75350004894483
147.65703051419564,115.9570319347309,28.574567829515683,88.75350004894483
147.65703051419564,115.9570319347309,28.574567829515683,88.75350004894483
147.65703051419564,115.9570319347309,28.574567829515683,88.75350004894483
147.65703051419564,115.9570319347309,28.574567829515683,88.75350004894483
147.65703051419564,115.9570319347309,28.574567829515683,88.75350004894483
147.65703051419564,115.9570319347309,28.574567829515683,88.75350004894483
152.63140712516955,120.77404358814417,26.50945272791243,88.18300492770221
154.23922274896674,122.9531378960299,25.033494558074803,87.30416246744423
154.71472267498916,122.56718959782881,24.082494706029962,86.37626785913109
152.9862119750161,119.7940486614615,28.732446862473576,98.16272898526064
152.9862119750161,119.7940486614615,28.732446862473576,98.16272898526064
154.8381861433896,119.42738406309242,27.947482354398552,94.93456360210635
155.02034954450468,120.61418814620728,27.58315555216843,90.699075858134
156.61630944257553,120.53345981388443,26.18642717679042,89.06534110201603
157.98115404968428,121.30311960061039,25.202890789832505,87.52602152856412
159.32559559601702,122.50474314323384,24.220091933501607,86.82885867965177
161.5000452975999,123.05528751682067,23.226950611012562,85.72776993247811
162.52260719982493,123.71488316190741,22.825557950588625,84.40857864230463
166.75730460317394,124.35034463880501,22.444215880498398,83.13765568850943
166.85574977949125,125.0679219053898,22.24732552786376,81.70250115533986
168.52188448974127,125.81558382487633,22.05232912374059,80.2071773163668
169.49495460640338,125.6918734827714,21.65009927107721,78.91068761991579
173.471456122414,121.45341599518757,21.287573137613492,78.27903031681447
173.32069322063094,124.79272121600945,21.589098941179618,76.10759116531752
176.75610804132708,119.73460099942197,23.58284117140688,72.92697379106315
175.93338707005242,123.10040992754377,24.073628410780582,82.75668932255942
178.87889266599427,125.88626034849159,25.502949843784783,80.30755055555733
179.60268630702103,128.6956641392439,27.274281144951274,77.90766155727272
181.10668618181293,130.07875658347982,29.08941669458877,75.14147666880086
181.56346240731128,127.58602011317782,29.515556348708643,83.35269248302997
185.07801487546095,126.19229047908334,29.918457528261314,81.33229873847233
185.3517058715913,125.75572172096284,29.371075536000653,78.79630422921743
185.93150448493188,123.84668571751502,28.21147830931951,77.63926380266714
186.80640457859272,123.36688512805863,26.4616781219978,78.59886498157991
189.8361790955848,123.26093474357646,25.21039576678287,78.81076575054425
193.23149528138245,124.55136727783761,24.751068143342493,77.81272686906067
195.56266442271922,126.6269694226161,24.76934112782281,76.78193009093962
196.0144809822533,123.67102177406474,25.411610802055453,74.96431142153834
197.48408128573402,124.07249641548566,25.53603310487196,74.1613621386965
199.02945709897983,124.81076875310579,25.490555815797634,74.20745463216488
202.11793227051277,121.92929732978234,25.403468163823298,72.35806911494738
204.85212752222418,123.029680058828,24.418573225493777,73.14630070025163
208.65759685005702,124.17950065152937,24.24651974404671,72.33443654969263
213.74900119926994,122.15056206282225,24.375229254200057,70.50001760791872
216.83455706375452,123.52149939356104,25.450538942835394,67.75814294644113
218.39625170427664,123.94422055284332,26.615803748482165,65.48314926564626
217.98901666346595,125.02900984697628,27.43027383010353,63.31357067738034
218.4767192648688,123.94174368774418,27.85569498393653,61.28562392592859
220.94613611726845,123.89872997678088,29.805039741246677,69.7236503221107
219.7887444811626,129.99695604773572,29.166170426487973,67.50859806846091
220.9775221608997,130.30557465015087,28.280816916138036,66.89136086363062
222.95361473979685,128.06692700714711,31.486578920927457,71.09741519095564
226.91774898116878,122.75288892682342,29.948629976582488,71.50959784351286
229.0172346425773,126.90554638712825,28.877448208416006,71.02375680952964
234.11168571731903,125.63644558558109,27.91563239286883,70.48626296797855
236.0596314533759,124.0441034598636,27.0456371068299,70.64505103333869
236.85950587139425,123.90386584917538,26.945531175824367,69.42588334968397
241.35622084038164,121.89932177822371,26.83414401963262,68.99395010069577
240.96758240652943,122.17250679035448,27.611420887337022,66.9754413807273
242.7059157755343,123.36126055059654,28.50560991843377,64.59793386024317
245.15820945376362,125.1799197752701,29.35458897136438,62.399007013243356
246.58452304515168,127.32971186422049,29.344599513391042,60.94206056014537
249.71111207904474,128.0337027955656,28.691021477762824,60.93397870549458
252.49957286228093,127.48028591284735,27.279287448440797,62.040812470931115
253.34584989569777,127.28568585536087,25.586733381607125,63.809740517288944
257.6129195670675,126.91875747884043,23.928949936108737,65.918868449778
258.0492266162693,127.98699077431738,23.056335837705067,66.53391100089074
258.38980857764915,132.46237932511178,22.375171914945447,65.79536840480867
259.64008525205435,131.78158928456457,21.220381228770368,65.81118582326764
260.86529125405855,130.4134769047389,20.09480916527791,65.8977307018872
263.52063620362026,129.57051532484394,18.70003631909568,66.27834817736337
264.4063075632986,126.29994465252177,18.213428191105724,65.11108197380744
264.3203863280243,124.60739371251447,18.385270661654296,63.459520599826476
264.0621779738691,123.99065805217442,18.90168736996479,60.97579490569305
264.1415006095104,126.037217109451,18.743042098682217,59.30968389616561
266.0252515956907,125.7944843646995,19.361503255724237,68.62101278492912
265.0443340852664,122.31590560849489,19.40463074672624,66.11758185967699
266.2356225546683,124.15570298191277,19.715396312990528,69.9325141381663
265.09135940596394,125.76848483141464,20.050144597400134,66.55307216031231
265.1365148825181,125.60706027713296,19.959833644291848,64.24840828132002
266.6818188223559,126.4577171437693,19.428105670886012,62.54709454804734
266.70137857371896,124.85489831772603,21.071443397578424,70.6446767030873
266.20563035342224,125.1070994069192,19.974778780754125,70.09246535420951
266.81638285968,128.0806487544563,18.75327376823865,70.95726084554445
267.2209844184673,130.5173050392168,17.944070650663974,70.13887506872729
267.21452258464296,135.0586935124754,17.956994318312677,67.68035502345874
266.9232801341661,139.8865157584044,18.53947921926643,64.47739435143176
266.2697797328368,140.56791956218123,18.59016327383272,61.85826999578586
267.18467529863403,137.88699322941233,20.3896071773401,73.12071526089194
259.13395435141774,127.65363182889584,21.754742762345565,69.38695491119795
257.1403630344595,125.38970121836525,22.97105898221425,66.98765009713946
257.13375417662246,123.33067285735524,22.9842766978883,65.61121731549872
259.1087849039976,129.09798555606343,24.389454022997217,73.85785936760897
258.30719406057847,124.1554929997944,23.57566278863761,73.42886082094554
258.78936898371177,127.04724302733658,22.61131294237098,73.55069779624824
259.1464008890006,126.06930081924787,21.897249131793416,72.58602460818821
257.4022165597728,125.72342523750338,25.63791070008646,80.02279224171264
257.4022165597728,125.72342523750338,25.63791070008646,80.02279224171264
257.4022165597728,125.72342523750338,25.63791070008646,80.02279224171264
258.6047104386036,118.43759642150576,23.908030381530516,78.6247600244915
259.0884382070468,118.91197011502335,22.940574844644008,76.11986383258008
260.2141858757677,122.71597438623203,22.19183794523703,73.02013060426707
260.71941853612435,120.72198500267814,21.181372624523775,71.22810891994062
261.10034010103703,122.49605121635602,20.41952949469839,69.08087373001507
262.20211406759466,125.36757730380997,19.572356193196093,67.40694544994611
262.59302165251825,123.10676846265875,18.79054102334894,66.66076324562027
262.0484325102882,123.30019946715709,18.587897249538205,64.98207917835278
262.0568216440628,122.36023330453948,21.24242666908358,74.47220218870105
259.68177666534604,119.94779955898261,20.99166764687831,71.91694153498855
260.39179377159667,124.42212770960701,20.978741311313406,68.59671674148504
260.3969742030597,121.62278551949738,20.968380448387386,66.03603289677963
262.4715816148069,122.63927982858814,19.465958527883657,66.64983718158881
265.5034161747098,125.99575828149467,19.923643501121433,63.84969273160183
265.4873582786236,127.57606410027856,19.955759293293756,61.96219986310633
264.28005320385205,125.3211691389962,21.933916751409317,70.49511025997954
264.28005320385205,125.3211691389962,21.933916751409317,70.49511025997954
264.28005320385205,125.3211691389962,21.933916751409317,70.49511025997954
266.8579029258019,121.49405192942379,23.031310271114528,66.94998058477661
265.6331621071932,124.53826584233298,22.732425111819182,64.9841029537274
264.9695049899368,125.00886511490691,21.37833682157129,65.38360567095987
263.0917186786556,120.72482226950723,19.847252819055104,66.02170642414119
263.63477876266165,120.61291522822995,18.761132651043017,66.24552050669575
263.14226535634975,122.2102987070133,18.46074581308472,65.62158085029323
264.32672843977736,122.12353679402743,21.742729592383448,72.49559828866893
264.32672843977736,122.12353679402743,21.742729592383448,72.49559828866893
264.32672843977736,122.12353679402743,21.742729592383448,72.49559828866893
264.32672843977736,122.12353679402743,21.742729592383448,72.49559828866893
264.32672843977736,122.12353679402743,21.742729592383448,72.49559828866893
264.32672843977736,122.12353679402743,21.742729592383448,72.49559828866893
264.32672843977736,122.12353679402743,21.742729592383448,72.49559828866893
264.32672843977736,122.12353679402743,21.742729592383448,72.49559828866893
264.32672843977736,122.12353679402743,21.742729592383448,72.49559828866893
257.7074189204011,120.2538680105817,22.82191498907764,69.05068737650309
261.81973101157445,122.60040482026798,21.598659200084764,68.55843479314281
262.2691962500546,125.37950352973509,20.69972872312442,68.4834464810825
262.57069580183077,127.65065032608678,20.096729619572056,68.00052258434813
262.93248240274175,129.75471942604528,19.373156417750103,67.79767855920772
263.010449594493,127.51823627357638,19.21722203424753,66.99563410388474
262.8976787621866,126.6379647134116,19.44276369886038,64.84261992868907
262.4585288278393,125.99043704596245,20.321063567555065,62.30282256625796
262.4352054359821,127.51071529749629,21.867764430092972,72.40923921390707
260.02418973038135,127.95736070420371,23.092373689326337,68.63129722084656
258.87050259329567,131.23056089885193,24.000494518612904,64.88340372131972
260.43802611852504,129.47862334463025,24.57051408915143,72.83969512742716
252.98622093195956,129.15194365701623,25.14969198731238,69.2470855029574
252.29854111381434,126.93559145674374,25.079608228506828,65.00712953292607
252.06153325973858,128.4775971076678,24.170209018497157,61.92311823107795
253.07261033104507,129.10536637150338,27.517078238844036,71.66414734394861
244.9009609471696,126.38975364212115,27.428838275719187,69.99352036322266
244.47077927446117,126.76664803368524,26.792046783546287,69.23973158009447
244.96129397201952,125.21470238173977,25.811017388429608,69.3937931999578
245.57396172392407,124.92931829025193,24.585681884620524,69.96456138293347
246.05127469066846,125.45841332937893,23.631055951131714,70.35184311678157
246.5369539837163,122.40925198969204,22.65969736503604,70.7157792895346
246.76922651955934,123.52603517516297,22.195152293349956,69.90317350723627
246.8018306766475,125.2207571141569,22.12994397917359,69.31547886686526
245.91759381336985,125.98100901804412,22.507085880031397,67.79497505909082
247.6589282157228,126.95359389523736,23.15434924466667,65.84980530470432
243.90599428119808,127.58525934685602,23.856587229912314,64.586474401467
238.33594771687135,125.46611567470671,22.798277300651087,66.11400551067344
236.30084065494873,124.4893189321871,22.794436455284274,65.35156234957128
236.0786320476329,125.23732618518203,23.238853669915898,63.85554784358144
237.6297430286177,125.41758515775436,25.251609245591183,71.70744907328923
231.09763894287437,123.34375966740126,25.43624617772201,70.23140781104009
259.6303397195563,125.61337371520855,24.02969112001236,70.0862991756087
264.2354763548188,125.26074360314806,23.441959184274097,67.91737895480077
265.1459831873686,126.92469832825296,23.01640354427765,65.98492752969412
269.48937593124475,128.82812407879868,22.490500864770688,64.8983702980178
270.1043194493641,128.77098663451326,22.59569103149103,63.677567983629544
271.2565571500421,131.46708262494204,22.930342348777167,62.24406608073532
271.90428941792544,131.20112742405416,22.939998014231907,61.47085628128953
272.47113717541816,129.22424025611252,23.10052202068868,60.247752531403926
273.1140790364347,130.2581886024317,23.09420396128938,59.45942150139937
244.92735435170366,116.92085200373518,26.20612732962505,55.69893698386302
242.68152879811646,118.12269440951349,29.42901248929683,52.02648622480381
240.4715814251637,119.12845807461964,32.57854399659589,48.74459565598507
237.72057127301295,119.8413488769363,35.53188900066983,46.04447640123797
236.43967316333664,120.91048742761431,38.09368522002244,43.906199299881926
235.34670591506807,121.77578409714968,40.27961971655958,42.17560596081119
233.97394281660846,122.33873003296495,41.726724245324256,41.04971408918068
232.14930155430272,123.38926051530062,42.768896653649236,40.25220818265253
229.8091623432869,122.97175427909607,43.527368714555564,39.779951868019864
230.24733439993906,123.20995699916635,43.962619036528196,39.3035464278793
233.13656707463812,123.44283052427797,44.73797828427197,38.837799377656076
232.68417184382045,124.37013698904578,45.64276874590727,38.298520223647095
231.23759731551408,124.34096888772754,45.894628684282644,38.356856426283564
230.46072848581198,124.29289705078459,46.12289949860393,38.453000100169476
229.69148291681603,124.33543337061636,46.33085661704936,38.36792746050593
229.64784046182422,124.34157984941815,46.41814152703294,38.35563450290234
230.28549367889295,124.29256795276014,46.47634489663731,38.453658296218386
229.60536560169498,124.21325635833762,46.5006133331225,38.612281485063434
227.82161716904906,123.21214325626536,46.051348375619156,39.275587081609565
225.3193293632105,123.9421725891113,45.685237276661404,39.15820009357646
225.0390223870455,124.5971745870643,44.91072291069649,39.183324415965316
229.7479278145237,124.65270095767346,44.75774537115765,39.07227167474702
229.8548236263925,123.15449855892143,44.543953747420076,39.429879510227245
231.1939202193896,123.07769587533144,44.50937923300677,39.5834848774072
231.994698922871,122.40076065325171,44.23155077810274,39.61362636950789
230.232720634674,121.49858079330437,43.79582017876878,40.098090364159916
230.4120631456355,121.4100110892114,43.4371351568458,40.27522977234588
229.93303747348182,121.32766825023299,43.077116658158936,40.439915450302706
229.51831208086938,121.09444827293433,42.59150252747078,40.90635540490002
229.777989650252,120.26904457349536,42.07214738870552,41.242302856754236
229.22981220078157,120.97761839783831,41.85647997202412,41.13717752369057
229.3015107200284,120.27499316121349,41.713082933530494,41.2354535367568
229.45130393126385,120.29773694987146,41.41349651105956,41.189965959440855
229.30380882025236,121.09900655861195,41.70848673308255,40.88826747990268
227.24611526119793,121.92929046970777,41.921713092073404,40.52841991075039
228.57487026929655,120.74084409340847,45.83146143718838,45.66416965697809
228.57487026929655,120.74084409340847,45.83146143718838,45.66416965697809
227.11098369870507,118.18376802958386,45.65825351765093,44.81216823241233
227.47224927611597,118.42607597508234,44.935722362829125,44.32755234141534
228.43300005081693,118.58939885455368,44.419933518206456,44.000906582472695
228.68089090390987,118.65342148883262,43.9241518120206,43.87286131391479
229.42074696525782,118.77981096084079,43.82706975830868,43.62008236989846
229.5868704930009,118.98518557140619,43.49482270282252,43.209333148767655
229.711778828648,119.20680687830131,43.24500603152833,42.76609053497743
230.14579872991268,119.53710498119034,43.731466437450855,42.105494329199345
229.90656281522863,119.71432673584782,44.209938266819,41.7510508198844
229.055067477636,120.00274395392485,44.55935104164384,41.17421638373035
229.71299113192163,119.48621213545624,49.15375394887292,46.64420965529696
229.71299113192163,119.48621213545624,49.15375394887292,46.64420965529696
226.81460983275673,117.30066262997002,48.570923881551714,46.39290951123995
226.81463184037463,118.30749997152085,48.57087986631592,45.874629931106774
227.5898730741883,117.80192845868746,48.50757673206994,45.39859362339222
227.81527362365614,117.99027102447577,48.056775633134265,45.021908491815594
231.02675006171017,118.15557692428723,47.49626774431641,44.69129669219268
233.80454972653752,118.443480549628,47.74708703124962,44.11548944151112
232.7628981594503,119.45297305480156,48.3840180590627,43.54287653752539
230.56282917435686,120.42616580482427,48.44265899912384,43.04365671418853
231.79371744791894,120.67067135771319,48.86108653821961,42.55464560841068
229.84870173468443,120.82297575616542,48.434834485601286,42.25003681150622
230.69464984015892,121.7141350837075,48.170215909256385,41.89499579102613
229.07379428871724,120.94735818784461,47.15946043718198,42.01106072443266
230.0748779632049,120.99975025276295,46.56096800240907,41.906276594596
230.37848653728207,121.41843970932158,52.87800557090727,46.34594030569005
229.41506012183953,119.28120861912139,52.6881659023303,46.02756155489592
228.76534157061582,118.543704115125,52.43390953315361,45.9488770912646
229.55893717784272,118.73085168403199,52.395211836999096,45.574581953450604
230.3671687405302,118.81378164988034,52.32064508175719,45.408722021753896
229.62830307644006,118.82275435706387,52.26029385641958,45.39077660738684
231.67579919099813,118.99468236945427,52.77588328191244,45.04692058260606
229.31097489876123,118.94343995614352,52.887589769083206,45.149405409227526
229.46181671485556,118.15767742230437,52.58590613689455,45.17824358968897
229.47267912689696,118.09095677965331,52.564181312811726,45.311684874991116
228.63683684608642,118.01887363748007,52.69557189260133,45.45585115933758
227.9651428856189,117.9339858431271,52.49431966469203,45.62562674804351
227.04295150910247,118.0173061468532,52.794453215612386,45.458986140591335
225.61662475151843,117.97933902965035,52.55466709292516,45.53492037499703
224.8433715664521,117.97643162123077,52.55744477577593,45.54073519183616
224.31029842586082,118.00802597776209,52.07972611201619,45.47754647877355
223.6459216627206,118.93081642742044,51.87302442009364,45.167420797659815
221.36309063294476,118.20028873195034,51.85683573963047,45.101192608595056
221.4918355281585,118.195363492986,51.599345949202984,45.11104308652372
217.66146839321314,119.0693601267754,51.64937461546805,44.88519093967006
216.32208822937278,118.26540245117614,51.28954276956076,44.973810204074574
213.75874712939344,118.60063658795345,51.870797741215675,44.30334193051996
215.40185335143303,118.57125883413903,57.14818290039316,49.59750965423834
204.91503649897157,111.95563864570403,57.33863773691732,49.51376738024823
203.27365403361583,110.21184919979044,57.258229327236485,49.63817293168309
201.96151513538524,109.11433737421484,56.51783053491209,50.15085828844148
201.6246357712098,109.74331148710242,55.51251566831766,50.571983657611696
201.95202929258014,111.468321717233,54.857728625576954,50.46230128630921
202.07502136413572,112.51370617432951,54.61174448246577,50.02975438098791
198.9825272005338,110.15256001740448,61.97457580980886,56.440381071708295
198.9825272005338,110.15256001740448,61.97457580980886,56.440381071708295
195.58724556391,107.30192028678019,60.759221193825006,56.54846961594074
196.47471392967657,108.64367156370459,64.17967181532266,59.20136956262211
208.4643474900991,114.80973701431267,61.03684005783608,60.4285670014121
199.5685939235203,110.35250949434082,65.94465994654334,62.8157686027457
199.5685939235203,110.35250949434082,65.94465994654334,62.8157686027457
199.5685939235203,110.35250949434082,65.94465994654334,62.8157686027457
199.5685939235203,110.35250949434082,65.94465994654334,62.8157686027457
199.5685939235203,110.35250949434082,65.94465994654334,62.8157686027457
199.5685939235203,110.35250949434082,65.94465994654334,62.8157686027457
198.74161454885504,104.4658245401152,63.09113591346431,64.30900521606863
198.643978802967,107.9718137453138,68.04313950799482,67.0241003872835
190.04158728590903,115.01503978148105,61.48868460973948,69.69292849611674
193.17971922091925,120.89600886104277,55.212420739719064,72.38488352152277
193.24593306188848,113.97069963295061,66.77459684030242,77.02659444854385
189.7277354321954,116.30748596368359,60.40425031762433,78.29863445552493
191.58742458634262,121.67266571223007,54.50512382978572,80.64676403569682
193.81030016934565,122.38325666398424,50.05937266377962,81.34398134295584
196.60557534410358,122.61268925992323,46.523452223342694,80.88511615107785
199.07691255154856,122.13608939631736,43.56888569224366,79.85020799449867
200.82657129990326,124.19672898748728,41.99206612496408,77.65142674158866
204.13034056594998,125.40047621151461,40.97385896625429,75.24393229353397
202.7546716498719,126.02610683746056,40.10479792339336,73.99267104164211
207.43190392564003,126.5324088692737,39.6347690648352,72.98006697801583
204.54176260942782,127.4270165870229,42.38948818998173,85.80563359266202
207.9284477458425,123.84019344947183,43.35335207034248,82.48635317375577
211.8065251212679,124.31682172750206,43.42769969486676,79.57547102385153
209.76523797096795,126.40527453367436,43.868904474499686,88.1487383709853
209.76523797096795,126.40527453367436,43.868904474499686,88.1487383709853
209.76523797096795,126.40527453367436,43.868904474499686,88.1487383709853
209.76523797096795,126.40527453367436,43.868904474499686,88.1487383709853
209.76523797096795,126.40527453367436,43.868904474499686,88.1487383709853
209.76523797096795,126.40527453367436,43.868904474499686,88.1487383709853
209.76523797096795,126.40527453367436,43.868904474499686,88.1487383709853
209.76523797096795,126.40527453367436,43.868904474499686,88.1487383709853
209.76523797096795,126.40527453367436,43.868904474499686,88.1487383709853
223.0007849218121,105.40184743528141,43.79404573589453,84.52780711851966
215.9184066802913,118.99181035903965,44.893144947273846,90.41715772977852
215.9184066802913,118.99181035903965,44.893144947273846,90.41715772977852
215.9184066802913,118.99181035903965,44.893144947273846,90.41715772977852
215.9184066802913,118.99181035903965,44.893144947273846,90.41715772977852
215.9184066802913,118.99181035903965,44.893144947273846,90.41715772977852
215.9184066802913,118.99181035903965,44.893144947273846,90.41715772977852
215.9184066802913,118.99181035903965,44.893144947273846,90.41715772977852
215.9184066802913,118.99181035903965,44.893144947273846,90.41715772977852
215.9184066802913,118.99181035903965,44.893144947273846,90.41715772977852
215.9184066802913,118.99181035903965,44.893144947273846,90.41715772977852
215.9184066802913,118.99181035903965,44.893144947273846,90.41715772977852
215.9184066802913,118.99181035903965,44.893144947273846,90.41715772977852
215.9184066802913,118.99181035903965,44.893144947273846,90.41715772977852
215.9184066802913,118.99181035903965,44.893144947273846,90.41715772977852
215.9184066802913,118.99181035903965,44.893144947273846,90.41715772977852
215.9184066802913,118.99181035903965,44.893144947273846,90.41715772977852
215.9184066802913,118.99181035903965,44.893144947273846,90.41715772977852
215.9184066802913,118.99181035903965,44.893144947273846,90.41715772977852
215.9184066802913,118.99181035903965,44.893144947273846,90.41715772977852
215.9184066802913,118.99181035903965,44.893144947273846,90.41715772977852
215.9184066802913,118.99181035903965,44.893144947273846,90.41715772977852
215.9184066802913,118.99181035903965,44.893144947273846,90.41715772977852
215.9184066802913,118.99181035903965,44.893144947273846,90.41715772977852
215.9184066802913,118.99181035903965,44.893144947273846,90.41715772977852
215.9184066802913,118.99181035903965,44.893144947273846,90.41715772977852
215.9184066802913,118.99181035903965,44.893144947273846,90.41715772977852
215.9184066802913,118.99181035903965,44.893144947273846,90.41715772977852
215.9184066802913,118.99181035903965,44.893144947273846,90.41715772977852
215.9184066802913,118.99181035903965,44.893144947273846,90.41715772977852
215.9184066802913,118.99181035903965,44.893144947273846,90.41715772977852
215.9184066802913,118.99181035903965,44.893144947273846,90.41715772977852
215.9184066802913,118.99181035903965,44.893144947273846,90.41715772977852
215.9184066802913,118.99181035903965,44.893144947273846,90.41715772977852
215.9184066802913,118.99181035903965,44.893144947273846,90.41715772977852
215.9184066802913,118.99181035903965,44.893144947273846,90.41715772977852
215.9184066802913,118.99181035903965,44.893144947273846,90.41715772977852
215.9184066802913,118.99181035903965,44.893144947273846,90.41715772977852
215.9184066802913,118.99181035903965,44.893144947273846,90.41715772977852
215.9184066802913,118.99181035903965,44.893144947273846,90.41715772977852
215.9184066802913,118.99181035903965,44.893144947273846,90.41715772977852
215.9184066802913,118.99181035903965,44.893144947273846,90.41715772977852
215.9184066802913,118.99181035903965,44.893144947273846,90.41715772977852
215.9184066802913,118.99181035903965,44.893144947273846,90.41715772977852
215.9184066802913,118.99181035903965,44.893144947273846,90.41715772977852
215.9184066802913,118.99181035903965,44.893144947273846,90.41715772977852
215.9184066802913,118.99181035903965,44.893144947273846,90.41715772977852
215.9184066802913,118.99181035903965,44.893144947273846,90.41715772977852
215.9184066802913,118.99181035903965,44.893144947273846,90.41715772977852
206.14239235554658,116.78030180826241,41.0917620188243,90.08092514786391
214.15026041310324,117.42687496091663,44.72930876087311,94.39264965146315
214.15026041310324,117.42687496091663,44.72930876087311,94.39264965146315
214.15026041310324,117.42687496091663,44.72930876087311,94.39264965146315
214.15026041310324,117.42687496091663,44.72930876087311,94.39264965146315
214.15026041310324,117.42687496091663,44.72930876087311,94.39264965146315
214.15026041310324,117.42687496091663,44.72930876087311,94.39264965146315
226.9632781955063,93.66481319341173,51.317803386498724,85.13680449013533
222.99649930595015,97.4660186876591,57.11903299281336,77.53439350164057
220.813223617306,100.54270333756577,61.48558437010166,71.38102420182723
219.3897964069142,102.65126169903476,64.33243879088525,67.16390747888927
217.23744103043816,104.15857863885077,66.56646096257091,64.14927359925723
217.33019222329506,106.36090700174768,68.43938609075178,61.803044387358106
215.85820627604366,107.02415473017489,69.33296183886436,60.476548930503704
212.67345701824627,107.46546204474367,69.57329694515367,59.593934301366104
210.87718385667625,107.60477864750389,69.10062057493441,59.31530109584568
214.9492468014775,108.04641395416357,69.03981326193019,58.432030482526336
211.9112251780797,108.27264317564433,69.09877999396207,57.979572039564786
215.80779061126958,108.62256849835425,69.3029202497772,57.27972139414496
211.22760290322785,108.37463566008911,68.5074050259264,57.77558707067524
215.360277318803,109.40798046944457,68.18970588191561,57.69580987374921
210.2276638605087,109.374698775859,68.55130122373068,57.76237326092036
214.4973225511339,109.35016382811854,67.96149134031712,57.81144315640128
211.70290811529668,108.51057499915366,67.61313112055237,57.511557783851316
207.91652860393367,108.17307263712064,67.31044401746155,58.18656250791737
214.26674035064013,108.14613292809346,66.46016826379045,58.24044192597172
210.23464414991452,108.19206298361792,66.67347148884616,58.14858181492282
206.30284988311553,108.12552695218885,66.67883925222961,58.28165387778094
212.45875509999007,108.13472357553215,66.16765290004591,58.263260631094354
209.79990244734182,108.37199866864492,73.41358508729796,64.51812992986957
199.72281127113342,103.13716177784684,73.26640689092017,64.25206835818763
205.88289906043119,106.39876909764173,76.05841732551562,67.13652625781718
198.75215425783858,102.43385342010058,76.02075444130239,66.15924439292797
197.91164529467014,101.38034354758008,75.46406410558234,66.02855587591199
199.85399472048292,102.95756518371009,81.48191899477872,71.87592810795445
199.85399472048292,102.95756518371009,81.48191899477872,71.87592810795445
199.85399472048292,102.95756518371009,81.48191899477872,71.87592810795445
199.85399472048292,102.95756518371009,81.48191899477872,71.87592810795445
199.85399472048292,102.95756518371009,81.48191899477872,71.87592810795445
199.85399472048292,102.95756518371009,81.48191899477872,71.87592810795445
199.85399472048292,102.95756518371009,81.48191899477872,71.87592810795445
199.85399472048292,102.95756518371009,81.48191899477872,71.87592810795445
199.85399472048292,102.95756518371009,81.48191899477872,71.87592810795445
199.85399472048292,102.95756518371009,81.48191899477872,71.87592810795445
199.85399472048292,102.95756518371009,81.48191899477872,71.87592810795445
199.85399472048292,102.95756518371009,81.48191899477872,71.87592810795445
199.85399472048292,102.95756518371009,81.48191899477872,71.87592810795445
184.93784338776084,98.93079563159282,81.51434165148049,70.39272801827974
186.0944145143041,99.40937108497194,81.59183332490286,69.4355771115215
187.43447790037627,99.72910983437863,81.28816408245262,68.7960996127081
188.93475582968483,100.04276408558582,80.64909227611983,68.16879111029374
190.35973702231317,100.34858858298063,80.14065739523032,67.55714211550412
185.54163538629024,98.65641043598876,91.60772314943988,77.68645779598131
130.03685149608634,72.84289346860822,86.98722125621605,78.99410301535947
79.52510088968182,92.02257380062416,86.09899211390837,77.21844042752335
78.33011831052266,93.0024621539826,85.91797994541214,75.25866372080645
79.82576845579365,92.18857347578484,85.46350644488615,74.34961428718599
79.81056839239349,93.1882029921321,85.49390657168648,72.35035525449146
81.47709305468703,93.6966004481046,84.64443828662142,71.33356034254646
83.02268608640912,94.1027338898827,84.00736156467794,70.52129345899027
83.43313730829098,94.65138715841653,83.18645912091421,69.42398692192263
83.5721508192162,95.17330900062086,82.90843209906375,68.38014323751396
83.70193940110138,98.11371635214444,82.6488549352934,67.25882712327311
83.54826244841256,98.93941205873004,82.95620884067105,65.6074357101019
82.62312774351452,100.71211313401272,82.47088475801706,64.3976270519866
87.61494970941054,102.35105772376954,81.72127182923131,63.42824562322453
88.17971326839832,102.6911168047284,80.59174471125576,62.74812746130684
89.65180734993103,102.78010572420052,79.90050057374208,62.57014962236257
91.35127952537107,102.55796019497404,78.74103487961361,63.014440680815525
91.69345862965986,101.87348166967533,78.05667667103602,62.15446520170674
93.48480715082928,102.29549566430919,76.67847591739348,61.310437212439
95.48945236326776,101.31016996837636,74.838867409616,61.11140668720519
95.90634611652516,107.42359711424854,74.00507990310122,59.57564678474961
100.61215095967984,108.24892671834266,72.99572220993866,57.924987576561364
98.42618810507686,107.19278280377826,73.25099675829628,57.97894982526602
97.57914770812674,108.20425235985672,72.88196581520938,58.019122450096226
97.4914416517334,108.90663354047547,73.05737792799609,56.61436008885876
97.8076710932433,109.21716836269346,72.42491904497625,55.99329044442277
101.5239075166047,111.12950641152179,71.04701919143255,56.20499634221885
104.07001935499,113.93208335035213,69.95591186292053,54.60095881281674
102.78313032362436,112.41643006041087,77.92166730404266,60.896714350658286
97.55668924668353,102.73123884436059,76.28857804284009,61.14027409765177
97.11166563204567,104.35428239588146,75.01768077913258,60.05513148759327
96.42170680063379,104.47712328781887,74.27373276419956,59.80944970371844
96.7375305945785,105.76747382423484,73.64208517631013,59.33722103687509
98.3320419459377,109.96308472548706,72.54419343973701,59.31052309895168
97.94859640724499,107.05715318159835,81.48052661978551,65.93782271376487
84.53036299244404,100.30675728002089,81.69578058100058,65.9492734070874
84.3472793577512,100.78539253750601,82.06194785038626,64.99200289211714
84.4851720176984,101.27995281305371,81.78616253049185,64.00288234102175
83.70496211590152,101.41826635526863,81.05496591339625,63.7262552565919
83.8712313812862,101.42346785865321,80.7224273826269,63.71585224982275
84.2752671636327,101.31682059171229,79.91435581793388,63.929146783704596
85.13697797777277,100.54867600814833,78.19093418965373,65.46543595083251
87.47694308250429,98.10453877721605,75.77108891358426,68.09362547930351
85.98547063231558,95.96098621999094,74.22447504312463,70.11595120833519
86.59882972177111,95.43815351027123,72.99775686421356,71.16161662777462
86.29012109087613,95.15951338719253,71.34499380906243,71.71889687393202
88.58195764399002,93.09668444056636,69.01429343561668,73.59158203440231
87.81363788282046,93.09871502990177,68.30546036958984,73.58752085573148
89.49439005461791,92.8262273563619,67.17810406646598,74.13249620281125
86.58290835842845,95.23786332052505,66.32699757571243,73.75860419657326
87.5539515320638,96.24270666616023,66.59020747766067,71.7489175053029
88.79099899553668,95.70715977330403,66.29430273418342,70.64182110754676
88.60910479950961,93.22624599490335,64.5018884593249,71.2912433305228
86.07294120963401,100.12221960890435,65.29860324297718,68.18832709276809
87.36643959434184,98.63252591734847,64.81363971005376,66.96364800289533
88.07313070016602,95.53095128113341,63.40025749840542,66.94130580253614
85.76754014925064,103.8661224766538,63.90657127462282,64.63799905114213
87.14652451363476,99.69042058821779,69.84708658872869,73.6395114841649
84.72976755692147,94.89471842756751,67.75881714651548,73.67387241665368
84.39998988854812,95.06499882998513,66.19157305881987,73.33331161181846
85.28953039788581,95.3379581673075,64.41249204014447,72.7873929371737
86.08446686761933,95.75228986548336,62.82261910067745,71.95872954082198
85.17949670646269,96.35447347793341,71.05173422344515,79.49821718623677
