234.9,192.7,6.6,13.8
235.4638507487207,191.541471919667,6.68582424205038,13.85218430952785
235.7543962197565,192.13829920998074,6.741678872677826,13.932420874298552
238.1238299864882,191.31905858697226,6.812040336448158,13.967825787904232
239.38006748516858,190.95962736753057,6.878403337664443,14.0419787271434
240.99884633205386,189.8029349546348,6.886748292067748,14.0832316992132
242.63637948849495,189.78612603216942,6.865061846708057,14.116849544143989
243.93143279626992,189.45829587054595,6.878576090719055,14.121604652500622
243.93250258949232,189.3226556619408,6.876436504274243,14.067128282868193
245.23789891090593,189.2883328640552,6.865033289389799,14.13577387863932
246.55557904886078,188.3586873383616,6.835501217935754,14.040693776684826
247.8737148014522,188.515408921992,6.789843421884142,14.0510773230654
249.35917928711018,187.39723401755847,6.72757929726297,14.02513225116982
250.67691748266571,187.8954028895651,6.66588892102051,13.993964262732263
251.51445825134948,187.2624388388551,6.591779640643435,13.979114558559921
252.33650713704554,187.11174228033428,6.541112078879544,13.961821633675891
253.79753338974425,186.16108672728697,6.477007895934625,13.957833858135514
254.13285014293015,185.84700486370198,6.439117728071399,13.953254246796892
255.10401627840162,186.02126541022992,6.390639156182614,13.920375436916759
256.22046803375156,185.87495753602238,6.357944237978734,13.898675672118111
255.46494209544804,185.716752735015,6.301859277677667,13.901657906751183
256.71288734888094,184.93865602098975,6.3058686409146425,13.895413915987461
258.1384133360654,184.32445864157904,6.267020610428944,13.873940255305229
257.69427887210315,183.39418904276653,6.220868709303348,13.865637794829848
257.5612795940575,183.3836611544875,6.1763245813388385,13.88669357138791
257.4287856722592,182.91739516802733,6.131247221699766,13.889029934601437
257.4420943101995,182.74905870670318,6.104629945819306,13.91639704618785
256.8367609746213,182.71712147162054,6.078362219771939,13.980271516353099
256.22716430533995,182.09225250352827,6.058772926779767,13.991226820982698
256.2254921963968,182.10783831433815,6.062117144666097,13.960055199362932
256.5253775083894,181.99582720663395,6.080579041004755,13.87496115460944
256.5380771675597,181.39803856804124,6.055179722664094,13.837701115003092
255.92394971595735,181.58629853097594,6.054547527861702,13.768402963635474
254.69951111004562,181.75398125859053,6.05377288827943,13.739243989831987
255.7734187719581,180.25378867931977,6.046349000368488,13.681927097067813
255.77104309109856,180.29068670135933,6.051100362087512,13.608131052988714
255.9137268474757,180.18743350040043,6.06955486732467,13.510815436915138
259.5407179738418,179.00597300563956,6.081195186725914,13.45186223572567
261.64866099530445,178.1089834653955,6.094466244939981,13.433345415725496
260.87974805009685,178.1252082635113,6.122059524734167,13.400895819493952
261.7590427222801,177.41553920486808,6.175822664634287,13.309940199891388
261.70667972213323,176.66152378499297,6.280548664928064,13.309586129664355
260.460768177392,177.71295175749933,6.344365481149698,13.331235673754925
259.2070646938016,177.71679969164904,6.412341254460557,13.323539805455486
260.40812032952596,177.5927008615615,6.4582302224484875,13.26573743570102
259.3179019950184,177.1308801692425,6.496991422283685,13.271517904976252
259.2894374463112,176.66417810710746,6.553920519698207,13.284788970589755
259.1120031539311,176.98007103160347,6.600896664179945,13.268788002154746
259.414000858241,176.18709548007263,6.613845680007239,13.312378044098361
259.24817406725043,176.32892886008122,6.636164944872071,13.338045601197393
259.0597844677421,176.82161216423444,6.702847734345217,13.282968221521642
259.0456107641798,176.38991678652332,6.731195141469782,13.215028983675419
258.1259849446084,176.72981601133665,6.710824564068594,13.155104606230136
259.20918788945494,176.54985001171622,6.705366219881475,13.206329813255815
260.44298208382986,175.4805700743072,6.712687098467019,13.179344079155433
260.92242655078473,175.46579766088752,6.681081310185796,13.208888905994808
260.4711051756334,175.45169527076138,6.656778736641182,13.237093686247078
260.4869409301719,175.28728983402533,6.6251072275641825,13.256929536738543
261.88911600562756,174.3807853614358,6.599216403760907,13.217632263845507
262.97048329684134,174.37792202610123,6.590342516570003,13.22335893451471
263.14545820049375,174.07370666733374,6.548017329235564,13.21654041210876
264.36612641407686,172.84702555519365,6.561015947209843,13.215567591248396
263.60313507672896,173.75208941933033,6.551984562264876,13.24745673454395
264.5489404439599,173.56602418283066,6.504251071506014,13.312274333592812
264.6963004950326,172.51193609018256,6.516963596530344,13.268422128701722
264.85535669947643,172.36769702116374,6.505863470275165,13.249887984106888
264.85826371309116,172.2109436066796,6.500049443045643,13.256846021423284
264.86742752316013,172.0235954127443,6.4817218229076925,13.324992770398346
264.8706136778509,171.40168826038231,6.475349513526249,13.339898092414767
265.7889723029589,171.415228712606,6.482637795967274,13.312817187967442
266.86665812063353,171.2267971805395,6.476723212866676,13.382614958922046
266.86155355030775,170.28794726019854,6.4869323535182035,13.412423230326432
266.8591626285515,170.28416997455912,6.491714197030724,13.419977801605299
267.0061708558015,170.1105197007165,6.506485788669496,13.458490303151864
268.0763450509792,169.62995401839606,6.5333873204401876,13.490800272595859
267.9144960717436,169.48887540436036,6.546538773534466,13.462410995290304
267.4599428882911,169.18331228004396,6.524563938324013,13.452816442512804
267.7758986344055,169.32723415446765,6.512329426254811,13.474811183745242
267.18336317463303,168.68463835315117,6.457612321609147,13.520214762187681
267.1895369682606,169.59966238830057,6.445264734354062,13.548111780693677
266.11130488014993,168.6851794268854,6.432784011983508,13.517982076159448
267.185846833638,168.8508404837377,6.448047468319955,13.495852442928104
267.51162983528275,167.92044329533087,6.414752675268189,13.501833189028142
266.1222078792785,167.91906961430104,6.41581118558476,13.504580551087841
266.13139349381817,167.90829062975945,6.3974399565054325,13.526138520171028
267.22336060069097,167.44898415809695,6.374372978077438,13.518665505502808
268.46123840991214,167.4463081776101,6.364090065595901,13.524017466476497
267.4029466963213,167.28069467503474,6.324094948295492,13.547161822415465
268.65162676195956,166.20834515177643,6.288506016932324,13.537811069007995
268.65521852897984,166.08004273029388,6.281322482891699,13.487452583901357
268.0611785106363,165.92521548204422,6.244983375061069,13.491002294271258
269.2969344398201,165.32985696155757,6.217640466921126,13.459634860130738
272.7919744480589,164.5762884768822,6.233048756446563,13.443839589046036
272.79582338627375,164.74939357535135,6.22535088001687,13.402255537062114
271.742438376605,165.0538585174378,6.204916161672738,13.401098435084023
271.74265648796535,164.02793751991618,6.20447993895193,13.328354837220186
272.6668734460559,163.89148405187436,6.170721730747117,13.298815821974415
272.5223671561556,163.88746326940756,6.1583084057449975,13.306857386908003
271.31725233026765,163.88851820064204,6.157931396450221,13.304747524439072
271.77473511380566,163.62186044088963,6.146831451164025,13.23548596275058
271.62150368633695,163.34703965963874,6.153207736395246,13.184954385840083
270.7171707411471,163.6759968178025,6.165098913200268,13.125964974037458
271.75357916372064,162.62897705079342,6.183959470362785,13.128327105745997
271.9007789653475,162.17862374491216,6.18873448232507,13.131509871860201
271.8756657906102,162.45388445228,6.2389608317997265,13.17959705676833
271.84990355945763,161.51332946028612,6.2904852941048865,13.255420532249728
270.9460454126666,162.10174417358218,6.280894123214148,13.290129415306186
271.9874209460845,161.04498173655935,6.320705964376705,13.281091381353384
273.04996610663136,160.8988353924363,6.322114104098238,13.269598575197351
273.0527395696706,160.31067569984523,6.316567178019664,13.231348223206446
272.30325435977124,160.624658319403,6.3005977431067715,13.209358925975565
272.1409173703615,160.80297750963712,6.322882589283897,13.155109678149678
271.09169999374024,160.9763870965292,6.307417877850332,13.110276142176431
271.09687690478023,160.83592133994173,6.297064055770324,13.090145357373435
270.519358799727,160.6978546711734,6.249746733740595,13.0656903118761
270.9963602195589,159.9458293737816,6.193968115966279,13.072700536843993
268.62314225299787,160.5419854463917,6.163787728377474,13.0745424718015
268.0508729383023,160.4075405016688,6.116170265640769,13.04539333821535
269.9974437914277,160.41533328247425,6.081211934440571,13.029807776604471
272.3780333338632,159.22734816846142,6.055166191869115,13.03821133348035
273.4156315314839,158.78371791393556,6.049260562198301,13.038632943001783
271.2064732844914,158.77916531683226,6.034839329320773,13.047738137208402
272.25502004677145,158.17930334809412,6.005518662437563,13.065877584583573
274.3196037449953,157.88212416537036,6.008407074174404,13.069942263147588
274.91875202588665,157.4473450833857,5.991136598967069,13.053730862185347
275.9339960896359,157.5828919974489,6.023677198791524,13.077355423676508
277.5736783853837,156.22911390393062,5.996260643588017,13.124226853746977
277.86586419683476,156.20974002512165,6.003555005991037,13.162974611364909
277.85053835987424,155.90494095988208,6.034206679912107,13.17952476197148
277.99461161952655,155.75081276379285,6.0433618010911685,13.190479513666261
277.1039795373477,155.4884335504446,6.038898362098276,13.119995405912565
277.09633963611066,154.62800460659668,6.054178164572332,13.061744001477146
277.2349946554183,154.6476388417816,6.072806274169595,13.022475531107343
276.34492299732386,154.67085370062856,6.078796238317004,12.976045813413407
276.18366765483233,154.68420755652951,6.1061861270487885,12.949338101611481
276.17147077329423,154.2620010860144,6.130579890124995,12.908121683357361
277.05395354860514,154.42331423329492,6.135820713899334,12.88052978452901
278.08922181984286,154.4203532790039,6.128347928501735,12.886451693111042
279.25912079521737,154.13406734583415,6.1459863847366805,12.86966445770453
280.4428982580505,153.4199381388511,6.136367390736461,12.824212914379363
279.2738272930601,153.26361991482977,6.12321724067962,12.842937852417325
279.2759232026205,152.9645331358671,6.119025421558807,12.853200143230138
277.3703398615715,153.69522833904534,6.10777265171144,12.86197106454493
277.36219238594475,153.28812991712672,6.1240676029649075,12.794275698248587
278.5390430634828,152.43509056517718,6.1164514498009535,12.740790500713647
276.3505968846907,152.44090806407482,6.1081277999722445,12.729155502918367
276.9549010347769,152.60472409222467,6.067651945401864,12.693556558019196
277.9769122663642,152.47792236695733,6.059293721356471,12.656350831535443
278.8441787798048,151.93820219871066,6.065486163788092,12.575307521820253
277.68482502222554,152.56104169334375,6.0718257631819545,12.485812490436398
277.6849209908836,152.1715054838611,6.071633825865928,12.401336870155824
277.68286362014567,152.78756211663935,6.075748567341698,12.315670539192821
277.7057684935135,152.5283251114963,6.029938820606092,12.263283173274187
278.0012901935459,151.86199510874513,6.00663615672111,12.176591338326862
277.73937667430084,151.8637024283752,5.966065807649544,12.173176699066742
279.03274009303357,151.8745155044324,5.9123453428533965,12.151550546952373
279.04109132231133,151.73377111443386,5.895642884297878,12.152842760638638
279.02856254041217,151.32267998198435,5.92070044809619,12.135249190543503
279.74412075496815,150.47421535645478,5.890101543178728,12.151557412569279
279.06215049037314,150.4467941651713,5.8549909948059895,12.206399795136248
276.6957095026861,150.4153125867326,5.82787041927148,12.269362952013656
272.49705121108997,151.22643082944697,5.81180232876687,12.329803401324265
269.28641042269936,151.20744743564376,5.769005290665825,12.367770188930692
264.78976624162607,152.03496264698353,5.775008373880812,12.397855756050816
259.7200627747374,152.1888373254058,5.784175901999993,12.371501938252337
254.65911025054018,153.3425728273445,5.783888366015113,12.313407064237028
249.34181620999232,153.50844505229026,5.766281884029506,12.26198352390025
243.6110724294113,154.52152063667177,5.777924207648132,12.190683981059303
238.17422325239454,154.2752037463089,5.7929077362685355,12.126460591251012
234.01223652152584,155.14414311195532,5.784285971047673,12.055100905349834
230.96249611036498,155.04968155134546,5.799401867586959,11.967461984488526
227.7987668512742,155.0806846464156,5.789310492879111,11.905455794348276
224.77886846402808,155.24159971505912,5.79088348141871,11.858090374604497
223.6951960366273,155.5370453021194,5.767827971703345,11.81479929161315
225.61653458548187,156.21665674707512,5.743892129828759,11.819412564499755
230.94702035699547,158.674664503692,5.707259772642291,11.80693821396183
229.06549099708948,158.54024875754078,5.667915933945966,11.804169523513648
226.76883281945118,159.64744887743856,5.656349367822334,11.756773011435849
224.74841590739194,159.3886697398267,5.647444883374085,11.73436617885069
220.58769625141065,159.3765556867267,5.6143645470453905,11.758594285050664
217.61973377795692,159.3859203024697,5.626165637552521,11.739865053564618
214.3968056934707,159.50814293718648,5.610967345477413,11.764630386674751
209.14189060160098,160.59409505453095,5.61781570405754,11.747183962274907
205.780451632407,161.00807010702758,5.611393241954544,11.726749905340556
202.8217252873795,161.6772150472955,5.6160794372554195,11.732270591794284
201.75624313266704,161.40194326041384,5.5956498828561045,11.74496569960155
200.56041485767972,161.13253117333718,5.568523748680996,11.746282610610495
198.68187133654013,160.89018030529257,5.5694090412513875,11.694384096741343
198.93834116368765,161.71652327631745,5.591587148357164,11.64705143889405
197.72336484285773,161.35132828998945,5.616248571333029,11.575677671988656
195.8500843072822,160.8565076317892,5.6298288340379194,11.49875304311885
196.79227416017602,161.00720467542368,5.605723316235611,11.463112411276354
195.9965401394798,160.9031263023719,5.608305939393526,11.40645492100749
195.87787682027025,160.67195258254284,5.581601693114487,11.340740591269274
194.96223514912708,160.5710294575868,5.574636155032745,11.27997985827156
194.97123928127812,160.47210219916496,5.556627890730681,11.21623670264112
195.12034264174486,159.8484479345411,5.518774375276024,11.16177920449468
195.26490652776334,160.0053568875531,5.488547302423954,11.106861997655603
194.2459839457648,159.65228696710187,5.4658036355161475,11.040281026968659
191.30244689589748,161.2214257099898,5.4601493669131385,10.976470515977681
190.29001463459446,161.51545111576985,5.443621799233353,10.898767726989062
189.27535997965376,162.04740125863987,5.4429262463058565,10.849869872653453
190.30697648953142,161.8007271920509,5.403874191301155,10.837172764643721
189.43620095472326,161.4420917580983,5.380297842806174,10.797960453358382
189.44894939238523,162.46653547340932,5.354800967482222,10.758505153418001
188.57642329189622,163.50118890516285,5.348732054006954,10.690479563571811
188.5909398662176,163.64738988002148,5.31969890536417,10.647136972744308
188.71176746033768,163.7997295657741,5.325966177281156,10.590380061396182
188.7135752320848,162.95928849363528,5.322350633786938,10.540864044336852
189.70278514742745,163.9689633817831,5.315225517732039,10.492808982671583
189.94399904129335,164.60715638863277,5.323966802447667,10.444345650090959
188.9634396830394,163.75272051262402,5.324885908094955,10.438042742605427
188.22703387063441,164.5215014372272,5.328007251768614,10.370171174535429
187.61334301150526,164.40823572895457,5.335356151952687,10.352696027465798
187.7362582931132,164.40774060916635,5.333402329983268,10.353686267042221
188.09281246718265,164.1689217066284,5.3518668185703,10.343608847634188
187.7106102760414,164.76341110893736,5.38418804165845,10.374768641673505
188.44317321729403,163.7419558230995,5.389312474043645,10.457345460161916
188.18620445090107,163.58441010703172,5.410565268941009,10.526094523353153
187.41652542842616,164.2107050211192,5.463617897861023,10.512092541869704
187.14701714758627,163.33700557424464,5.505783142425875,10.520511825716676
187.00681943233846,163.32827020439467,5.536903970559401,10.537982565416588
186.49371558870263,163.3143771901716,5.562846520202512,10.56576859386274
185.47317326406602,162.91932107489328,5.596567036998357,10.603119274740374
183.71296798535485,162.77197437525405,5.588292619676076,10.645763747251378
181.9374023233528,162.75776621355567,5.603949970807245,10.674180070648106
181.03156278094204,162.3836698571187,5.64308441483422,10.662710794610136
179.25402942374663,163.3879204643863,5.646013755938177,10.684002364810311
177.2180131645323,163.63034645488312,5.652644800043669,10.707325568107004
173.65528839665703,163.73884284639655,5.650848335739332,10.744877285082115
171.34726293900894,163.2423274518252,5.675713556409919,10.717644586530241
168.5380706118035,162.60914570744563,5.682067360914451,10.708546518492458
167.38805630334818,163.0013247111871,5.686488629494645,10.689390960453073
164.70711041636082,162.87296740931575,5.696290346235733,10.691244132898918
163.4210350083877,163.7770041673453,5.717873064972441,10.668568284886543
161.38489596043348,164.29682193878241,5.708664921880316,10.649304301762438
160.61100902386204,164.2864714896855,5.728530368457469,10.670005199956224
161.49560308785567,163.1263011099042,5.746418685639288,10.692676244301401
162.38783521721493,163.11039967885003,5.753513387608389,10.724479106409799
163.0276128693727,162.73749664138327,5.7565929815213535,10.700704242406248
164.049246670441,162.0961690636968,5.7631614529171395,10.702211851821382
165.33143496068445,162.1154529818228,5.762426859075652,10.663644015569371
166.61745524380748,162.0049603257765,5.748219178301297,10.628846039114892
165.724641268097,161.89328114816558,5.748656250188361,10.597177125831871
161.77167323230282,161.89229414042154,5.762987241512448,10.599151141319991
160.61925275346346,161.89138858642897,5.77424926232254,10.600962249305091
161.51070216020304,162.02308221385022,5.776779994147736,10.592636358077542
162.79183279778297,161.892101150526,5.764336929763707,10.599616663648375
163.6903600193942,160.85785570334116,5.751386819090617,10.62913117796158
164.85230344861324,160.21778687922085,5.7232710372144915,10.633840450334445
168.80775551949904,159.19229823082662,5.707254711940039,10.647427342865575
168.05043264963948,159.16632167539234,5.694302858713534,10.699380453734134
167.02910139753422,158.53099572129386,5.695825478720701,10.694319934303984
166.65044550132313,158.65319420500643,5.687854932804568,10.705017079658257
167.79718608906728,158.65357692391282,5.690407325872407,10.70425164184545
166.77158195281513,158.50660515653612,5.70043671041503,10.74304781560365
164.84766212899996,158.37194342519555,5.709921173984304,10.756480932680688
164.21046329471076,158.4785403732304,5.703065114157136,10.799537782292084
167.1676988587688,157.6998688811957,5.694223935435395,10.816281649128186
168.1800662736586,157.1602815698788,5.7243765488634555,10.868012550158113
165.086645680159,157.51953091340434,5.715868452758545,10.923932523495072
163.27705145000516,158.01736225259316,5.711640849807766,10.963531577477003
167.28568636829812,157.6074790590682,5.733433694925117,11.005324156620146
173.39844710052114,155.64087000064103,5.742646136268505,11.033839963116149
173.65415255090855,155.51293214857213,5.753017026000483,11.028824772000547
167.6494957922165,156.29457573319397,5.75653215150407,11.03151130604559
166.21086896652795,156.303333627254,5.7617347744974206,11.013995517925535
169.2028927030311,155.38774710006004,5.779022459419751,11.018675263378672
171.16825971694016,154.99393927817317,5.767691927380725,11.022410207996609
168.04164902722482,155.7579096201818,5.753224471542357,11.06139173279662
165.04175996602666,157.18601980988322,5.739017060857745,11.081425303997746
167.14722526326597,155.62055774044006,5.712523624906702,11.074021573988391
167.93267574716356,155.47072554198232,5.707396824689011,11.112723609640941
164.93154304845248,156.36722280556103,5.6964958385938855,11.149823199206175
164.80081375782197,155.84225645184225,5.696156115600314,11.152562689625485
167.01946458155447,155.1851739656138,5.710009066658919,11.157564544869508
168.85337444166433,154.12602451020868,5.712218354651511,11.178704022415593
165.69775675946687,154.90204214299945,5.723619064743817,11.20162742040971
165.5792154968717,154.90660566287178,5.6976756009327,11.192500380665043
168.07636418654585,153.83667342733688,5.689823906072937,11.232808774055457
167.03699077591347,154.11222779504897,5.665371926145886,11.207499738929222
164.92734935860352,152.6963456353767,5.690949515026322,11.156091701827881
167.80147346373562,153.61301539014974,5.702181497309579,11.155314071728736
169.10849829340594,153.20274862969012,5.707900979762284,11.18991685011004
169.36618065442508,152.1544447295658,5.71770241193287,11.185860033523136
170.2877365751655,152.0049302483631,5.713439230757615,11.222196330170545
169.23945295794397,152.39752685398287,5.70479057529684,11.22645907764495
169.10892237220008,151.4848799806311,5.702786544504946,11.210296408390704
167.0054095083652,152.26627312862868,5.7051138901425205,11.224272005657628
169.77283880858442,152.2543258539637,5.694068411989662,11.24816655498755
170.43288903079682,151.99787302624372,5.689959180786512,11.234675725138901
168.07228938565038,151.609625119863,5.678426588691773,11.22238289083574
166.09987408404197,152.5188278227901,5.685004251979949,11.241828856948308
166.8996950362508,151.59350599189779,5.663055109890445,11.251830962683433
169.79614569616766,150.52737992557033,5.649906777808655,11.282354736155815
169.80004633150054,149.6120759955167,5.642105507142884,11.272412618658079
166.53190882339152,151.43487511618252,5.612000966333949,11.30398692926152
165.22687926795248,151.04996497734885,5.596097804424389,11.286018525092553
167.33092196966396,149.86102863674117,5.58093829331172,11.305370391883384
169.1648309394653,149.21776569267516,5.582215934935293,11.28150500100606
168.23871611857123,149.60458745067783,5.602186246515991,11.293115483661017
165.09191958947272,150.6637826203904,5.601367319903635,11.27286247250567
166.0134378076727,150.52550017620328,5.592027381695653,11.287470718281103
166.01558890428376,150.25128114384918,5.587725188473491,11.311891585660957
164.9573449651002,149.97846704714783,5.605882938245635,11.332937246914947
165.6145100337422,150.38708133317942,5.606121655564745,11.304449987613573
166.5365578213816,150.24626684795467,5.59953424871504,11.323577791144592
167.5880272883737,149.18077655826502,5.597930128703228,11.353223556551487
167.59421292001767,149.32610986989582,5.585558865415321,11.325629560250341
169.56130377549567,148.27265292435237,5.588196614247212,11.332906406117011
169.30521345003214,148.00277649264714,5.575163718092822,11.34744572244595
168.37343040367202,147.35095812150655,5.600576284257917,11.338115660044856
167.06868069945142,147.36981025720942,5.581100214396354,11.300411388639153
164.72223206431295,148.28010080689955,5.5578438458156905,11.313890037703496
162.36700048913107,148.79070997151888,5.555864054540203,11.339881251051347
163.94498230097165,148.78636834289756,5.545676029691923,11.348564508293984
166.5731351733998,147.58633020428016,5.531331352672933,11.389758305001985
166.96880821090681,147.43857559041572,5.52733753635498,11.422816779832168
166.3147502845048,146.66697642494373,5.521132826221618,11.388830435251267
165.40455177434484,147.585712010202,5.5057098684633,11.387179242812977
164.8841075154627,147.19700561452808,5.498727102554978,11.378688571406395
165.78975460824833,146.1571118238226,5.5194901618686005,11.364696444377463
166.5817860635969,146.01698053874412,5.506701197124328,11.383080023542192
167.8895885280692,145.25162732169395,5.510348296294513,11.342235240773682
167.64084816526653,145.3875266949539,5.485044805054184,11.33182860267656
167.63331454199613,145.36394937642376,5.500112051595021,11.37898323973686
168.54746948599163,145.0865508045069,5.504058066260116,11.410278697097365
169.07174947832166,144.17891090083538,5.504603388991728,11.38962421650501
168.41451941570742,144.16507532987475,5.509142105636458,11.41729535842627
168.93799222097084,144.02439047362097,5.512065145732538,11.436197908278064
169.86445277270698,143.89955219437292,5.498701482139632,11.42308054679143
169.72572032101945,142.8727491027129,5.513796363507703,11.377726554055565
171.5622733374353,142.72955799329665,5.508275244361317,11.402138421910545
170.11845249521042,144.03165765531878,5.511377901536018,11.420247304479995
168.9308645150711,143.13745074877414,5.5236116638282295,11.37081718580205
168.92168168169005,143.00331400621158,5.541977330590349,11.377050679615468
170.23373615468492,142.10490984798633,5.542368849902141,11.336708670354929
171.67844638509806,141.97224414931105,5.533489762800017,11.340172670094228
171.65907231238998,141.83561133549222,5.572237908216141,11.351674419529113
171.64107145590285,141.19086287605674,5.608239621190418,11.328149199702075
171.24533513455236,142.13596708779468,5.611058562754494,11.278132745545584
171.23112963897572,141.24087122808004,5.639469553907808,11.232913406394463
171.09560511796573,141.255035463164,5.648487415873162,11.204584936226498
170.95798205634756,141.26747426376608,5.661961418245749,11.179707335022371
170.94045591892748,140.75189424917045,5.697013693085895,11.164305888468286
170.53156656430733,141.02063019436534,5.7287334693324885,11.150873286741016
170.5203719501093,140.36753675118064,5.75112269772852,11.145212227704043
170.4964572230913,140.51370637220768,5.798952151764517,11.115545280893663
169.56225162479643,140.41072100383852,5.825944304594656,11.05845615423777
169.27980911099021,140.6877395665436,5.865460099813879,11.029788261220805
168.4789941743969,140.45311048432976,5.889443213548231,10.973164172497738
169.51595291029804,140.07237802051046,5.915674051561819,10.947073483955348
169.495786670715,139.4293300981263,5.956006530727927,10.920253030674813
168.96270223213665,140.37429478327599,5.970664920661105,10.870467013016672
168.82474518643932,139.46945315449435,5.984185563777809,10.8433961326346
168.15345446860934,139.61745007133186,6.015644012705766,10.809626896306005
167.75330950462012,139.7614455518179,6.029147163580017,10.78389819436864
167.08257553058448,139.90792936297137,6.060054838213516,10.753042626749293
167.46450025232787,139.92019932953272,6.082751057871519,10.728502693626572
166.40208522417018,139.7905139598079,6.109943316520356,10.725668708367897
166.92391203279027,139.54815719389148,6.1167891252440265,10.6851325272188
166.78150726678666,139.04197208886126,6.139457958603086,10.6489399426865
165.59192771402385,139.19341195636343,6.160716406815751,10.6080491696058
164.795316884271,139.2222038813918,6.183480673198159,10.55046531954906
164.6653451889216,139.24125910518887,6.1821503580843,10.512354871954948
163.49079150898808,139.53233112694122,6.185090330801908,10.45158135892792
162.57874810121453,138.64127401730968,6.190352638432351,10.414871070274254
162.69563729857157,138.15984586753078,6.215949540875691,10.340226181202512
162.80987147749977,138.32399426843605,6.246178032227319,10.270626228600031
163.7057663816501,138.61464909357275,6.261575744914178,10.205655870037347
163.56318681093097,137.74355000675536,6.289274666542782,10.145632505004322
163.16337266946005,137.9034314006521,6.31781289359152,10.082899735841858
163.2772406569448,137.9322411383722,6.346648748921764,10.025280260401665
163.265781660745,137.82951264461593,6.3695667413213455,9.974543841333759
162.99684408473388,137.59905344154302,6.395806807154295,9.923827161290252
162.2113017928456,137.23815865335078,6.433913426064238,9.879127755241429
162.19096623396598,137.64339057924713,6.474584543823505,9.835049818239757
161.91587100873517,137.27565591758147,6.513818963367862,9.804085095195228
161.65357184458855,137.68253273728155,6.527086173168884,9.757328133533305
161.01138839015516,136.93641996444032,6.5355380520219475,9.71845564319933
160.62647131206148,137.97151866939325,6.541156709694213,9.686166229333715
160.74905097718997,137.9809026343598,6.550343074394612,9.667398299400594
