221.3,105.3,16.0,4.8
221.6540247973325,104.92338347185782,15.8692712274514,4.868697220707647
221.71395294946473,105.38319554216827,15.749414923186968,4.893730744313343
221.94474525473456,106.0017203823405,15.60148033909637,4.911281169765246
222.93162895758164,105.68644245704967,15.498968667472331,4.918085108990227
223.13820690845893,105.22062397708729,15.396359518929074,4.918081809281248
223.30523052268654,105.20473582044629,15.371402443676166,4.949858122563263
223.9760023053111,105.18905933954444,15.267139506332478,4.981211084366942
223.98274394127873,105.35121940188779,15.253656234397244,4.965305460295206
224.29831292905826,105.49829814523247,15.238380158291019,4.97907892333227
225.56000436720453,105.64067683560899,15.178729852930282,5.002288113945714
226.33522161892577,105.79386415699209,15.166015218466915,5.003457444975337
227.13736446184924,105.78369816431301,15.098652356030897,5.0237894303334905
227.616230087052,105.79282087859352,15.061316760509124,5.005544001772474
228.8498081841351,105.78879274687266,15.04162722097277,5.013600265214198
229.9400144230869,105.78793119377148,15.001818840318343,5.01532337141653
230.7350407237148,105.7636544995298,14.938093893124014,5.063876759899908
230.90122539896421,105.74788539824675,14.910969896435757,5.095414962466008
232.12955477115693,105.72964576941615,14.897785886225318,5.131894220127218
231.97786214148138,105.69520793352979,14.895259837185066,5.20076989189994
232.71441625211915,106.13268141134216,14.957795911995365,5.247209513926705
232.6860005145165,105.9592099147009,15.014627387200651,5.28528692624444
233.61637233940547,105.92580120715469,15.016095897588265,5.3521043413368705
233.74776669822623,105.91620276095429,15.064909511195683,5.371301233737696
234.65963617044125,105.73333088248489,15.117057885564286,5.4243971042100565
234.6542084558332,105.71633045452053,15.127913314780374,5.4583979601387815
235.6089930983529,105.70585015375397,15.109102815296366,5.479358561671898
235.62637636006914,105.67623036135784,15.074336291863885,5.5385981464641425
235.60985317168962,105.67133290652183,15.107382668622895,5.548393056136186
233.04696206487574,105.48571561137264,15.16980466128972,5.603167632624498
230.55190223773204,106.4448464677447,15.06644322562051,5.594961328614107
228.02488152121663,105.99853387774523,15.053057905791302,5.537443992451796
226.78592389943955,106.34269123225025,15.007096191019988,5.480098523023132
224.43869955459246,105.88652789966771,14.99468243041621,5.4510526981286205
223.02656427496294,106.21307503548591,15.001160249093001,5.424134591066073
220.5016004916306,107.17097459605316,15.047988015678602,5.38449789496124
218.2019639500641,107.00731012246894,14.957581347364618,5.399181525366542
217.1219840808144,106.69008530086553,14.93620876332697,5.410393362134173
215.28796408558597,106.52392425287371,14.866054634266982,5.431199281491416
214.06754594181118,106.3347286354697,14.819780564112442,5.498701721586417
211.76937702412835,106.17359052877184,14.744443653395184,5.50953295190997
210.67954034300408,106.66704983401527,14.75019090112973,5.454296961929094
211.78778828276666,107.74190324850429,14.70122595456721,5.472121065913703
211.93589406474516,106.67994187727933,14.714281767741955,5.431172168441341
210.83016392903866,107.31095852838355,14.764731714552351,5.404001908862984
210.17782341701698,107.1371136941118,14.833623455694608,5.4427442566812205
209.8773689145521,107.2795458590607,14.813265983947664,5.468513165121764
209.0699049293564,106.67021629108383,14.874158720593849,5.443944114079398
207.98115879999483,106.82677174925183,14.873005429889073,5.442068276233098
205.95255235573114,107.13625852584464,14.884817490947867,5.445464081119583
203.13995396883476,107.2696483530375,14.904542765314021,5.4900995100353365
201.10953453983956,106.8164301763703,14.902834764445101,5.459025049786816
198.63938394051598,106.96679029002996,14.852448594909761,5.470222782978898
196.30679601202436,107.30544684797728,14.846640516838864,5.415707525091499
196.15364832450587,106.86221533004469,14.842604908347843,5.371177610372479
193.81043594867833,106.87019552075057,14.88701175721428,5.355217228960738
192.2708550931868,107.35629369670889,14.86803470027202,5.31246250742169
191.33425438004465,107.3537080291051,14.888628424957115,5.317633842629246
190.7288625312469,107.3414953198893,14.862788204430252,5.3420592610608555
189.61972041185425,107.3635034764426,14.916467575417148,5.298042947954253
188.38503110316583,107.3605437686897,14.912258695576613,5.303962363460087
185.89258755007168,107.38193739654588,14.949214721661953,5.2611751077477
183.68226698401156,107.38795250166453,15.043900423139561,5.2491448975104085
180.919603079868,107.35848192412594,14.986894802725612,5.308086052587588
180.73906143687975,107.18669751014859,15.037591453750927,5.341268245591098
181.54294450436151,107.96878385128247,14.988389728372164,5.335659972908143
181.8808615013781,107.65301387145387,14.934372255550905,5.345383411353459
181.59802060587046,107.4889548811805,14.879428690177704,5.3631887137059335
179.93448367540108,107.4525510923729,14.798154589034697,5.435996291321134
179.93329103846654,107.42325462981039,14.800539862903815,5.494589216446161
178.5181153855602,107.59170403957938,14.831034264934706,5.468785608439466
177.74203655166954,107.89430659096374,14.827860018947385,5.485713271178245
175.41719171435574,108.02988017611591,14.807653568741035,5.525892509196161
173.53367272991167,108.35020717390613,14.833554271592023,5.50876139128858
171.99603659482688,107.88562900945992,14.790589584330498,5.502446632951669
169.19750334393422,108.0609726516259,14.78795781850224,5.462853696820437
165.79297114312286,108.71201984763958,14.769486965087934,5.402129351163476
162.48354233649437,109.20289598816339,14.89973228000958,5.347321684163736
158.7937339494147,109.51262200528022,14.842884312230145,5.3475750450916495
154.49310089509967,109.50058937017243,14.790901461677382,5.371640315307232
150.93418361904529,109.52339550669203,14.807791412365173,5.326028042268025
148.7857787296946,109.53138380315426,14.790463490663788,5.3100514493435815
149.2529017603188,109.54205030906162,14.779064212493342,5.288718437528836
149.30130860960486,109.53825023437494,14.682250513921161,5.296318586902205
150.24949437616243,109.51108432132597,14.620797995024027,5.350650413000145
150.71953392737313,109.32938637488277,14.598489197738546,5.408122870841217
151.75279394807393,109.15299522918791,14.67846063153441,5.454263522917057
152.08104744175088,108.50967494464662,14.639192212111105,5.5064269561384025
153.29707645350817,108.82937745306292,14.67910484287509,5.485014602875461
153.13452692182875,108.0742690514098,14.695021119348194,5.4493174717531465
154.6679423505412,108.24103994517571,14.715863301769918,5.424542988205971
154.64495189829077,108.26506470451518,14.761844206270801,5.376493469527057
155.74942662659,108.27159237412528,14.711756349535626,5.363438130306866
156.0685950530917,108.2886892530529,14.688331767425817,5.329244372451637
157.0048940998242,108.30507293544855,14.654749665035961,5.296477007660308
157.46829149364564,108.47883066971866,14.644243255041722,5.254390998336262
157.76084736033104,109.39727888662719,14.668165797499555,5.244597392005133
158.54509308989674,109.22299472188472,14.62308217996693,5.288484153170337
158.5416600364445,108.47155831614117,14.629948286871436,5.267197272424376
158.6890946777558,108.63578191898806,14.639623753731625,5.2432948162133295
163.42686136114204,108.622790049136,14.595842047973628,5.269278555917466
162.97187174564903,108.80350640243779,14.593536933656221,5.211940631081691
164.33215490414418,108.81363747536,14.600178759791136,5.191678485237283
164.8104895046131,108.80767476697851,14.551761325118369,5.203603902000255
164.9878920448439,108.95637419890973,14.499231266312885,5.208480059793949
165.19240151528768,108.9207336049132,14.391824901426903,5.279761247786996
165.97860872777665,108.75670494043997,14.326238459298537,5.306452980163534
166.48901644116285,108.72096882836408,14.208148078883978,5.377925204315319
167.44887373803795,108.69064666488242,14.091452981553243,5.438569531278634
168.67361463717094,108.68338404827027,14.041313664903189,5.453094764502944
169.61831493491536,108.6745349092431,13.948661534542135,5.470793042557273
169.95169773247468,108.52378688704503,13.878783024103873,5.473845544613185
171.0118095665207,108.52054032143673,13.841013147018804,5.480338675829818
171.4983888902983,108.49018084513533,13.759053224159548,5.541057628432604
171.69355602242044,108.30070946278323,13.665689597446953,5.623029755605155
172.63455405075396,108.12417790469324,13.566201643147249,5.679008188057262
173.10968688317487,108.28438056078585,13.505864931921005,5.655245860410552
173.3054427717998,108.27376991246066,13.409703323455377,5.676467157060914
173.49621008626787,107.36666592001525,13.322505751283597,5.724652801365763
173.6985860517372,108.3588133802304,13.2116824674973,5.79785841100258
174.25105292254503,107.96745173015427,14.690097319662879,6.411599237344771
174.25105292254503,107.96745173015427,14.690097319662879,6.411599237344771
174.24829942143907,107.59459326904151,14.543245773282447,6.521932451364919
174.54929927498807,107.78559660631166,15.165472497906546,6.742689873942111
177.5868259445281,107.41526184988274,15.036206444893146,6.81516489478768
178.34733375236738,108.36478063559355,14.86708176238926,6.943963723128062
177.2268428443857,107.47807535117684,14.743688721650193,7.028535108602566
178.30683337694282,108.42979101226351,14.608377745208,7.149773875101303
178.20798625477244,107.86080736254031,14.46849447810651,7.2750086402209835
179.5808907037504,107.84865542254781,14.424286686507928,7.2993125202059925
179.44544914562465,107.83069544074598,14.357697369888513,7.335232483809636
179.9643583554218,107.66417029864137,14.331227546643762,7.331166569235686
181.18527233632125,107.47554918157606,14.246004294190932,7.3717509877454335
182.91068885497432,107.31379672201871,14.156236190464593,7.359149413502124
182.7856177825689,107.16605559630499,14.071807071467818,7.320060401122002
183.9313633615782,107.21316481732711,14.108925214092835,7.225841959077748
184.06954181046063,107.22963084247002,14.164148750186737,7.192909908791923
184.1857561165791,107.2830019339689,14.263542190174135,7.0861677257941675
184.7840407682057,107.32509451420772,14.392701161830527,7.00198256531653
185.8589794449475,107.1939069834165,14.565846022080725,6.932497310651278
185.6186309168197,106.90590198350142,14.713364538783305,6.8421502313754505
186.5313787356267,106.95358247906437,14.890374844417392,6.746789240249556
186.7934154404924,107.00654965436983,15.03561120599585,6.640854889638639
188.06261503157353,107.23176098192134,15.17641813510959,6.525332998445118
187.82210962291418,107.45153644493995,15.322526527997166,6.420684496839006
189.11666772864623,107.17526991517032,15.414704852324057,6.30289392243051
189.0465961856752,107.73646418425176,15.55484793826609,6.18370324679146
190.02743312329926,107.62435444675403,15.598929357034375,6.073630172784191
191.35386446224484,107.66988233804987,15.609723582803829,5.982574390192507
191.358277171587,107.8882961785179,15.600898164119528,5.87722568888262
192.2198956892115,108.08836501099614,15.524954063820928,5.806546610916218
193.35018267377365,108.1303602743915,15.554061122394563,5.722556084125497
192.65639735357757,108.3427958842077,15.637634172922567,5.623684261959128
193.92203939629653,108.22507603909393,15.709606262647986,5.533716930291256
193.6978239734137,107.9444948169581,15.833233586828122,5.445272331391961
194.99470390229072,107.9821788194197,15.839140923464925,5.369904326468746
195.50415189817957,107.84625788221747,15.791248855105213,5.3180782264005355
196.64135632723026,108.68463659219063,15.771115085764373,5.25151729842604
196.53736803620933,108.69964562172407,15.658556129527128,5.22149923935915
197.84015101472912,108.71590689635575,15.600065466671332,5.188976690095815
197.98995276105234,107.94361664561761,15.617418868751676,5.148772717938023
198.07715804299414,108.92000276628478,15.75947579276024,5.094805403956567
198.85138339160224,108.76951901664451,15.798507997172539,5.0782763229114245
198.62316213817502,109.10251793683425,15.937203271461447,5.047772947663
199.10826686343086,108.13524040298668,15.924458430941591,5.067398795374571
200.10732442688726,108.12915726412467,15.842355811560862,5.079565073098579
200.74892526780064,109.07224939200067,15.832728673325438,5.10374263273356
200.74320164349632,107.62592259896145,15.844175921934085,5.128083392406335
201.7620932433873,108.7304658755963,15.722260464398857,5.1541758717578485
201.97464517463524,108.55993678498402,15.61521401199729,5.177176642888107
203.26741480550697,108.25478419079079,15.565326063764143,5.15356900289696
203.30748832688533,108.56644115423731,15.485179021007411,5.161883818135997
203.92427328430023,108.11626202922712,15.510913870026313,5.117763495269875
205.35026630865386,108.40950744716835,15.488388206859522,5.160041633951946
205.05100406196678,108.73168835043651,15.457236394192533,5.145356133456759
206.4589817388457,108.26901591740652,15.468415933369961,5.128322701871679
206.309449344737,108.4290971888894,15.453507363262744,5.122133517230444
206.7926618390637,108.73012743197754,15.428026147719512,5.1473688797942385
208.05013445247846,108.26017998227466,15.423058764155114,5.146022087975583
209.1544842857314,108.7385381616888,15.409922353530172,5.130261410239166
209.47219927543279,108.11445273805143,15.400845490248418,5.125726025272002
209.50148194652462,108.25045163651458,15.342280148064747,5.166692618015326
210.2863388054019,108.39740275413547,15.336965762175856,5.185670249146668
211.71149534322993,108.6963306829007,15.305010417998766,5.2141161097226485
211.70216387015608,108.08543485977505,15.32367336414644,5.183048342995797
212.20078828156923,108.2286084280118,15.265165490821383,5.20961485635607
213.4720922492733,108.53738783779593,15.223077124956742,5.217185929173669
213.157201379854,107.90227675702721,15.228652592422568,5.238995547965752
213.9424313721393,107.86800053549226,15.221093115752582,5.307547991035657
214.43293105088893,107.84994889617217,15.181254357267758,5.3436512696758385
214.60302968273146,107.53845167292272,15.154864882297094,5.339030138745838
214.7102223078122,107.55469386520633,15.253826711687582,5.306545754178629
215.74782521691242,107.53595926305326,15.377803974718077,5.344014958484777
216.88524343562506,107.22128779349127,15.319303826879622,5.340118957726778
216.8634899533587,108.17479958500732,15.36281079141228,5.327379064947398
217.45670453666236,108.16893983421299,15.44079299980232,5.339098566536063
217.41870667258584,107.99499309733615,15.516788727955348,5.369563584058112
218.6894123296969,107.8425752642132,15.527913399624413,5.3553322520676225
219.67191506439715,107.68654111717096,15.476706887426621,5.348434053284958
220.3648367075713,108.6361975717953,15.363306132534163,5.357784941219958
221.61032023081358,108.0201386401941,15.405644013293589,5.32325034080033
222.03541278018116,108.18576584727604,15.505374712754438,5.308634526035156
222.88608894894074,107.37017675023773,15.392993296352207,5.350841798994819
224.03141375907978,107.02796168875285,15.321066343248225,5.401351159914835
225.01674037281003,107.50871907264073,15.251524870071275,5.390392269280849
225.34029420550763,107.03929611525797,15.235737115816057,5.382258317336398
226.63074052677436,107.35437000227824,15.177139104837487,5.382684201184587
226.8281554292058,106.70886479841113,15.096766968329062,5.415863935501042
226.85914366548397,107.64326259622109,15.034790495772716,5.430533565548223
228.12484801365053,107.32857233463342,15.009705589974805,5.433333141089744
228.87500198259826,106.88072290621733,15.07430971043491,5.390084762908589
229.01738858861415,107.21482611806451,15.102659241594708,5.348123825597374
229.95519815120764,107.55610768238891,15.103640224163629,5.291094066200546
230.60634730836648,107.08952631741566,15.048321395415712,5.289022181969729
230.7700740601257,107.42245365455965,15.031785471148652,5.245002666184522
231.55330367254308,106.65216000424003,15.014733397247804,5.236182815889824
232.48748908329384,107.73951894782381,15.003228816627564,5.227808876417014
232.97690664178248,107.72912163629637,14.951877433403407,5.248603499471897
234.34561293733088,107.72045931667151,14.993722706203943,5.265928138721616
234.50622953724155,107.71897200544643,14.982208070296494,5.2689027611717645
234.95259540353302,107.73952851003206,15.018301020573801,5.227789752000508
236.17317779329034,107.73770693856393,15.05214381031903,5.231432894936766
236.35468078688248,107.42949945026392,14.999062881221148,5.227997755363891
236.79476182168074,107.41984330193246,15.046216526687799,5.247310052026832
237.0834495829288,106.96441610774704,15.089099633946923,5.227776495764685
238.15284536794323,107.28446225472666,15.123007849914982,5.208455569233122
239.07324892200913,107.59722426296443,15.145305180538864,5.203966365676147
239.24222393156407,107.1271218730755,15.118108676397341,5.211910600548928
240.18070665775264,107.2788255548067,15.104206153164778,5.219013725277291
240.66336334825417,107.42876866074876,15.070217571886234,5.229569113301332
240.6809116558608,106.97584088796,15.03512095667299,5.2049777366402665
241.7605397483309,106.80522308701715,15.040269983508386,5.237012593986603
241.9186566622008,107.11836882662581,15.033893322524145,5.2304354482803594
242.97860370067397,107.11610861994595,15.081525007149294,5.23495586164008
243.16426939791617,107.25234629585759,15.020601920149968,5.2728888173018085
244.11056880123564,107.56513046673595,14.989375562613612,5.2677779585792885
244.14029650809005,107.56172801907611,14.92992014890476,5.2745828538989725
244.16249571004045,107.5484487436985,14.885521745004,5.301141404654192
245.2644127015157,107.53993460440019,14.843375586558887,5.3181696832508205
245.27135918637742,107.5305339871277,14.829482616835461,5.336970917795806
246.38147417135622,107.53541060593352,14.769879484826532,5.3272176801841615
247.01322033125186,107.54463817195649,14.736915973766683,5.308762548138218
248.2341594689749,107.52954942553596,14.749651664304748,5.338940040979274
248.23248936679465,107.36367777978936,14.752991868665207,5.3631282110058915
248.34491392919227,107.21083881404907,14.836183217702747,5.360765668653716
249.27877596788647,107.0359721583585,14.823584667076055,5.4013113922412375
249.91444662042707,106.87630490943256,14.79120674613722,5.410905044057542
250.9672746980689,106.86926475108034,14.85170720575552,5.424985360761991
251.1274213626961,107.01714890250831,14.841985057538976,5.439788238943884
252.19269598901732,107.15719155017771,14.886332465010886,5.4704024664785615
253.00824196436486,107.31449439559806,14.814676804784334,5.46768403373157
253.33303078995533,106.69910301462525,14.786723722624505,5.455217657634918
254.40919740270647,106.86519484469903,14.805699705353033,5.433221027234637
254.89680665353836,107.01559493125666,14.76066580366989,5.44248238744623
255.69814484167773,106.85731929265141,14.705909700563335,5.449449610022288
255.8095472473096,106.71120564349592,14.792030533712104,5.432751263920822
255.94969093508186,106.71273832708897,14.821600543737476,5.429685896734734
256.3955777549596,106.71385444469395,14.860502694572066,5.427453661524757
257.5421166629157,106.55056664157401,14.742616443694601,5.443287615616852
257.70512517752445,106.73122996447272,14.725939558295774,5.391301113638048
258.48320890724887,106.74392071608246,14.710585413331696,5.365919610418571
258.6341558800321,106.73939111455252,14.716175708306606,5.374978813478438
259.6974983223462,106.7332679968002,14.743586680927619,5.387225048983078
259.97573785117225,107.06157608268983,14.803790728373219,5.347291982301571
261.37446085386955,106.12943662396678,14.78266922188952,5.360687900473749
261.36713692348246,106.10979219738883,14.79731708266368,5.399976753629673
261.5140571644696,106.28746634993173,14.81281747945945,5.353969327313897
262.74603821227834,105.03927326041324,14.818698928134614,5.38051196205825
262.5455775186448,105.36349630224618,14.91032549796496,5.350655513265799
262.0137248602879,105.33516888249736,15.043837269651219,5.407310352763435
263.6172812807601,105.31226938389086,14.966717599054219,5.4531093499764065
264.5888168756113,104.66794497985141,14.899997584141456,5.490857374862137
264.5889188918182,105.74124025179007,14.899793551727704,5.531432303999399
265.37331766479775,105.72594881104399,14.896902849614435,5.562015185491563
267.0653766004238,106.06824643248262,14.963388828262875,5.504802460778027
266.93984475020426,106.0613513525643,14.900840992594166,5.51859262061466
268.05191024977995,105.73617140335311,14.8674635078669,5.543022943487312
268.48754991238235,105.44055944231718,14.934965662029457,5.508392545980924
269.2324079778404,105.45830774588747,15.011596561522813,5.4728959388403355
269.55550500402575,105.45804849464695,14.992852567840046,5.473414441321374
269.56497622649016,105.45254797957425,14.97391012291116,5.484415471466766
270.6521185575617,105.62454660664774,14.993382913676232,5.453812139163804
270.9873722864358,105.61207087146437,14.94911424566833,5.478763609530539
271.60259300209106,105.62220051272068,14.970420522713198,5.458504327017928
271.7158643074572,105.4486508289323,15.056753622748095,5.4927279838274226
272.8090351948883,105.42430124633826,15.073519457363378,5.541427149015503
273.2617341945893,105.57338207957305,15.115669854080947,5.559114947919106
274.38337995610857,105.54717444601951,15.089784197437488,5.611530215026185
275.35399226460515,105.70258879215537,15.05264334126029,5.618048816223799
276.46964207922605,105.87552706030229,15.039872286497225,5.5891049334269
276.80846347065125,106.03523506960774,14.994685388787111,5.58591685738617
276.8009508348268,106.19854518425522,15.009710660436102,5.574819731157527
277.4217386080709,106.35239535076028,15.03028827018214,5.582657687206005
278.676778024667,105.3982451541304,15.048004605817024,5.595111703845471
278.3462164159545,105.40244441929202,15.076222329175451,5.586713173522209
279.6271585686336,105.54945588218379,15.04798190200713,5.609395732512418
279.2722599089569,105.58217298267245,15.124359390783063,5.543961531535092
280.5430929586024,105.59797286046282,15.115677043802295,5.512361775954355
280.3562499788755,105.61546557238749,15.173435326626533,5.477376352105024
281.75487140396683,105.63089545013968,15.22128099569776,5.44651659660065
282.8730651703514,105.6064145225613,15.198615052771169,5.495478451757421
283.695518046434,105.59658001125285,15.13775264678833,5.515147474374299
283.6457396365618,105.57692385859848,15.23730946653274,5.554459779683042
284.9370337058164,105.74560152211649,15.202153663089785,5.535533494530282
285.5498919544838,105.7637718835056,15.246772653560344,5.49919277175205
285.76648209881444,105.57810520153988,15.131156897629763,5.552961602952839
287.06893788639985,105.24900197800375,15.061308009725895,5.5774023782084035
287.186935431463,105.26721434548152,15.1416368392046,5.540977643252851
288.47723246668505,105.0998972914518,15.09557345207315,5.5587954158982225
288.94553275641306,105.43425684954428,15.108409241836878,5.523033879193054
290.2236252743599,105.13467180083798,15.080356785558518,5.49017083170185
290.1871532514277,106.24455764816832,15.153300831422925,5.475547060366141
291.3361142564619,106.08726838168673,15.065978257728462,5.474325673847352
292.44184303816996,105.6405841012239,15.056222934164964,5.424107560550423
292.45655426500275,105.60946692344147,15.026800480499482,5.4863419161152684
293.5852701067691,105.59540753988132,14.968668211136855,5.51446068323557
293.4522292396115,105.41467173139031,14.920888454143462,5.562070808908865
294.5714012486918,105.37472281818022,14.880796065352268,5.64196863532905
294.43149981302867,105.33868445185453,14.845699380438877,5.71404536798043
295.9841328432915,104.89701118043885,14.897339536967097,5.650320045695617
296.3084484237059,105.2355382281475,14.879282425262325,5.6038399994022745
297.40249790926833,104.79642252290095,14.89052685738909,5.539495665644664
297.88354263425293,104.95222748736663,14.86801944261058,5.541079748443543
298.04335616862414,105.09727501376061,14.86129247573665,5.563884797524049
298.8346294838156,105.59527071406283,14.84481892940323,5.507537247349292
299.1500588165592,104.34324098493823,14.837886217577962,5.515892890950781
300.41033605258815,104.04870558170282,14.813446491132947,5.480935011018407
301.02950573702503,105.3046972159605,14.819242240380989,5.457221978746535
301.21335227467273,105.01211756375399,14.762237969374471,5.421003674581687
301.5050012429192,105.02861811241674,14.797377543888887,5.388002577256205
302.5940303657142,105.04311310392191,14.783196178918494,5.359012594245848
302.43430855806463,105.3317813189594,14.794241720311621,5.3984723119828555
302.7395194636482,105.47817426410248,14.80235926912406,5.414956101686465
304.10924916967934,105.50150784972067,14.850053612045109,5.368288930450084
303.8156303292277,105.29517293965992,14.818247083744035,5.471436645969387
304.78833009898125,104.03206696500915,14.738434343844565,5.510199529127428
305.10552598096865,104.82261229298132,14.725016112908765,5.481542705780413
306.05605699019753,104.63567364344473,14.682622441021365,5.545641947091836
307.01731339331775,103.24460671406305,14.622058262785812,5.534852863847902
308.1183283448602,103.25946828435013,14.5848632461807,5.505129723273743
308.1409494089662,104.32912016291469,14.539621117968645,5.523184083136252
309.3333576123324,105.2797242676664,14.617763386198323,5.469194879854437
308.4336466025782,105.45636218273147,14.569073200274122,5.423937750629691
309.64562908221484,105.46762058419853,14.597151848963373,5.401420947695577
309.9680875974528,105.64451999945844,14.565237981912643,5.354123698888355
311.1597051669356,105.66291708463893,14.62353023312999,5.317329528527367
311.66799804055285,105.19396499781574,14.523025075784886,5.339153112284376
311.8231239559622,104.90726938124519,14.517089538159146,5.303911759039508
312.2882749975223,104.74519918083108,14.49757154226931,5.324457464124306
312.4023985162668,105.33878320028514,14.573011043679331,5.352035580812644
313.29842302855656,105.17033078572781,14.612548931707943,5.383675924492581
313.59772651842553,105.00786180446481,14.626745580742147,5.4022120726324765
315.11566010011256,105.02563651619735,14.66027495677598,5.366662649167388
316.1410853278254,104.88212427764452,14.756868581306598,5.346909400565007
316.27866705315023,104.88143177179899,14.789507670318304,5.348294412256088
317.0361878760401,104.88078351595271,14.81593798862067,5.349590923948617
317.92023123925594,104.8923246834018,14.900026145362295,5.326508589050473
318.2147524673925,104.90429916621987,14.929943152060464,5.302559623414298
317.7581620482364,105.05640412094583,14.914705359821617,5.307822590812761
318.79299605148236,105.53580429376866,15.01049199904674,5.2770742361886604
319.72874449615915,105.22190617234227,14.999957894627759,5.284549550729897
319.6932083092231,106.28994335089777,15.071030268499866,5.319496192408265
320.08070320754985,106.46056820488153,15.231426375147437,5.290041785541098
321.33878005924686,105.33892346865397,15.223665869308956,5.33848721013504
322.25795608622764,105.31912589361056,15.271230253262155,5.378082360221869
322.8248810187946,105.66072631152915,15.400251578522578,5.326317119581891
322.6466090769508,105.65407210515906,15.440177926289007,5.339625532322066
323.4520282141697,105.80866815209482,15.41648604685278,5.347862717450831
323.8991618885374,105.96954111797203,15.473942609957591,5.343358089643154
324.247578006825,105.81408194991428,15.413067926241787,5.33629764932895
325.5105474870936,105.80293680894854,15.422985251948766,5.35858793126042
326.30434294186824,105.65030570781445,15.423040322154819,5.346320937577531
326.4765475524446,105.32403441076649,15.395937835025792,5.364250063626269
327.6060031005017,105.00982437487644,15.357750959482486,5.358177500957503
328.3962301895301,105.65103287794265,15.36025171580017,5.342124442324639
328.5800201786866,105.46391393200335,15.309006401781186,5.4000276699092655
328.93490387822754,105.42580745609801,15.23255045250386,5.476240621719947
330.5290936475872,105.10089362393776,15.213626604255097,5.492177147946331
330.706230806131,105.74731651601802,15.17631586494733,5.467185674905109
330.5701816703456,105.59456186502956,15.13243650539903,5.4567173457629465
331.35411635008023,105.57839525767756,15.140370708074766,5.489050560466952
332.77753235297587,105.57638080083237,15.136272926084397,5.493079474157314
332.46692257088415,105.27817941436227,15.125745227043778,5.457734983873498
332.0057070500372,105.28034357865674,15.102925885382113,5.453406655284574
333.5711436341917,104.98100758065613,15.11884083491665,5.422721027717081
333.5731058431432,105.79672021397297,15.114916417013678,5.363048868338547
333.75218468051844,105.80071921764858,15.069971345065584,5.35505086098734
333.92202845891893,105.65668405646362,15.042709259415483,5.330695712206439
328.6437853255503,105.64674599489555,15.004994573514287,5.350571835342573
319.62776286012803,105.65095938223668,14.974915859611741,5.342145060660321
310.27071036904,105.66529737422475,15.039019841718556,5.313469076684191
303.11884155626944,106.1569516756834,15.026234254351856,5.263846770260861
296.93974186307014,106.940811511194,14.978641211868034,5.246851152849986
291.9601133702419,106.19251965389832,15.044886875520046,5.197651848378173
287.8114140217412,106.50708761228827,14.99370631826317,5.186929209691456
283.00509767638437,107.00710003897316,15.049613267172413,5.111748782947934
278.04360729942005,106.84588346450354,15.125940430529118,5.126474007181797
273.27468928701404,107.92022464651488,15.082790016944355,5.141240193764847
269.5836427703031,107.92313174757692,15.055632385333231,5.135425991640776
267.44554400332703,108.08769127704058,15.016669912592976,5.114532647477201
