156.5,112.5,8.8,5.0
156.34111865817252,111.33678320463413,8.76352223179249,5.034914494456684
155.5004437082917,111.96998454524757,8.722426297474525,5.060346188789515
155.52027401036167,111.3102679697259,8.682765693334545,5.089013579596044
155.4328768191342,111.6200423542151,8.642535632099662,5.1145381416870395
155.34457463278102,112.14192650298354,8.604281566840784,5.145062033976668
155.14996365717386,111.48448317762902,8.563893409418405,5.171118358775694
155.81320943655524,112.00716943378136,8.525261716100463,5.198962401008338
155.4039427162624,111.35040016060931,8.48564849566737,5.22528095582427
154.78066750010117,111.76675599497838,8.445867639125472,5.250123479662332
155.12224862220017,112.18336840877939,8.405341403751644,5.27374666382587
155.78639884274625,111.7480384216324,8.36105767809736,5.2883954944946225
155.16591825320916,112.48414643332639,8.320502407754098,5.311281995427064
155.4000377873817,112.26269161560215,8.278987565082083,5.327467405202438
154.56757093501585,111.93302433894624,8.239834652102754,5.3477694768725925
154.37238298257373,111.60520192458951,8.204684903166097,5.365125824854728
154.92205755278036,112.33817666659196,8.167960339788348,5.386850748699505
154.30216415734074,112.00805399782712,8.133734945298736,5.41008999354477
154.3176087955331,111.79098879004053,8.102845668914021,5.419805106958874
154.5473684055882,111.5666526373384,8.067135683379611,5.4446681777873165
153.8215762126608,112.29541846988761,8.036260074368851,5.469596507554452
153.8393271606756,112.1811273804262,8.000758178339263,5.486450387468949
153.8540582534453,112.17350017608389,7.971295992799849,5.501704796153576
153.87076405284026,112.15760325858334,7.9378843940099335,5.533498631154698
153.9938701556973,112.67715169599767,7.902973505689655,5.550908343295022
154.11732612758723,113.19717389269523,7.867122719797395,5.566169739338139
153.92192409379675,112.34245204182436,7.836385487466847,5.58944824143363
153.30438712185494,112.230785215224,7.807326003875201,5.602092990055154
153.32170750307736,112.11975666082326,7.772685241430311,5.613693253581057
152.60062320080618,111.27198787141573,7.743996045078343,5.628250488516832
152.18998104430725,111.99388984365501,7.7255740950693985,5.653932504300144
150.72983819568236,111.24919970609274,7.704900623985084,5.672833195257649
150.84640971176734,111.13571095604668,7.681822069503182,5.689746217661702
152.0111676100088,109.86984095655144,7.662205736741448,5.701595892592672
152.11137483186187,109.55477344383783,7.671677873774194,5.70207117580336
152.32559007398822,110.28607824337877,7.663324263826647,5.70973063678968
152.9628674234546,109.43169654125666,7.648990054746969,5.738200054563174
152.9635869253873,110.16253349964505,7.647551050881577,5.748516459283691
152.5413338832906,110.14834501252331,7.650332782192871,5.776893433527172
153.2750152091682,110.8856228137688,7.6595305428809235,5.778898243479407
153.05703148503238,110.76620165348918,7.673277819992856,5.806630478458794
152.31575154281623,111.5029778534669,7.673429660107197,5.815486122821317
152.95639576629657,112.34222438395507,7.6636582801286535,5.832349151154462
152.21629733169294,112.23528761789287,7.659534394699651,5.834176861187973
152.20470805362626,112.13262795265418,7.682712950833025,5.827483431180375
151.88666811165666,111.91698376366485,7.682022114146918,5.834257995408803
151.24138088201397,111.70418633385378,7.698454719123102,5.835138903594517
151.54828760334848,111.49160691625265,7.7225068366895115,5.8350540319731845
151.53826819363627,112.22977714587684,7.742545656113912,5.84962264141131
150.89959967910386,111.91193307273875,7.738700715406217,5.844719802801236
149.9413325794671,111.48318047170106,7.734710059392885,5.8486584025268895
147.81136488254074,112.3247101459048,7.7267417927731055,5.8727605183084215
148.44901772929944,111.46071988473871,7.733439755790896,5.891402831927081
149.08499789649198,111.24948603390646,7.745921364048458,5.8857232193773585
148.1096763070869,110.93216735962493,7.769022945044975,5.877846702002523
148.09522234369243,110.61062799920039,7.797930871833885,5.877740992055524
148.19738855619246,110.1853499517316,7.808431969656491,5.868962995702339
148.50706609688262,110.92675437106631,7.83362685574678,5.890104081131013
149.35359914522357,110.38791791354686,7.865194845074881,5.889880692413637
149.2439238800853,110.38331284121546,7.868489134472038,5.899090837076434
149.3479604454729,110.81315140958678,7.876673019183879,5.904441762281912
148.91448559152272,112.10922590877344,7.877746288200317,5.9099220805603085
149.13377442818327,112.2124112195297,7.872318747660907,5.920126525438636
148.27107889944833,112.21066193581733,7.864435778282291,5.923625092863364
147.71655864209436,112.20815967172427,7.890494414446307,5.928629621049487
147.59564939603814,112.20387518867517,7.915237867673481,5.937198587147697
147.37759346011353,112.30726422385642,7.916165962287374,5.9480124054028485
147.38095955365543,112.41117841116916,7.90943377520359,5.957966857156358
147.15557102817928,112.62168321365566,7.92452481283457,5.972643265504637
146.40204185182245,112.61966153736101,7.903394141297297,5.976686618093937
145.64567591069135,113.37391925774016,7.889728138772097,5.994569062122955
145.103297120287,112.49771593563659,7.883783033094206,6.00185140795163
144.99181871474184,112.4922852148333,7.888571099554804,6.012712849558194
146.08777460433458,112.49269482909284,7.880849319946372,6.011893621039114
145.85280324376518,111.61482188199095,7.914216322212402,6.021336639751625
146.5006311846862,111.72204491234345,7.932265340091034,6.025841395666746
145.94370086474564,111.72065548782474,7.949628276268179,6.028620244704169
146.38231016191563,111.83330181714926,7.950848066032031,6.022937182081076
146.16161860247826,112.48326609120554,7.953160404826812,6.040220974208453
145.93049157023128,111.60129862279959,7.975708799946194,6.045333233522002
146.3583122892305,111.71392412555272,8.00118745858783,6.040362252175758
145.2486026891972,111.7036071900415,8.014735700272004,6.06099612319822
144.34642534818843,111.58161922713238,8.050045589829324,6.083841449958901
144.00920449398163,111.57175952109094,8.05836186172994,6.103560862041779
143.2216266168643,111.56803799010416,8.076083285349407,6.11100392401534
143.4326217485992,111.55976290998508,8.099857524952677,6.1275540842534895
143.54609369611956,111.55089621582913,8.096428490484058,6.145287472565397
143.42712751199244,111.44439696782533,8.110608686464804,6.134533796299475
144.33231093817054,111.33348191215048,8.090583406416412,6.13257121111069
143.8803326189586,112.10708004148994,8.100718236203086,6.149563117546903
143.97916736197854,112.44641507991568,8.126936120259481,6.142555150984254
144.20294021086573,111.775022454605,8.127735456689066,6.140305298993675
144.20019564450567,112.33392414625578,8.133224589409208,6.143241635552141
143.86310031710124,112.55125614618359,8.134576600551076,6.157136731474516
143.07716325744303,111.75738387412656,8.13476091232857,6.173191468049588
142.97084121548963,111.75028658850475,8.122612913190428,6.187386039293221
142.86926107490015,111.64194479041456,8.100934652120943,6.179231093225168
142.31240265777114,111.6394553363676,8.092777214388892,6.184210001319053
142.43489705855544,111.85844319978267,8.072120051081178,6.194897551010668
142.5470735432929,111.85308230508029,8.071957774917792,6.20561934041541
136.8210475291509,111.74248067918836,8.081498056185477,6.202459616767574
136.82720378736818,111.72911535240314,8.069185539750901,6.229190270338032
136.26063325040883,112.1748133978858,8.078803188638503,6.23661291939756
136.92786465468006,112.74249607803992,8.094175254075108,6.226109954071858
136.5802738636698,112.29926631838242,8.11424855916378,6.212425104144376
136.11634579867746,112.85841846517035,8.141627136268404,6.219717751668555
136.44517322003435,112.41163133835995,8.160940427740512,6.210667826374857
136.2073040526965,111.9681102404489,8.185072846781193,6.194498190926767
136.55297887073846,112.65005454976428,8.171443766334521,6.186050683570577
136.2264458859173,112.43863485634613,8.147826185697559,6.157767703554051
136.5769825578552,111.99343434547274,8.120970818695996,6.149211422801858
136.0376534652553,112.55605052177984,8.078677356360961,6.144930717722448
136.05084440365223,112.55995569634851,8.052295479567073,6.137120368585097
136.0627049653526,112.55898570786879,8.028574356166356,6.139060345544542
135.73697761696403,112.67232992848466,8.012181835532218,6.134987643449911
135.61390809895454,112.67600160444228,8.036021668012497,6.127644291534662
135.49797442943532,112.7908132460079,8.045345886563334,6.1205641288910515
134.8290278437673,112.78665745595217,8.047820363406641,6.128875709002537
135.04636693948797,112.77848312720968,8.05862848634981,6.145224366487496
134.25184402769605,112.77910072749032,8.085451036084729,6.143989165926225
134.46085224257035,112.10999690929478,8.114561850597209,6.140815069534025
133.563294242115,112.33566617293283,8.118033607899955,6.137387603159901
133.56415633441935,112.5585362503076,8.116309423291298,6.139552354768064
133.11969376543522,111.65590218466829,8.109388408050105,6.153128179627734
133.68195159022963,111.64912543369817,8.105261478540706,6.16668168156798
133.12323594944326,111.65057580966231,8.101512438411902,6.1637809296397
133.22701797898716,111.64618399065101,8.118079934863502,6.172564567662299
133.89315090964345,112.3156028685554,8.132979283859811,6.180892022162445
133.88784722957683,112.99750323348991,8.143586643993025,6.166435070127217
133.75986236695005,112.77942662339882,8.17474008414029,6.1529557200967835
133.30974328929778,112.45047111139199,8.174695435883184,6.135654641439206
133.3143133819591,111.89373672131126,8.165555250560548,6.125187457706732
133.3234679873042,112.34764855733104,8.14724603987031,6.115271305792839
133.00034718284942,112.91338871936937,8.121379719595497,6.103970863690132
132.2106011436984,113.02953571951589,8.136670269320057,6.095134224622427
132.54606802476275,112.70002212547436,8.13637352883714,6.083524391059674
132.32286641902147,112.69837991867945,8.136074229752246,6.086808804649504
131.76630025177897,112.6879460293751,8.132204425027856,6.107676583258201
131.65584890500025,111.9020760928951,8.12942434270978,6.113637025089926
130.98222811474798,112.23711468896893,8.134238641199786,6.114773473949549
130.86260412326968,112.79615163821653,8.149656851296312,6.115848439754929
130.28039169454644,112.23380094011752,8.19367111332665,6.120139240536833
130.48809688842024,112.78758495886247,8.2279052577753,6.136682533537587
129.68398772786122,112.21927428158665,8.256826378257278,6.145234459063499
129.6689258144111,112.78262192540087,8.286950205157575,6.149508399997442
129.65360381924876,112.44188730490984,8.317594195482247,6.150811691598646
129.40398232470577,112.10461270466925,8.36241870228304,6.143733168652045
128.69373872118436,112.66824136201164,8.41625975894668,6.155347645949865
128.79361345678964,111.97176327608496,8.445292826245192,6.175608586748767
128.89509646200503,112.19587395618852,8.471882609646054,6.186498814204937
128.53080313680616,112.30582119951356,8.510054723110027,6.196742506532747
128.04914258207071,112.40970549175599,8.549832998456885,6.21985963057893
127.92510750720967,112.28393650139404,8.566034239376576,6.239528702500401
127.45265787471656,111.92027349963244,8.581182662589036,6.269541574693311
127.7900898715781,111.56123562690003,8.605799500436813,6.2881364885873285
127.06975021272095,112.25148179538454,8.64344394242802,6.310679027341425
127.29845764127937,112.12536975641572,8.655590225065074,6.328122535402101
127.41236007530763,111.99490840370987,8.663036581978094,6.353794015844246
127.77154589849425,111.98879675872875,8.652021294385063,6.366017305806484
127.19131231755455,111.99561530640314,8.633395599227823,6.352380210457706
127.4229644517322,111.99660114554412,8.64071536345122,6.350408532175753
127.8884694700024,111.99824874971877,8.651268884457913,6.347113323826439
127.66990405191915,112.00325660183061,8.617405415096332,6.3370976196027655
128.6343354319132,112.11815068682532,8.56709083300031,6.3421279718498615
128.30391091185933,112.24478285556397,8.52553093537081,6.322999946951667
127.96842033136485,112.35935100271006,8.496938742402293,6.327054770645311
127.29466978337236,112.47795458175952,8.447503992104282,6.32267025359353
127.19531604481494,112.47793869624392,8.414212808829642,6.322702024624743
126.97872463698666,112.60073458648822,8.384410939272668,6.308602586742911
126.86232957531074,112.37715883118562,8.386393042635945,6.294138057371009
126.28067034263351,112.03820364449716,8.3967028155374,6.280243215276167
126.39277469809613,112.84724890012319,8.403025543077478,6.275872773281594
125.8153899174156,112.85059386473438,8.405014294244697,6.269182844059238
125.81145514461838,112.73200516991291,8.412883839839134,6.275883277330355
125.23563563044875,112.61135292175575,8.410991152960518,6.286481430601108
125.32748565169979,112.50198830152738,8.45814205954253,6.274359721973741
124.50704427859199,112.39206677770362,8.479436061268348,6.262832948979876
125.08433920865015,112.50692719356515,8.482369804261317,6.264616837878668
124.38723102366215,112.62421468506517,8.48711492070114,6.2616203971346245
125.08269069668772,112.73911958307228,8.485804901772683,6.263412155640861
124.26698872018856,112.74123028753318,8.49593179008966,6.259190746719035
124.14537433769108,112.7277960880865,8.507464841481601,6.286059145612409
123.43266658665625,112.71896928674329,8.539012398501796,6.303712748298849
123.30721391693525,112.70873041005822,8.556837642014631,6.3241905016689515
123.29027009773645,112.57622013973497,8.590725280412247,6.355524464495581
122.82182053503256,112.56756328701499,8.588764116557597,6.372838169935539
122.2253064257867,112.56764585843742,8.606948124569719,6.37267302709069
122.80687393310295,112.56631002638994,8.620026227926619,6.375344691185625
122.08848910142352,112.56672615946536,8.643884646219243,6.374512425034782
122.7915859978548,112.57015778857182,8.652696007242813,6.367649166821887
122.31153034790161,112.69818971950794,8.669385002706292,6.347440881060358
122.42316930774538,112.70185669394147,8.681884727526334,6.340106932193305
122.302706328131,112.70429301052494,8.68696360516202,6.3352342990263475
122.30863891469416,112.7093595903517,8.675098432035686,6.3251011393728245
121.9717169572259,112.70902505551372,8.64244902516633,6.3257702090487875
121.27100125880261,112.708228124324,8.633801811394736,6.327364071428226
120.921510679433,112.70944899819709,8.628059152371268,6.3249223236820376
120.44556833345382,112.70926085040993,8.640821143455401,6.325298619256358
120.43083345544039,112.71084332810368,8.670290899482282,6.322133663868862
119.73885223539715,112.59181110038656,8.641996776441996,6.324822025448645
118.09614954248129,111.77724190997961,8.637532667320338,6.309025658785842
117.39292721518531,111.89832635773169,8.635995125867185,6.301520462622544
117.04736325240633,111.42563589106219,8.623571507168299,6.308832670285728
115.06909918693182,112.36428550280417,8.59447390413417,6.307122027499733
115.65443989261978,111.54218285605839,8.593685671889778,6.313476870207155
116.35320206332129,111.54364682651675,8.600586606042896,6.310548929290431
116.00191211423264,111.54926210613961,8.60078345779456,6.299318370044721
115.63997312650756,111.66323786420664,8.622822066771642,6.305313309401693
116.21119226838167,111.77974997373065,8.652281020029099,6.306668537754796
116.3199323238741,111.76950603675986,8.669649786540951,6.327156411696365
117.13366315877653,111.29397114939394,8.690329761812269,6.336430960670383
116.53638893476254,110.46745651165067,8.70530353399639,6.338055689975538
117.00929506613413,110.46334766324254,8.704166715687618,6.3462733867917915
115.93444276063593,110.46590835566482,8.727292675726735,6.3411520019472265
115.81292695213322,110.34147779157009,8.733770927204448,6.353459764608992
115.1188427454468,109.74981011679853,8.700816687303552,6.352526236423985
113.92620873327384,110.69030807655736,8.722701718534019,6.362236711398718
113.93322039869166,111.1702607638664,8.708678387698361,6.3496508563307
113.9402785732519,110.4608177352803,8.694562038577883,6.3500742949545375
112.75932475236304,110.58068125210171,8.694438575380412,6.346550371809233
112.64777589713773,111.50384830920729,8.681392884359061,6.389363469373681
113.94725271542012,111.49870121434911,8.685562465814018,6.399657659090037
112.98490034708924,111.4993778553405,8.715229832044793,6.39830437710726
113.10648660664978,111.49196662272162,8.709365506987096,6.413126842345016
113.32905794301605,111.49037380933366,8.739147117888987,6.416312469120913
113.32391983763857,111.48742757979396,8.749423328643967,6.422204928200323
113.19249662614216,111.48853047404208,8.774050222084385,6.4199991397041005
112.3445287021768,111.48566646361213,8.800084710870285,6.425727160563988
112.44100406551264,111.4865719083152,8.846180571298657,6.423916271157864
111.95878273525571,111.02000142709132,8.851757643582921,6.398191645376029
112.808651742731,111.74938827546788,8.827668041186215,6.375688016526207
112.10335874175394,111.75710830875359,8.806394780235703,6.360247949954783
112.93506429783608,111.5191279333194,8.809451791230181,6.360074951349244
112.44636102282965,110.68647357107092,8.834416813376079,6.358611002079008
113.39569090674323,110.80269080436075,8.843475179849298,6.364641302286908
113.41195954966591,111.39598442550871,8.810937894003935,6.371560195269533
112.58084692529492,111.39891843923732,8.804911367220967,6.365692167812309
112.58747272974422,111.39457638470607,8.791659758322373,6.374376276874824
112.47375157550549,111.39513956218194,8.781026498476445,6.373249921923074
112.3673978934615,111.39870424450203,8.755838098838039,6.36612055728291
112.13880850204029,111.39873797438894,8.738223843185526,6.366053097509072
111.41884870136838,111.39270481003294,8.75537474672802,6.378119426221081
111.30187025089936,110.68000721744909,8.751745145910714,6.377995600856649
110.71052466690236,111.62562824400663,8.746789397641054,6.386988613763377
110.00203942965669,111.62162547451484,8.738149231311388,6.394994152746967
110.24236806745594,111.62158323532533,8.732695881318987,6.395078631125992
110.47954721991721,111.61685865830131,8.733378660767656,6.40452778517403
110.83349852687783,111.84575335612593,8.738533788005274,6.422110216964037
109.98106352453188,111.01353304028373,8.777035833035264,6.420182888986499
109.96398143657456,111.13641286735935,8.811200008949907,6.413028918575633
109.72550317288655,111.12814685498563,8.810142851830546,6.429560943323096
109.737015663259,111.84835056024052,8.787117871085634,6.424726674980452
109.2423772082973,111.00944995274088,8.821061524282333,6.430694690708005
109.3581842829038,112.07709047462285,8.828893904635366,6.450432413038655
108.38861483714929,111.48412306753796,8.848917770985656,6.436920336484176
107.89386875270247,111.00739821649512,8.878523998483448,6.430484097174022
108.2448985399273,111.60526369564437,8.89740915736981,6.436327694435583
107.5250945703785,111.24753060429809,8.892833035106936,6.429701846447887
107.63929343347746,112.0821446162863,8.904954371359164,6.444107259622597
107.76247013299593,112.07546872935524,8.899540579502847,6.457459033484717
107.88468427751872,112.6753802872424,8.89618913998663,6.463020165357099
108.23968428312625,112.07526624437111,8.909541163258975,6.457661526954022
107.0492560547113,112.43411704914297,8.87807886157963,6.463655544963067
107.5379558570254,111.71736551532906,8.864091166899183,6.452040747669266
106.5872231859664,111.83218112380669,8.841956436870179,6.462859539732367
106.95577181265274,111.82668128481278,8.82573404191388,6.47385921772019
107.21028673855344,111.9466320192422,8.79715567463453,6.474183491122345
106.25912600990767,112.20010394772403,8.781101602494845,6.4468335165164685
106.37737323898664,112.0722876438148,8.78371174541859,6.463361523253283
105.31165189458326,112.18664863183042,8.760417043711712,6.4740548128346465
105.43892843731454,112.18691725148052,8.74510048838236,6.473517573534447
104.59626914148687,111.47548340888225,8.75745481292835,6.462415886922956
106.14461232364545,112.1912325608385,8.767778639639912,6.464922286562181
105.17873050799918,112.06639302752866,8.785952248949915,6.475402600434037
104.56935984920632,112.54706324307247,8.806460082849622,6.472648956295228
104.44163973554059,111.47638351753221,8.821987175449207,6.454790194788959
104.31298294527869,111.48126199264605,8.839444731705667,6.445033244561285
103.47794647172402,111.24318144638819,8.829791246719761,6.441272499335491
103.35176894452705,112.09501190939794,8.842393637272783,6.415880220202477
102.86663148874425,111.97985479697054,8.854560736908965,6.406667492074909
103.09573341715392,111.97384751976648,8.875477161961847,6.418682046483037
102.50507488513777,112.21467149940179,8.856420358042197,6.417183634393202
102.50929242547431,112.82405123169023,8.847985277369109,6.397229840506665
102.7538507062922,112.58443877321707,8.837479383506555,6.39784408967977
102.50905654697155,112.70521511673164,8.84875549574275,6.395447505853174
102.63220497652442,112.58692286976583,8.841746358239273,6.392744278182521
102.2618312423377,112.70561206791658,8.865082798146227,6.394502891369861
102.26843740920569,112.47085927560188,8.851870464410256,6.38496897763691
102.38673260038237,112.46973380646642,8.85444279551431,6.38721991590781
102.27807572008999,112.35100881147984,8.832517841095928,6.385431190877821
102.28047353597576,112.58627844809932,8.827722209324383,6.392645682305243
102.1520437476575,112.81902448999033,8.845659079625118,6.404999011194787
101.31723980499133,112.46566097774681,8.839482906676722,6.393532867847201
101.55347860450179,112.4604239718636,8.845236597185862,6.404006879613601
100.71691281560562,111.99664855496253,8.842743081121371,6.374057659783267
99.9899728914605,111.99532796014633,8.863553168834356,6.376698849415663
100.09766340281121,111.99812170779853,8.887375968668358,6.371111354111261
99.85315565994065,112.72355664333634,8.897445644377484,6.357078913131532
100.20192229821059,112.48953852681761,8.918095881028112,6.346326137375335
99.35756046970708,112.25072580414998,8.930108579445543,6.344891308827864
