220.3,1.1,6.6,6.8
219.91407340836454,1.231751720154234,6.582870929105256,6.802603034697174
219.92638103214105,1.2243437747621213,6.558255681552209,6.8174189254814
219.93549605737536,1.9481316495866268,6.540025631083605,6.844257795633726
220.67854482821716,3.0023902832221983,6.529265614548369,6.843365564288821
220.68642313340888,3.732477244941929,6.513509004164944,6.857238295547506
220.69199653358794,3.7166005781570446,6.502362203806778,6.888991629117275
220.69571623074046,3.7072759981426393,6.494922809501764,6.907640789146085
220.69861328655944,3.821453661883873,6.48912869786379,6.890324435710381
220.48957602101024,4.349893486550399,6.485850496074957,6.886826618595455
220.38924168175453,4.236366302291793,6.475949503167846,6.90331131569415
220.71101003046465,4.247594964915262,6.464423247730991,6.8808539904472115
221.45303363904867,5.08692708214802,6.451329886149996,6.883279876652603
221.3571482206643,5.600318293832864,6.433134413933313,6.906328998210013
221.3675120836398,6.423118855232429,6.412406687982303,6.941025831482503
221.37688681042405,6.409254102889725,6.3936572344138005,6.968755336167911
220.54287915433778,6.500904233060699,6.3786088246520265,6.9958380410677545
220.86766934604964,6.486202710967055,6.360723831430218,7.025241085255044
221.40138769188565,6.468291351533917,6.346975385133659,7.061063804121319
220.87432791560576,6.57324646153584,6.345718208508471,7.062228929954457
221.50694294592026,7.402881191012717,6.346928468404908,7.0915465650345855
221.29202391562734,8.132461940968394,6.353669940442926,7.113223125040549
220.55110086406557,8.110986495065818,6.351567082221059,7.1561740168457
218.63178466334517,8.631134833665193,6.362932098242481,7.179007168930101
216.17947176244894,9.4595418437179,6.364830631975205,7.227489589888945
215.63971623106642,9.559399572731934,6.374619274316765,7.241718615945571
213.81825362797855,10.394176827358368,6.374073976304832,7.286738461604545
213.0618357684178,10.483677318466015,6.381833793220556,7.322748322561508
210.5839013220385,10.477687294966817,6.376763976626023,7.334728369559904
208.0997090369318,10.469552905822873,6.381812413081237,7.350997147847792
205.61689770686604,10.457075264563187,6.376444368964322,7.375952430367162
205.2958468285125,10.669189578467023,6.369255728091433,7.3845840676127725
204.3169933152365,11.094311108704872,6.3789279941736785,7.400134234012548
204.41595204037537,12.386309253293932,6.3978546133272705,7.4182667780108416
204.51925672769974,12.158868599295007,6.408673548158822,7.4382914670480735
205.28172668692346,13.445955399560212,6.40911540310283,7.479058049474331
205.94101341964722,13.43145028759848,6.401836372446398,7.508068273397795
205.83335811924223,13.854030047711035,6.398266607993347,7.538430214224801
205.72708185562084,14.726131436898166,6.391527287711478,7.54856221604766
207.37070922948593,15.151340749178695,6.394370181423534,7.575502962537871
206.4786538434453,15.909266313813871,6.420070285649264,7.598261167641095
206.3687308569433,16.11740022886957,6.419350146214946,7.623125562406344
206.2530615626922,16.43877671361294,6.429750612790638,7.643186958699008
206.6928736677727,16.196686751384505,6.43578643091796,7.684536869011742
207.68118627592375,16.411138747163783,6.458509396582583,7.699932473445798
208.22905011343127,16.944943800277663,6.476547801075518,7.746088446726002
209.23558406274478,17.723757372996808,6.477277945878336,7.754748668399774
209.46309677632152,17.712171104068887,6.470053656452311,7.777921206255614
209.12040098243816,18.500494927515472,6.4830219239466125,7.770261306664658
209.7820601589567,19.51217407158082,6.505096724169388,7.76499274842376
209.77714974356095,20.40640883578788,6.514917554960921,7.7725771761327636
209.89071838158912,20.50612375617337,6.512562165599993,7.797929222057214
210.7809971722332,21.403430210352735,6.533082084701677,7.804393814088357
211.00493975917382,22.18224756339516,6.536326925951896,7.825714160963524
211.78770082989433,22.392731370627164,6.552426018956688,7.856638327769744
212.01045652064747,23.291577321615364,6.560278439320033,7.872401633271803
212.79457137050326,23.500533933935728,6.581408239059624,7.9085911227599786
213.3545442799287,24.290810334527627,6.601210160304623,7.9236851577103735
213.35077811446638,24.27438901811518,6.608742491229253,7.956527790535266
214.13578939958123,24.949483244167794,6.642620815981224,7.981111534128646
215.84276611269988,25.041678747616988,6.679473029047927,8.026774236517191
216.63515289444746,25.965494193540785,6.714158854555699,8.029954074958678
217.67814520129218,26.761784103083098,6.715809645801222,8.061090681934571
217.90551336297304,26.993271808587707,6.72600507619285,8.063047024678669
218.83668084195955,26.748405392963413,6.724953209690385,8.08745908305961
219.76407884298362,27.920581647711856,6.734313163059785,8.073301517834633
220.58986568435492,28.60643260307188,6.713405693289316,8.099313503947823
221.63499822857554,28.73010572932642,6.720282589298763,8.084983027488825
222.4598107527491,29.306212111682626,6.700999768147476,8.09730042505915
222.4677002834109,29.303753254655227,6.685220706823889,8.102218139113948
223.1760948727512,29.76800438320295,6.664065187508401,8.104138321595268
223.18770290858436,30.698614765550047,6.6408491158421095,8.101265911125001
223.19400805840868,31.164592004695887,6.628238816193466,8.096808726156903
223.44378605342243,31.15394769675703,6.591886860085642,8.11809734203462
223.5709479573582,32.07497689010196,6.568904425147946,8.126769938814926
223.6993686095941,32.17975302387511,6.543165742453302,8.148320293045835
224.17587829333124,32.97372743702767,6.514212375964338,8.177486968464995
225.00496451689767,33.0770280489782,6.473000536796821,8.2018801171304
225.02370908347132,33.635092861494165,6.435511403649493,8.239246409149763
225.1557435206792,33.62511525128182,6.402104238396424,8.25920162957445
225.40425057934678,33.72886099242258,6.365936492790801,8.282133333157681
224.72706220352543,34.058068864517416,6.339207480016045,8.314270471176744
224.97330763380882,34.846331553061304,6.307194228144593,8.349416724522346
225.21764322535734,34.82912840740494,6.2790269125152856,8.38382301583507
225.69240988116843,35.03746668999553,6.250755599920821,8.42777745016773
225.59577498147038,35.82778714949551,6.213503867904943,8.46078725105161
225.380266860923,35.93305612885723,6.183694658401002,8.480662017627509
226.19206446700326,36.146265586255446,6.171677367986092,8.514693937615542
226.18786660175672,36.958616584143115,6.180073098479197,8.503803036441575
226.29529180425493,37.07748777801629,6.1957398202540865,8.49657777546652
226.51238438711152,38.00576482593766,6.2228840729601655,8.485341353300909
225.693342424846,38.221468262475426,6.244391439744226,8.515813496724498
226.6102850319858,38.81198710785153,6.264546783501298,8.49355115474522
226.71846586571027,38.70092651913328,6.279932443205586,8.483925005028494
226.71336048208684,39.86546852327377,6.2901432104524835,8.473372128024257
227.1720999723897,39.64563130284929,6.300103791199811,8.449326788196666
226.94324768422166,40.562297837736196,6.294493987698852,8.469251237771148
226.5843479166667,40.790876169809415,6.31668815300629,8.475831486826348
227.15080960930118,40.5425181773747,6.345424057388088,8.507883755835486
227.01674213319,41.46097671224762,6.380269212983697,8.537285059103183
226.7648331310375,41.908789664704194,6.41547253191165,8.578888524944146
226.98132208243575,41.77472452686192,6.453527461184219,8.611502384594194
226.13059456374177,41.86383814973544,6.498535508855689,8.669910423092347
226.1116139222267,42.432257010170645,6.536496791885863,8.724375205268842
226.81449059734118,42.90667569569899,6.569006114651097,8.734379616208267
226.79573514999424,43.846803414883084,6.606517009344927,8.777278650299273
226.76445982875424,44.07734228114005,6.66906765182493,8.799522466686975
226.7397081314438,44.77316656092966,6.718571046445832,8.866003230798794
226.8339048032683,44.8723343580971,6.775020897530053,8.912510831197116
226.93122577819997,45.33661426106445,6.8268527142437865,8.969846091570668
226.54334355584862,45.95341768284307,6.858035259329073,8.977209080709073
227.40286939461805,45.93714599238385,6.8806887904962455,9.009752461627507
227.3902558498133,46.54858573021344,6.905915880105773,9.035277995174619
227.25008677550994,46.532271030547065,6.935772136446247,9.067907394507369
227.22976776316574,47.27274080423611,6.976410161134664,9.095767776679972
227.21416177543526,48.280128934722796,7.007622136595611,9.101426949500556
227.69689167976057,48.39411913266405,7.054760425562404,9.1265960780224
227.4197058381752,49.15716223010146,7.100528545505208,9.126320572831373
227.53334506697533,48.895213087680816,7.128292690697499,9.140133652087552
228.2974499112247,49.923812526991824,7.13431580644966,9.128578512466731
228.16005338781187,50.67035021520771,7.153482131389809,9.16926346734798
227.76727148181538,50.775922202461004,7.169364126518964,9.214680098462658
228.40406731377345,51.39734166837197,7.183339154342457,9.25940785838033
228.26911118401836,51.51140719913514,7.194827025993417,9.289701184713225
227.73748388680525,52.39380093698487,7.221784476771903,9.338433710397254
227.8475961455997,52.77728006136261,7.261817692536627,9.352248661702683
227.95384041356886,53.79991573304626,7.310449719309382,9.395941820023738
227.27444182129776,54.301637503078474,7.356347867049599,9.442817509400893
228.45411769710128,53.893577370900985,7.373384665729142,9.46680825699368
227.5179828827779,54.93865831878521,7.392844472051124,9.494143301025002
227.49872804399857,55.45521589397836,7.431354149609799,9.52271458930137
227.335828967804,55.444311773296654,7.490667409463867,9.544522830664784
227.0368922384021,55.572214317307235,7.552975228361834,9.556500562596538
227.42092755314886,55.84837770472317,7.591839587598731,9.54213044691827
226.73485675239183,56.54549319629064,7.61703644049248,9.494844212403578
227.24444237393715,56.55170435807328,7.674155156140044,9.48242188883831
227.10222442848604,56.81111413876257,7.688784164396515,9.503216092751275
228.0420163045395,57.72338862570621,7.701741007976385,9.571207714550816
227.63512627791678,57.42664836239098,7.700672001923998,9.621455534982708
228.5837604126135,57.82602643423435,7.70999246660142,9.639808848754928
228.57520438196025,57.8115381359626,7.727104527907891,9.668785445298429
228.4377291007825,57.790408873395776,7.728531023848371,9.711043970432076
228.41117650356614,57.50352780591122,7.781636218281057,9.736416154220741
228.93966237238544,58.44223196135379,7.826444966572633,9.787123693713427
228.64751565641623,58.41379196357271,7.856840271231635,9.84400368927558
228.35769467729722,58.233255348189026,7.879854319108912,9.926762964862586
228.63147912298066,57.78807698806267,7.89219663683253,9.977252871479571
228.91036484796643,58.88578751860852,7.896283842875284,10.029266434444981
229.04117822220036,59.4391955459149,7.916449163459449,10.049618656040222
229.17954638958417,59.28325421754707,7.922144011501806,10.07907012996588
228.45957065005837,59.55053865927443,7.947223094431362,10.110450204960008
228.7367489214841,60.5174663930783,7.9605909955752985,10.163630291336109
229.153932680659,60.48309060533378,7.980903033783557,10.232381866825147
228.99411389606738,60.47713747247016,8.01426562082432,10.244288132552384
228.84951636874044,60.887360996981386,8.01646104928765,10.284839962101533
228.83743681791591,61.744016027925575,8.040620150936716,10.297462739518142
228.82595982771787,61.742005040889396,8.063574131332793,10.301484713590492
228.53785082117253,61.86421018482004,8.062439734276916,10.345750630802518
228.54088821349595,61.989920179619446,8.05636494963007,10.383665352355084
228.5370220446965,62.132908099268484,8.064097287228968,10.387504912322111
228.53543214829594,62.27320711294736,8.067277080030056,10.396906817825656
228.53278865173206,62.55753781551665,8.072564073157832,10.408636154080458
228.96407285576507,61.52660043997309,8.0813776772738,10.43728621007627
229.38750413155032,61.534739699163616,8.107640872928835,10.421007691695207
229.8258868830495,61.65677232692181,8.104537227787334,10.468163055464455
229.68087799211372,61.65207462972453,8.102664273450308,10.477558449859012
229.68436255989812,61.654954773602476,8.095695137881512,10.47179816210313
229.6878019290565,61.92270931439258,8.08881639956477,10.519893655136372
229.6882963879156,62.03938332574217,8.08782748184652,10.578970318209386
229.67980330768205,62.1711246391853,8.104813642313683,10.608797850140366
229.66617034505126,62.4437747240643,8.132079567575255,10.651582205244388
230.4094033929323,62.43301845041577,8.121311953169219,10.673094752541429
230.26498261469553,62.42172999012335,8.114861405304175,10.695671673126276
230.10917875651788,62.570917809500855,8.130938099633234,10.692827056397508
229.81313476621924,63.16639085784388,8.131525895014585,10.68488133014335
230.25904517978648,63.17258888417423,8.126620650528707,10.67248527748265
229.65815089934873,63.32556528042703,8.146931430408552,10.661901930225977
229.64582980616768,64.36619997244495,8.171573616770587,10.649408247383965
229.63718293205696,65.12969360127008,8.188867364992051,10.601173813962026
229.62845132715017,65.45890350440266,8.206330574805662,10.53334578952923
229.61547335849238,66.66104832866125,8.232286512121224,10.485405319119552
229.90029113772968,67.8554513933702,8.25111580490811,10.45045859474776
229.88203027351906,68.16126214654392,8.287637533329336,10.426843876193008
229.4404812757559,69.19211736643435,8.28803204159338,10.424774906690805
230.02650632693232,70.22962698884459,8.292818711316135,10.409220013002628
230.16135566527632,71.38741968537316,8.317168493148953,10.4460222881118
230.02480600564095,71.9576415900675,8.295260344158347,10.485608351768315
229.87518094585826,72.39494123063555,8.299252039918237,10.496784342048556
229.73920160890353,73.54133192357186,8.275716329117994,10.567958033854044
230.63390557646855,74.53835788538336,8.263516619680203,10.647315706872066
230.489858027527,75.53151129884144,8.254395436959921,10.741522844180073
230.33711120134765,76.23406560674889,8.26138247891308,10.828947280392681
230.19761407198757,76.33050811747074,8.240422169363363,10.936016827218868
230.04454180266475,77.33696486784606,8.245322360802518,11.031813756913586
230.21108362231627,77.44075641056885,8.215021746948276,11.12701369691677
230.37326315079858,77.85329230121532,8.194397440047002,11.213146165813999
230.83629469193144,79.04541512553672,8.182449033127694,11.26653965142832
230.6934412828308,78.40506341929485,8.162836788372946,11.325966812087893
230.40844262573194,79.5004224277077,8.121038083021528,11.276534863684294
230.88166626442847,79.84762948120704,8.0879751276685,11.191043638045663
230.74822470435396,80.6290862456094,8.05223643258636,11.141239185396826
230.74952770044723,80.21075800886166,8.049630440399804,11.074057946415783
230.749286459113,81.28293339955346,8.050112923068312,11.031228993412595
230.90884731861507,81.31350809608813,8.030566552378996,10.970079600343233
231.07391470960664,81.78658963892231,7.998758004160884,10.918895215969913
230.9345506182716,81.7968787512154,7.980459023763303,10.898316991383721
231.24247413224032,82.1175716807519,7.95744095535999,10.849760091844809
231.10017305085287,83.14199863796742,7.94674361937226,10.868002668751629
230.80396708165347,83.43353795548101,7.948353520318697,10.875726071176832
231.0963626055953,84.47571675226675,7.954651860740849,10.860181336675828
230.94970755791783,85.49426627512099,7.952549946511743,10.890966358055476
232.11808063530577,86.5238532695076,7.982563189361527,10.902706842204708
231.22650991029792,87.54543018026007,7.9866106834677355,10.935162635927501
231.06791772441008,87.5236300027207,8.006720215431553,10.978762991006235
230.90332272631233,88.84147357329752,8.03784348199127,11.025676416574466
231.62756503561098,90.15657808795484,8.085807227584452,11.089074442802673
231.60632143530336,91.19894635451081,8.128294428199688,11.111612714765013
231.45350452595497,91.04039177252899,8.131849565902828,11.126643197735003
231.43983601512548,90.87337058000195,8.159186587561804,11.158320365324307
231.4223328260345,91.77430485902764,8.19419296574373,11.176220182195822
231.39345427290291,91.75371296038777,8.25195007200694,11.217403979475554
231.37377934752774,91.89837561844628,8.291299922757272,11.233792237437788
231.3449166330844,91.7175540673049,8.349025351643926,11.288827734871328
231.3117047714357,92.60936333500533,8.415449074941371,11.355549149505013
231.92763895891395,92.27474778644758,8.42555049725696,11.40379534798447
231.9096008706918,93.02554676216725,8.461626673701247,11.459154290217786
232.21805984315642,92.83128011224473,8.470356612457337,11.53486364822016
232.51615602936414,92.64100386929827,8.50239901932306,11.601298744472505
232.8084976851216,92.45600238965903,8.549019599004204,11.655649758152915
232.61155974007454,92.12627121761311,8.625653407153369,11.680627938354807
233.22685747664352,92.10096652097414,8.670569695534887,11.731237331632753
233.03209508336903,92.06875599559712,8.739711314971759,11.79565838238678
233.5026855269939,91.8865276410045,8.766016013508596,11.837619896309832
233.30011350637406,91.2203867553841,8.847596014081706,11.875645504884451
233.26492390245502,91.20005653921525,8.917975221919814,11.916305937222148
233.88779288459426,90.0457322809914,8.981230875935216,11.934215621655479
233.86871257584644,89.02906578218922,9.019391493430884,11.99621638909617
234.32611873968543,88.18031900309147,9.094949268941502,12.043093108644078
235.29508798577103,87.34305776836331,9.149443737534883,12.057254777463202
235.26938411199376,86.84943643611942,9.200851485089485,12.04496354526928
235.0735013124314,85.52270816101601,9.258787634799978,12.027784500162634
234.88144259366192,84.17492778654372,9.30839326313289,12.047250775458561
234.8518618523998,83.8395990954237,9.367554745657113,12.046673777829305
235.1527672511163,82.50744737856714,9.438886928350495,12.01840529103689
236.12521702702782,80.81172051104781,9.51778214124676,12.036867751543424
236.08019740293642,79.93722250892175,9.60782138942956,12.091547391671945
236.23341825939448,79.72609421657417,9.642541936246166,12.172641716634319
236.03427033603774,79.68432383924153,9.697869704084859,12.256182471299605
237.22509272571213,79.63790547544771,9.732245201536106,12.349019198887248
236.69579190318711,79.4298504366395,9.74947044266493,12.418003808529944
237.5866634709229,79.39022712585852,9.71003304478791,12.497250430091892
237.41606753438094,78.50040974336454,9.702193222184581,12.531726716643576
237.24049659887675,78.48957043518696,9.703904183474888,12.55340533299876
236.67808103297955,78.66900977734912,9.77936547411369,12.544316595726325
236.4552581319697,78.67650396636937,9.874132008054831,12.529328217685814
237.2693578459456,78.52159301521817,10.006884534225046,12.486959729163818
237.21094213341047,78.58830210877237,10.123715959295259,12.353541542055433
236.97018807555807,78.30740872380692,10.25168723054037,12.208254623066983
236.5515395018015,78.37468195344982,10.382255991461802,12.073708163781157
236.1027856965929,78.41639840709264,10.572990914237666,11.990275256495526
236.69411982403258,78.09429871375869,10.810929607355039,11.924171169165046
235.87548214722827,76.88029480550871,11.016501911212611,11.84669864860069
236.10458053604685,77.28006227082015,11.278287245065457,11.767145829467797
236.33491521507614,76.59372804148198,11.543417470614251,11.688215120929362
236.3999878832529,76.81041812029412,11.779122839454214,11.62068566849857
236.27567030711035,75.92824941152371,12.027757991739291,11.542529037788192
236.17171981249805,75.76512750501138,12.235658980963892,11.497606892502988
236.28026865391067,75.7849526698451,12.392268333202363,11.457956562835552
236.58659763909148,75.62237186406185,12.530654436887803,11.407596137378539
237.2842724533717,75.28312126761502,12.642811180656857,11.332344144107443
237.9650409698046,75.69731913505493,12.790956036822994,11.258789353743584
238.11359216000477,75.15497992632595,12.872397606668773,11.207835920463182
238.630039547179,75.56070377683837,12.976471946091875,11.15436762861938
238.4100766028696,75.20244397192685,13.036655548101109,11.111402665223327
239.69714576010196,75.41604666820926,13.122391977599023,11.064179378938883
239.08827807586817,75.43885359002743,13.198489493019649,11.01856553530254
237.90170515918123,75.27259801226634,13.285728484933955,10.970092217248117
236.3325764038641,74.54607132799485,13.371617930309087,10.89696155316153
234.94672445129652,74.57038320742012,13.471524740323794,10.848337794310984
232.6240516517124,74.60144653528788,13.527679340933918,10.786211138575474
231.26537565051305,74.81532742084195,13.569022720816015,10.740736313541147
229.14568655938118,75.41308211619628,13.604392748558787,10.691774601338217
226.45618779282202,75.4419745744571,13.636386246095286,10.633989684816559
224.91599818682423,75.6522122901301,13.66493496385629,10.59499306524989
222.6073859622827,76.62991996436247,13.706792025523306,10.545980794875158
221.47674441965663,76.83081044790617,13.681345158148114,10.525321486558994
219.76344025337875,77.60650247712871,13.684385059471916,10.495523397550336
218.05267924226098,77.99894455635199,13.686292231902259,10.470553650171604
216.89606198074225,78.0213947123613,13.722051768350893,10.425653338152983
216.48313819219138,78.23865757011392,13.789115389405715,10.370519600671214
215.72524601038313,78.63402724593705,13.786846676616587,10.338806787227746
215.92062464331022,79.21748245750538,13.77504965270487,10.30877708991852
215.50714604148533,79.43330801987189,13.845427793447818,10.255415496638932
214.1841141867078,79.62485164060416,13.842084628135757,10.250814951583978
212.67868815503724,79.8155184418256,13.826052609404469,10.247841859400166
211.7629702156803,80.3929504733044,13.76714819408218,10.227181972864312
211.41620132339733,80.38431359261244,13.707018004232399,10.244455734248213
210.34026691796726,80.56471730412304,13.601675399609634,10.259850213807521
210.71818614537875,80.9549126161049,13.595536175251011,10.229158820308134
211.2775949652082,80.97302206223937,13.599482137011774,10.192939928039214
212.19785544298279,80.97985634125648,13.627573478883841,10.17927137000497
212.4042079651655,81.16292168771787,13.588794877167862,10.187067119731697
213.1284445989776,81.74415657343351,13.634176491594557,10.14498850983855
215.27714224149304,83.27039307420918,13.818371369137008,10.0802422833361
214.26884179455865,83.11483811256214,13.958955445705113,10.016148843170054
214.21434120120915,83.12485913777542,14.067956632404083,9.996106792743477
213.78890121503616,83.33043368540618,14.163630787998093,9.962560605857952
213.9503685218918,83.93401775764389,14.21919344068305,9.890884260571104
213.71543851733443,85.47668538951376,14.310899867433884,9.83077765574239
214.23942472666346,85.50672801618957,14.39855866095601,9.770692402390768
213.7984188671131,85.72934571554838,14.522830865783435,9.704326760809803
211.8610931059626,87.0816738008955,14.601093910705778,9.657142524280603
210.3335302357148,87.27384674805425,14.615973041397696,9.652827456188561
209.76725307962803,87.10168466745326,14.607979690466028,9.616969063022172
208.25861709923743,88.44856488924215,14.589526281509976,9.57946831796455
208.08147473040273,88.07734143236135,14.565246838623853,9.564786870615144
207.93540070317195,88.45863125148846,14.479439716965816,9.558117584600097
207.94647435878665,88.78864720955852,16.25935618364236,10.562156073242026
207.94647435878665,88.78864720955852,16.25935618364236,10.562156073242026
207.94647435878665,88.78864720955852,16.25935618364236,10.562156073242026
207.94647435878665,88.78864720955852,16.25935618364236,10.562156073242026
207.94647435878665,88.78864720955852,16.25935618364236,10.562156073242026
207.94647435878665,88.78864720955852,16.25935618364236,10.562156073242026
207.94647435878665,88.78864720955852,16.25935618364236,10.562156073242026
201.01109741518945,86.2987892435448,15.918910229694777,10.715198166443635
199.50093008433228,85.80573791013312,15.59981590879745,10.86644358761406
202.11976367917953,87.43289668228138,17.07893871064213,11.452157928591765
202.11976367917953,87.43289668228138,17.07893871064213,11.452157928591765
202.11976367917953,87.43289668228138,17.07893871064213,11.452157928591765
201.16101791278828,81.62153091339297,16.856803959589904,11.656257519953314
200.7649472789539,85.30215037145783,17.78864062463161,12.091851110742978
200.7649472789539,85.30215037145783,17.78864062463161,12.091851110742978
200.7649472789539,85.30215037145783,17.78864062463161,12.091851110742978
200.7649472789539,85.30215037145783,17.78864062463161,12.091851110742978
200.7649472789539,85.30215037145783,17.78864062463161,12.091851110742978
200.7649472789539,85.30215037145783,17.78864062463161,12.091851110742978
200.7649472789539,85.30215037145783,17.78864062463161,12.091851110742978
200.7649472789539,85.30215037145783,17.78864062463161,12.091851110742978
200.7649472789539,85.30215037145783,17.78864062463161,12.091851110742978
200.7649472789539,85.30215037145783,17.78864062463161,12.091851110742978
200.7649472789539,85.30215037145783,17.78864062463161,12.091851110742978
200.7649472789539,85.30215037145783,17.78864062463161,12.091851110742978
200.7649472789539,85.30215037145783,17.78864062463161,12.091851110742978
200.7649472789539,85.30215037145783,17.78864062463161,12.091851110742978
200.7649472789539,85.30215037145783,17.78864062463161,12.091851110742978
200.7649472789539,85.30215037145783,17.78864062463161,12.091851110742978
200.7649472789539,85.30215037145783,17.78864062463161,12.091851110742978
210.5602735281359,80.36644367760076,17.513871658708272,12.33348422992635
210.47934311531262,79.32371840488658,17.207468653851027,12.545879453339516
210.65231339737676,79.2101786184229,16.86152808972273,12.772959026266868
211.473454499034,79.13795079414683,16.615965207232716,12.917414674819026
210.901091106788,78.80817308947225,16.36815220445033,13.112790155076706
210.32060560698676,78.73244493397802,16.13844722566944,13.264246466065185
210.4112406625777,78.9072082118079,15.957177114487557,13.377201051866395
211.06051385700974,77.60663979441479,18.35967851291916,15.173776132945198
211.06051385700974,77.60663979441479,18.35967851291916,15.173776132945198
211.06051385700974,77.60663979441479,18.35967851291916,15.173776132945198
211.06051385700974,77.60663979441479,18.35967851291916,15.173776132945198
211.06051385700974,77.60663979441479,18.35967851291916,15.173776132945198
203.03241798429843,76.93879657941207,18.354219876058625,15.005755018244347
208.49042013277491,76.90461264396966,19.096748448113097,15.932967884633724
208.49042013277491,76.90461264396966,19.096748448113097,15.932967884633724
200.3729192200268,75.95097954648662,19.111035849642228,15.710205014063959
205.45369705857703,76.09993477558875,19.97321103463731,16.758025950854442
205.45369705857703,76.09993477558875,19.97321103463731,16.758025950854442
205.45369705857703,76.09993477558875,19.97321103463731,16.758025950854442
205.45369705857703,76.09993477558875,19.97321103463731,16.758025950854442
205.45369705857703,76.09993477558875,19.97321103463731,16.758025950854442
205.45369705857703,76.09993477558875,19.97321103463731,16.758025950854442
205.45369705857703,76.09993477558875,19.97321103463731,16.758025950854442
194.88995685846888,75.41229453819727,20.050980762661816,16.472601151228385
201.11138461514662,75.3814895523396,21.009726205072663,17.644954309681616
201.11138461514662,75.3814895523396,21.009726205072663,17.644954309681616
201.11138461514662,75.3814895523396,21.009726205072663,17.644954309681616
201.11138461514662,75.3814895523396,21.009726205072663,17.644954309681616
201.11138461514662,75.3814895523396,21.009726205072663,17.644954309681616
188.19607297490506,74.35442843313157,21.04013117167229,17.34231918070597
195.4077549127598,74.54035212175285,22.167963888492054,18.611631497278925
195.4077549127598,74.54035212175285,22.167963888492054,18.611631497278925
182.7874460605392,75.39805389672009,22.114604736121322,18.259769756338716
189.23988268587303,74.37932831431597,23.43317484281281,19.64808685494008
189.23988268587303,74.37932831431597,23.43317484281281,19.64808685494008
189.23988268587303,74.37932831431597,23.43317484281281,19.64808685494008
189.23988268587303,74.37932831431597,23.43317484281281,19.64808685494008
189.23988268587303,74.37932831431597,23.43317484281281,19.64808685494008
170.1076515360499,72.93570614953913,23.452554581976415,19.232643250052945
180.15847401432956,73.45078102233222,24.86798088739079,20.749838536170174
180.15847401432956,73.45078102233222,24.86798088739079,20.749838536170174
180.15847401432956,73.45078102233222,24.86798088739079,20.749838536170174
180.15847401432956,73.45078102233222,24.86798088739079,20.749838536170174
159.68836228735094,69.91096683940066,24.590242004907587,20.7495659514877
169.7852164824824,71.70847107060116,26.33189693923429,22.113723289321783
169.7852164824824,71.70847107060116,26.33189693923429,22.113723289321783
169.7852164824824,71.70847107060116,26.33189693923429,22.113723289321783
169.7852164824824,71.70847107060116,26.33189693923429,22.113723289321783
169.7852164824824,71.70847107060116,26.33189693923429,22.113723289321783
169.7852164824824,71.70847107060116,26.33189693923429,22.113723289321783
169.7852164824824,71.70847107060116,26.33189693923429,22.113723289321783
169.7852164824824,71.70847107060116,26.33189693923429,22.113723289321783
142.42406244447696,68.64342829411207,26.615149787206843,22.24135967161687
156.0690780378627,69.99838167461078,28.161301075951354,23.658230107017488
156.0690780378627,69.99838167461078,28.161301075951354,23.658230107017488
156.0690780378627,69.99838167461078,28.161301075951354,23.658230107017488
156.0690780378627,69.99838167461078,28.161301075951354,23.658230107017488
156.0690780378627,69.99838167461078,28.161301075951354,23.658230107017488
156.0690780378627,69.99838167461078,28.161301075951354,23.658230107017488
156.0690780378627,69.99838167461078,28.161301075951354,23.658230107017488
156.0690780378627,69.99838167461078,28.161301075951354,23.658230107017488
156.0690780378627,69.99838167461078,28.161301075951354,23.658230107017488
156.0690780378627,69.99838167461078,28.161301075951354,23.658230107017488
156.0690780378627,69.99838167461078,28.161301075951354,23.658230107017488
156.0690780378627,69.99838167461078,28.161301075951354,23.658230107017488
156.0690780378627,69.99838167461078,28.161301075951354,23.658230107017488
156.0690780378627,69.99838167461078,28.161301075951354,23.658230107017488
156.0690780378627,69.99838167461078,28.161301075951354,23.658230107017488
156.0690780378627,69.99838167461078,28.161301075951354,23.658230107017488
156.0690780378627,69.99838167461078,28.161301075951354,23.658230107017488
156.0690780378627,69.99838167461078,28.161301075951354,23.658230107017488
156.0690780378627,69.99838167461078,28.161301075951354,23.658230107017488
156.0690780378627,69.99838167461078,28.161301075951354,23.658230107017488
156.0690780378627,69.99838167461078,28.161301075951354,23.658230107017488
156.0690780378627,69.99838167461078,28.161301075951354,23.658230107017488
156.0690780378627,69.99838167461078,28.161301075951354,23.658230107017488
156.0690780378627,69.99838167461078,28.161301075951354,23.658230107017488
156.0690780378627,69.99838167461078,28.161301075951354,23.658230107017488
156.0690780378627,69.99838167461078,28.161301075951354,23.658230107017488
156.0690780378627,69.99838167461078,28.161301075951354,23.658230107017488
156.0690780378627,69.99838167461078,28.161301075951354,23.658230107017488
156.0690780378627,69.99838167461078,28.161301075951354,23.658230107017488
156.0690780378627,69.99838167461078,28.161301075951354,23.658230107017488
156.0690780378627,69.99838167461078,28.161301075951354,23.658230107017488
156.0690780378627,69.99838167461078,28.161301075951354,23.658230107017488
156.0690780378627,69.99838167461078,28.161301075951354,23.658230107017488
156.0690780378627,69.99838167461078,28.161301075951354,23.658230107017488
156.0690780378627,69.99838167461078,28.161301075951354,23.658230107017488
156.0690780378627,69.99838167461078,28.161301075951354,23.658230107017488
156.0690780378627,69.99838167461078,28.161301075951354,23.658230107017488
156.0690780378627,69.99838167461078,28.161301075951354,23.658230107017488
156.0690780378627,69.99838167461078,28.161301075951354,23.658230107017488
156.0690780378627,69.99838167461078,28.161301075951354,23.658230107017488
156.0690780378627,69.99838167461078,28.161301075951354,23.658230107017488
156.0690780378627,69.99838167461078,28.161301075951354,23.658230107017488
156.0690780378627,69.99838167461078,28.161301075951354,23.658230107017488
156.0690780378627,69.99838167461078,28.161301075951354,23.658230107017488
156.0690780378627,69.99838167461078,28.161301075951354,23.658230107017488
156.0690780378627,69.99838167461078,28.161301075951354,23.658230107017488
156.0690780378627,69.99838167461078,28.161301075951354,23.658230107017488
156.0690780378627,69.99838167461078,28.161301075951354,23.658230107017488
156.0690780378627,69.99838167461078,28.161301075951354,23.658230107017488
156.0690780378627,69.99838167461078,28.161301075951354,23.658230107017488
156.0690780378627,69.99838167461078,28.161301075951354,23.658230107017488
156.0690780378627,69.99838167461078,28.161301075951354,23.658230107017488
156.0690780378627,69.99838167461078,28.161301075951354,23.658230107017488
156.0690780378627,69.99838167461078,28.161301075951354,23.658230107017488
156.0690780378627,69.99838167461078,28.161301075951354,23.658230107017488
156.0690780378627,69.99838167461078,28.161301075951354,23.658230107017488
156.0690780378627,69.99838167461078,28.161301075951354,23.658230107017488
156.0690780378627,69.99838167461078,28.161301075951354,23.658230107017488
156.0690780378627,69.99838167461078,28.161301075951354,23.658230107017488
156.0690780378627,69.99838167461078,28.161301075951354,23.658230107017488
156.0690780378627,69.99838167461078,28.161301075951354,23.658230107017488
156.0690780378627,69.99838167461078,28.161301075951354,23.658230107017488
156.0690780378627,69.99838167461078,28.161301075951354,23.658230107017488
156.0690780378627,69.99838167461078,28.161301075951354,23.658230107017488
156.0690780378627,69.99838167461078,28.161301075951354,23.658230107017488
156.0690780378627,69.99838167461078,28.161301075951354,23.658230107017488
156.0690780378627,69.99838167461078,28.161301075951354,23.658230107017488
156.0690780378627,69.99838167461078,28.161301075951354,23.658230107017488
156.0690780378627,69.99838167461078,28.161301075951354,23.658230107017488
156.0690780378627,69.99838167461078,28.161301075951354,23.658230107017488
156.0690780378627,69.99838167461078,28.161301075951354,23.658230107017488
156.0690780378627,69.99838167461078,28.161301075951354,23.658230107017488
156.0690780378627,69.99838167461078,28.161301075951354,23.658230107017488
156.0690780378627,69.99838167461078,28.161301075951354,23.658230107017488
156.0690780378627,69.99838167461078,28.161301075951354,23.658230107017488
156.0690780378627,69.99838167461078,28.161301075951354,23.658230107017488
156.0690780378627,69.99838167461078,28.161301075951354,23.658230107017488
156.0690780378627,69.99838167461078,28.161301075951354,23.658230107017488
156.0690780378627,69.99838167461078,28.161301075951354,23.658230107017488
156.0690780378627,69.99838167461078,28.161301075951354,23.658230107017488
156.0690780378627,69.99838167461078,28.161301075951354,23.658230107017488
156.0690780378627,69.99838167461078,28.161301075951354,23.658230107017488
156.0690780378627,69.99838167461078,28.161301075951354,23.658230107017488
156.0690780378627,69.99838167461078,28.161301075951354,23.658230107017488
156.0690780378627,69.99838167461078,28.161301075951354,23.658230107017488
156.0690780378627,69.99838167461078,28.161301075951354,23.658230107017488
156.0690780378627,69.99838167461078,28.161301075951354,23.658230107017488
156.0690780378627,69.99838167461078,28.161301075951354,23.658230107017488
156.0690780378627,69.99838167461078,28.161301075951354,23.658230107017488
156.0690780378627,69.99838167461078,28.161301075951354,23.658230107017488
156.0690780378627,69.99838167461078,28.161301075951354,23.658230107017488
156.0690780378627,69.99838167461078,28.161301075951354,23.658230107017488
156.0690780378627,69.99838167461078,28.161301075951354,23.658230107017488
156.0690780378627,69.99838167461078,28.161301075951354,23.658230107017488
156.0690780378627,69.99838167461078,28.161301075951354,23.658230107017488
156.0690780378627,69.99838167461078,28.161301075951354,23.658230107017488
156.0690780378627,69.99838167461078,28.161301075951354,23.658230107017488
156.0690780378627,69.99838167461078,28.161301075951354,23.658230107017488
156.0690780378627,69.99838167461078,28.161301075951354,23.658230107017488
156.0690780378627,69.99838167461078,28.161301075951354,23.658230107017488
156.0690780378627,69.99838167461078,28.161301075951354,23.658230107017488
156.0690780378627,69.99838167461078,28.161301075951354,23.658230107017488
156.0690780378627,69.99838167461078,28.161301075951354,23.658230107017488
156.0690780378627,69.99838167461078,28.161301075951354,23.658230107017488
156.0690780378627,69.99838167461078,28.161301075951354,23.658230107017488
156.0690780378627,69.99838167461078,28.161301075951354,23.658230107017488
156.0690780378627,69.99838167461078,28.161301075951354,23.658230107017488
156.0690780378627,69.99838167461078,28.161301075951354,23.658230107017488
156.0690780378627,69.99838167461078,28.161301075951354,23.658230107017488
156.0690780378627,69.99838167461078,28.161301075951354,23.658230107017488
156.0690780378627,69.99838167461078,28.161301075951354,23.658230107017488
