376.5,101.5,25.4,7.0
372.86735974805623,101.44772085199035,25.305234093649617,7.083026974517459
367.6126205390532,101.88361998730187,25.53617640379164,7.190136904643354
364.1397641265812,101.83202509549797,25.555870080509592,7.293326688251165
359.3374437691059,102.02338381002724,25.718991993301962,7.407531301411494
355.08209214989114,101.97411140648812,25.70663691564141,7.506076108489737
351.1422319266773,101.89310239250275,25.538066816245028,7.668094136460482
347.6727908869994,101.84969278761531,25.42591365462782,7.754913346235363
343.6843435732651,101.82002871387172,25.344143232602104,7.814241493722537
339.38072655193133,102.03040878040531,25.390079929413638,7.897087086882174
335.45044469330963,102.23899502638834,25.15804333047656,7.9857021146774105
331.81673378963,101.97888872855573,24.86351120390958,8.001784448080876
328.0111896486374,102.47832432846691,24.970933566788034,8.003402037472735
323.8640079871172,102.46298928128193,24.734701458280504,8.034072131842679
319.57214529359607,102.43148555861573,24.336290486647837,8.097079577175107
315.55871166953875,102.87530284555717,23.95670718287303,8.198439185867446
311.90634830045667,102.8719865195404,23.897290772772475,8.205071837900995
308.6214693965818,102.88685302348226,24.094229756577334,8.175338830017258
304.80784646288674,102.89285755939105,24.334259461759878,8.163329758199705
301.35590986271416,102.88335564513244,24.298612200585268,8.18233358671691
297.610077477061,102.87394441099816,24.35747966971838,8.201156054985464
294.04989273005106,102.89050721809191,24.524020938044654,8.168030440797969
290.257953565048,103.44413768792413,24.63089396888555,8.05770354102221
286.4390130725566,103.44182526087717,24.799288086292165,8.062328395116143
283.319937325705,103.41702913017072,24.531665103116367,8.111920656529039
279.3972201028183,103.6489995973651,24.41632348120965,8.14552822637026
276.41556827508225,103.65594877665313,24.421355999615177,8.131629867794203
272.93336528156044,103.64475958222889,24.437003332842707,8.154008256642705
270.7042928604803,103.62102036220412,24.42239964406629,8.201486696692237
266.75653128982924,103.62223079307061,24.355803954921047,8.199065834959244
263.2985579882608,103.62542432301002,24.318791124757592,8.192678775080424
260.77707209719813,103.6562711887193,24.401800946681153,8.130985043661854
257.3321303838478,103.69130510248117,24.346986906868203,8.060917216138144
253.37348698763,103.69024872845954,24.36047823848929,8.063029964181405
249.65624483070434,103.6605240597954,23.887477184432427,8.122479301509658
247.55704409934063,104.41613965267206,23.688742138796137,8.076960285210928
244.19442390358725,104.43201135281011,23.625264390702196,8.045216884934824
241.05385958163288,104.45716150740009,23.621870784454373,7.994916575754875
239.296685879158,104.48620635564936,23.759009964000846,7.9368268792563175
235.68061248976724,104.53000821822297,23.740916994736928,7.849223154109108
232.7998062818236,104.80839458914377,23.72466984155269,7.773938709690125
230.40691223447604,104.60004432068669,23.711683926319047,7.710761845611412
228.49033998313752,104.8245917085391,23.71655957403712,7.740200676776465
224.71895486066356,104.59385165622828,24.072181690874313,7.722537572857378
222.23843695282687,104.61889282395873,24.19450456105379,7.672455237396495
218.81031398258418,104.58485675058564,24.26514529370166,7.74052738414267
215.39554690920863,104.51642361587245,23.79054787301415,7.8773936535690465
213.4304086615964,104.48080611447375,23.376431856579075,7.948628656366441
211.41980852769422,105.15269814010162,23.094580387587225,8.039195184042793
208.63632040007053,105.16610234045639,23.428323349429803,8.012386783333257
206.51155358170533,105.20077457533044,23.83770182654466,7.943042313585165
203.27863379684905,104.99766567536116,24.00396257845144,7.8646771275386484
201.0222017048406,105.25025100339752,24.147215491379953,7.845018834920192
198.6721004157113,105.02931722578208,23.975539451429086,7.799698528330122
196.72591166375972,105.26905138882296,23.996588182218638,7.804146298887548
194.0693172567571,105.01118549072238,23.98251125637883,7.835581209648231
191.74095451014648,104.94913619334525,23.792499783876792,7.959679804402492
190.09026984692258,105.14506606041235,23.70416114577159,8.052064065204453
187.38416292423656,104.84609936485936,23.784962546846263,8.165323597737958
184.66343979675912,105.33023083256091,23.859607020476524,8.172842804393877
174.41410685732856,100.19736040114701,23.81640137326146,8.656740083375876
174.87138452750972,99.49882845790273,23.896369362410503,9.059280640353013
174.9113472284451,99.28397199298675,23.816443960539768,9.488993570184995
174.942238547302,99.31256694536803,23.75466132282592,9.944022330569739
174.78190029628226,100.10097189240184,23.555911059498012,10.444919497971892
172.41142716985536,102.8674698936646,23.56825973965477,10.691320528742734
170.3666607923082,102.59784651614099,23.948437944076716,10.700659490836768
168.19453820960214,103.71740496856144,24.007951394056875,10.603908443711846
166.48122657280587,103.22539541293766,23.69130621495186,10.518422282760103
165.09303310761905,103.77638887675717,23.295753623930075,10.473748528919547
162.53838907975586,103.81244810056721,23.18372413428572,10.401630081299468
160.71305777167134,103.57293716290054,23.199715280927435,10.361413175271737
159.0540728510633,104.13296249445933,23.40510040734449,10.27889075042049
157.66512021507063,104.18560069144337,23.581555620206608,10.173614356452433
156.04026985126384,104.24388022129573,23.705327313415328,10.05705529674771
154.1637237624154,104.34030532397902,23.813399814103985,9.864205091381113
151.30855932193893,104.4029423243482,23.816292199336786,9.738931090642737
149.35696896496762,104.42380198008333,23.586094940130266,9.697211779172513
148.15158437041748,105.2272151638524,23.43381063587798,9.628217507645859
146.21143956485233,105.16949821693927,23.240600354490724,9.743651401472121
144.3069673204815,105.14457740883087,22.98195258705942,9.793493017688958
142.78213435297587,104.90826381411291,22.998053225499646,9.76052599102968
141.20391166220585,104.85692354059391,23.123037586821603,9.863206538067693
139.57620737126578,104.76378450250446,23.325239737907925,10.049484614246584
138.0844339752977,104.63711708332401,23.218270393665527,10.302819452607467
137.7435301925114,104.48909776520415,22.86407231114798,10.598858088847216
136.39750547661924,104.36438588811848,22.44782100856102,10.848281843018546
134.47853273200965,104.25415530605416,22.15510974500631,11.068743007147184
132.43977472484315,104.42869191772726,22.105612585071526,11.235546430584478
130.49384047575904,104.38307137685251,22.371240043220524,11.326787512333958
128.43198501833675,104.59636804104372,22.83042626421074,11.423697711645007
143.09698953023144,98.90975605761838,23.287105918387955,11.626913424258225
143.1653281843979,98.55685227595428,23.692535860895582,11.790613736745886
142.8095308138874,98.43538043080194,23.853255553523063,12.033557427050562
142.67501133727401,99.16177835684273,24.12229450674983,12.253053727667167
143.1145716144067,98.81041586821618,24.37350365012915,12.390613856097932
143.42686032889378,98.7445045889871,24.32014857519608,12.522436414556099
143.164435691733,98.69296108092055,24.27228466799731,12.625523430689173
143.48794374788233,98.34432962056137,24.199053973483476,12.749000933622717
143.48359457214048,98.30154246933074,24.207752324967185,12.834575236083971
143.49554239356743,98.2695592980283,24.183856682113294,12.898541578688835
143.53867465212872,98.22624049519133,24.09759216499072,12.985179184362789
143.59273636979822,98.19450328631812,23.989468729651747,13.048653602109209
143.62555892140338,98.18556302682356,23.92382362644141,13.066534121098321
143.32759138991207,98.17121975497822,23.94354073855866,13.095220664788995
143.34871557713126,98.15218827965262,23.90129236412029,13.133283615440194
143.37568005780022,98.14888898732681,23.847363402782378,13.139882200091817
143.94944860271798,97.84990633273394,23.85251070419737,13.161505313652334
144.23267542223326,97.85003673324671,23.862844274697018,13.161244512626778
143.62892021305643,97.83085990858606,23.916484016904292,13.199598161948064
143.64110249124704,97.81742084224254,23.892119460523073,13.22647629463512
143.64850002467992,97.8094912122822,23.877324393657325,13.2423355545558
143.67985923162283,97.81701934026128,23.81460597977151,13.22727929859765
143.6768758442771,97.8190566249242,23.820572754462933,13.22320472927181
143.9774155192944,97.80921444511547,23.796861298765364,13.242889088889267
144.2905660191645,97.80830367584814,23.747913401751173,13.244710627423915
143.69258539493515,97.80001073444228,23.790553109436456,13.261296510235635
143.69947185588012,97.81197027223098,23.776780187546557,13.237377434658242
144.00321686381443,97.81865575720775,23.746252594647217,13.224006464704694
143.98241269778194,98.09910782287963,23.787860926712202,13.239385755541237
144.28651807547138,98.09922639597413,23.756810565927882,13.23914860935224
143.67500528672727,98.07009987004088,23.826441160270925,13.29740166121875
143.6885684629936,98.06342212698382,23.799314807738227,13.310757147332861
143.7100198524613,98.07028654295414,23.75641202880285,13.297028315392211
143.70421727112532,98.07548637516906,23.768017191474822,13.28662865096237
143.99215621107712,98.07998203824961,23.76981134579512,13.27763732480128
144.27216409731656,98.08182995013748,23.787340973340232,13.273941501025554
143.66769353771133,98.05263396352528,23.840798994154767,13.33233347424994
143.69092069238633,98.05085327376239,23.79434468480474,13.335894853775716
143.71814851475744,98.07142225957925,23.739889040062497,13.294756882142009
143.99167849568292,98.0811045552968,23.77022368997921,13.275392290706902
144.01300692266747,98.0909542770743,23.72756683601011,13.25569284715188
144.31928921911964,98.0899419962258,23.691549367838537,13.257717408848885
144.27435935591552,97.802246999305,23.781409094246765,13.25705825096066
143.642102573821,97.77610401199308,23.891190230839317,13.309344225584496
143.94957704601302,97.76575736418114,23.856120907697026,13.330037521208375
143.94672466864867,97.76798593007898,23.861825662425687,13.325580389412696
143.96094201322634,97.77506113946671,23.833390973270355,13.311429970637233
144.25630571623856,97.77637523507919,23.82172444728247,13.308801779412274
143.640428964014,97.74450114351359,23.89579064167807,13.37254996254347
143.6508719655312,97.73919901826079,23.87490463864369,13.383154213049057
143.65602269406833,97.7504786525528,23.864603181569386,13.360594944465047
143.95202371989956,97.75847352778803,23.852960817552045,13.344605193994592
143.96407294638814,97.77373288826128,23.828862364574885,13.3140864730481
143.9672545493297,97.77694865122784,23.82249915869174,13.307654947114965
143.99700917891684,97.77232094067932,23.76298989951748,13.316910368212014
144.28192251642056,97.77401650552922,23.771276626516162,13.313519238512203
143.36826047273044,97.74590557364635,23.864066155952422,13.369741102277942
143.3628486144225,97.75808099612166,23.87488987256831,13.345390257327335
143.6456360399082,97.77553471308748,23.88956783345097,13.310482823395692
143.67639556154194,97.77418414043903,23.828048790183537,13.313183968692574
143.95899295997177,97.78534367029995,23.841865783516916,13.290864908970752
144.23481035297903,97.79251535755719,23.869066767378822,13.276521534456279
143.6341034896636,97.77625369281627,23.912493898787485,13.309044863938123
143.9211026453387,97.78147338758268,23.918684927360857,13.2986054744053
143.91515848233863,97.79699646910206,23.930573253360983,13.26755931136655
144.21630619930974,97.78996889209809,23.908027028085023,13.281614465374464
143.33005072097,97.749819801798,23.941570674463204,13.361912645974655
143.32093276878228,97.76362817867859,23.959806578838645,13.334295892213474
143.33190300655664,97.76742720211317,23.937866103289924,13.32669784534432
143.36653630037173,97.76542407072918,23.86859951565973,13.33070410811229
143.36208769598335,97.76813440641449,23.877496724436554,13.32528343674168
143.37481483620715,97.76499421506395,23.8520424439889,13.331563819442758
143.38991046231513,97.77397205960771,23.821851191772982,13.313608130355222
143.67476659386537,97.77977363224456,23.831066328026942,13.302004985081544
143.9794227153778,97.7955374148415,23.80062004207335,13.270477419887627
144.26784463664035,97.80178652678461,23.801654993142883,13.257979196001425
143.39133861764083,97.79008680263426,23.821623682943965,13.28137864430212
143.70224724655188,97.79652128323204,23.778181389514607,13.268509683106572
143.99285618298188,97.79771159964898,23.774477138919327,13.266129050272708
144.01716331166867,97.8050967342591,23.72586288154575,13.251358781052458
143.97039995938516,98.08794196818585,23.819389586112766,13.26211642063877
143.94089237577325,98.10300612833124,23.878404753336618,13.231988100347957
144.23094637282915,98.10915480199692,23.876668747934065,13.219690753016616
143.64264003320116,98.07699805743614,23.89700819372937,13.284004242138177
143.91501929282137,98.08362300300398,23.931783379210128,13.270754351002491
144.23939293931272,98.0846309050037,23.862857654190044,13.268738547003052
143.64877227137578,98.07607618150006,23.88656121376928,13.285847994010332
143.66056236022155,98.07750277544923,23.86298103607771,13.28299480611199
143.94803567482975,98.07422844388459,23.867048107090845,13.289543469241266
143.97201859819825,98.08110799858044,23.819082260353863,13.275784359849583
144.26422072094735,98.0922867815555,23.812920094579177,13.253426793899438
143.36726373148701,98.07558926785894,23.873524061080353,13.286821821292573
143.4273517215043,98.07971870598318,23.753348081045782,13.278562945044097
143.45899998899475,98.08546093079799,23.690051546064847,13.267078495414465
143.70603866777873,97.8113188981023,23.77216060930025,13.239176140002506
143.72757992980874,97.79854153698564,23.729078085240253,13.264730862235849
144.02714643912134,97.79890168377783,23.706668481811306,13.264010568651448
144.00870314562835,97.77849042464527,23.74355506879732,13.304833086916588
144.28201556685244,97.7687217998902,23.774550619483513,13.324370336426702
143.3946261615724,97.75445076299646,23.814095341536035,13.35291241021421
