191.1,134.1,15.0,8.0
189.78076567403582,133.71385495119156,14.848536695759918,8.13027648885054
190.01601203326285,133.8250894115412,14.736027632218077,8.26579122306347
190.05505708655775,134.12372199218717,14.657937525628238,8.385791541455486
190.07367744299856,133.8715089137831,14.62069681274662,8.53070062580337
190.08077915649645,133.6277233169589,14.60649338575089,8.656850142786602
189.49990061439684,134.4836842085527,14.678217926511223,8.761649265330517
189.12580639364893,134.06680554032613,14.69404607889284,8.863046312669464
190.02521595804825,134.01634714201003,14.735855332619549,8.963963109301643
189.95753814385543,133.9627700694228,14.871210961005211,9.07111725447613
189.52737009652782,133.93770615567038,14.983010262461608,9.121245081980922
188.15902856245472,133.91011300561152,15.08224699831541,9.176431382098668
188.87457095949264,133.87286415044056,15.167904571284065,9.250929092440554
189.04809931956876,134.05682211637267,15.202563628623862,9.264728938068403
188.2388699975895,133.86871954038196,15.291164195385468,9.258469570750579
188.38583276445186,134.0532103198086,15.380917777356604,9.273167127593158
188.4870774339757,133.46528335905953,15.563691644908756,9.293231429291716
188.4294184873966,133.2814512085315,15.679009538067024,9.272574385460443
188.37664448159467,133.46599462233615,15.784557549670845,9.29317447859625
188.15291630918153,133.2776502352581,15.840410622063914,9.278259980319126
187.90619049032455,133.46219941873755,15.941681838685462,9.301342034452706
188.03308946200661,133.24163336722995,16.081958277459147,9.348399755330112
187.61089066820693,133.23636306308725,16.13245018779015,9.358940363615481
187.1861036418829,133.23513080077345,16.186263332367616,9.36140488824308
187.36248456147192,133.2235135143889,16.232221834002395,9.384639461012174
187.5393730725598,133.42044227057698,16.27824054258178,9.390577679391193
186.33170109337328,133.6077081947532,16.290112053656163,9.41662457225524
187.28587592964257,133.59382037736674,16.38774435274611,9.444400207028155
187.10630070915644,133.58511607892552,16.343779888231083,9.461808803910557
186.54423502199617,133.57792593528072,16.259636709961317,9.47618909120016
185.38569511859504,133.78824261317493,16.166195330170353,9.45730926651061
185.27755307898522,133.79820690907002,15.982432385133722,9.437380674720426
184.19243252634715,133.80555294565622,15.770788597389714,9.422688601548039
183.716638113602,133.80124900499786,15.541618386180192,9.431296482864727
183.83106180756948,134.00257452231483,15.312770998245194,9.418965569306295
184.09084040267027,134.0123149954893,15.179915229646202,9.399484622957365
183.0008423699411,134.0191667727754,15.05356017780842,9.38578106838516
182.695287713406,134.02360560885566,14.900118880486787,9.376903396224659
182.57090562460476,134.79835735582066,14.769049374477216,9.346734636742797
183.0034394312288,134.81758393803747,14.658718826795376,9.308281472309124
182.47923686976034,134.84063675325655,14.58190062055344,9.262175841871018
182.71010863079093,134.86239174949452,14.493310722168017,9.218665849395034
182.04428742509188,135.06880022339465,14.340552855861203,9.176948971021027
182.10566482329455,134.73006775606598,14.217798059455868,9.118182272661794
182.1629126050897,134.93242933386017,14.103302495865552,9.078754543280553
181.14093826421401,134.95257963295614,13.969721204063472,9.038453945088612
181.21517440198613,134.98447051117284,13.821248928519253,8.974672188655248
181.28743142895465,135.00760388129729,13.676734874582213,8.928405448406377
181.36392852306327,135.1913002087524,13.523740686365006,8.915030401771967
181.42699394164651,134.68141925311437,13.397609849198481,8.880297779026794
181.67029206545593,134.70934015673313,13.260039025663412,8.824455971789273
181.20923434926948,134.7347079096913,13.144066859819704,8.773720465872941
181.41920114769783,134.75149119657468,13.067575560743716,8.740153892106203
181.45783714652794,134.75546073659373,12.990303563083504,8.732214812068108
180.16204511362713,135.10792173087134,12.858368664005974,8.708172564732639
179.7067149735219,135.79226090320552,12.754864639235667,8.691713293371922
180.4187555362496,135.29825042183154,12.675674115171402,8.671066305076616
180.4523397058533,134.30309143454514,12.60850577596398,8.653262151820972
180.15635959857892,134.3063425562158,12.533707066898453,8.646759908479638
179.20143160158042,135.476103086447,12.450701891103664,8.63224354610762
179.38933373432008,135.47524099829874,12.405548326310209,8.633967722404165
180.0596636285514,135.32072834918145,12.38487802484097,8.612995648890424
179.90687739927026,134.99328628763118,12.361111766817924,8.6092023388204
179.42687704247257,134.8354641961484,12.334361158225223,8.595929414389976
179.75512884047004,134.51572923312315,12.334445174761242,8.578811727909525
179.91787190848515,134.67861302018065,12.336971338202332,8.581056453265802
178.74704359449652,134.84128847590907,12.382015210856743,8.58379307828369
179.54909811909837,134.68137632971172,12.4219706588734,8.574804471234305
179.3555015465486,134.84541841203549,12.479896455861372,8.57598765469842
178.98426967119062,134.68274913663993,12.56203855714643,8.571165380774088
177.79845186399655,135.37240161223528,12.61443785367603,8.517138325502494
177.60159993598532,135.21490339658786,12.676928541478174,8.500921588577068
178.41067624026445,135.05102052796408,12.718198509773027,8.496802810453957
177.74774211821102,135.0516182711231,12.714319184099574,8.495607324135953
176.75583362990017,135.0405905676911,12.70398403049382,8.517662730999911
177.06773843789355,134.8905059586874,12.74531352689323,8.485262392814215
177.05810688160312,134.73818273288663,12.764576639474125,8.457256012070324
176.8883668095438,135.73962421706437,12.77158009672487,8.449233164922148
176.73277457853126,135.7501035668495,12.750316099980042,8.428274465351894
176.72639115765102,135.5932219689332,12.763082941740558,8.410257362459745
176.881085521358,135.43758053337444,12.785366439016244,8.389868008887596
177.03345985948891,135.11303967936374,12.812285084297585,8.375615073822566
177.03949399091502,134.78102008329523,12.800216821445337,8.375986476322694
177.3546439895539,134.78175804466534,12.833234777710704,8.374510553582494
177.68106126287066,134.7811636419711,12.844659895545208,8.37569935897099
177.15546217684758,134.79462028747574,12.89889489359121,8.348786067961687
177.91210666205242,134.8168490930346,13.049033586379332,8.304328456843955
178.34739060111488,134.01128977691016,13.181040621785892,8.244488899873712
178.2874274377047,134.0359175743279,13.30096694860624,8.195233305038224
178.22492304990433,134.22570003404735,13.425975724206971,8.15179553572856
177.35246414876494,135.08209197880777,13.484592636613671,8.125312536079813
177.30933367753673,134.9069403390565,13.570853579070096,8.13792883671456
177.28565295125472,134.89483683362755,13.618215031634108,8.162135847572408
176.44437428443916,134.90531526175346,13.599289778401328,8.141178991320615
177.28827617817282,134.90310375318697,13.60979316285826,8.145602008453597
177.4379984800204,134.56829148553544,13.650240870803326,8.135441920476074
177.25166381755295,134.3901030962143,13.682587720874583,8.151496224254727
176.75165594973961,135.23361185961826,13.659379935542093,8.16985123237871
176.38080584364505,135.06023297527858,13.719001941304862,8.17556989784488
176.51309706019495,133.8460940649666,13.79644190630883,8.209690931742431
176.36946779566892,135.02200794266696,13.739950473288749,8.264112910846505
176.20355904200545,133.80830452295638,13.727940229026546,8.284725489143685
177.60029306437863,133.97050291867626,13.686443258457073,8.304325081976023
177.78566614655622,133.1139377012503,13.65940562670077,8.298912853833423
177.97152347598475,133.26346973638587,13.630905587262966,8.343063402981581
177.66141907110267,133.7756278229207,13.564048884426468,8.349345498812896
176.5039115348329,134.29379865611045,13.480574654348723,8.340927819269375
175.34898323026613,134.12410170955587,13.401650321059742,8.339067292032427
175.36493713455988,134.29163099613817,13.369742512472216,8.344053671675761
175.5384991148868,134.4644186300026,13.36227061058317,8.338130462711648
176.27517406685098,133.27624290437,13.2466851297594,8.338394173543847
176.14458356351614,134.4605716702246,13.170147840958046,8.333764710131616
176.02182530214137,133.46036995615742,13.079168098661725,8.315190547990731
176.05349764907854,133.46786161020194,13.015823404787424,8.30020723990167
176.08570910921887,133.48888289542026,12.951400484506758,8.258164669465023
176.4365461218379,133.51055094852327,12.913643026074919,8.214828563259013
176.14420603050166,134.0129699190151,12.836986432727734,8.201995786304833
175.8486343838087,133.7003541659591,12.769517008444769,8.16861457474794
175.8910049742343,133.70417970199762,12.684775827593567,8.160963502670946
175.93816115504086,133.71158253258915,12.590463465980465,8.1461578414879
176.13896974230235,133.5664849076965,12.513526821928142,8.111672560802527
176.18220371344634,133.24353122333304,12.427058879640178,8.111676557831371
176.37723812979618,133.2347019678839,12.35864489990468,8.129335068729654
175.4641868018323,133.220474841388,12.259214674980559,8.157789321721397
175.66203715878135,133.21870089857742,12.183415609788032,8.16133720734257
175.70577546111733,133.20606069204266,12.09593900511608,8.186617620412102
175.59802982630393,133.37463399216145,11.993506650970524,8.167394643946878
175.64744112351272,133.3840362216634,11.894684056552926,8.148590184942963
175.69045641827154,133.38414483484618,11.808653467035292,8.148372958577417
175.7429685062393,133.38658764139197,11.703629291099762,8.143487345485825
175.8043908508305,133.21979557444834,11.580784601917411,8.165778110403549
175.70704626696607,133.05592105001887,11.465669052898706,8.183722442514977
175.91691461820406,133.32879983123678,11.354290627062188,8.254681433358128
174.88782206438609,133.7576207097003,11.257618736663016,8.32054981844618
174.78040090244096,133.1115423891774,11.165012015185596,8.38291027802142
176.06961678463765,132.91862572151592,11.043067198628417,8.461682744864845
176.1250545194909,132.56841819529473,10.932191728921888,8.549121467958223
176.0265002737997,132.22091725763136,10.823082265409438,8.631687433495253
176.6946264138979,131.56134463618142,10.710382124944449,8.727280536663702
177.65307145729105,131.82243740467985,10.627730379185635,8.81650778000937
177.681735711966,131.95090111869473,10.570401869835703,8.865456531225934
176.9565217444279,132.21176265537,10.491920015433651,8.95529737366675
176.07331527691196,132.1723070893476,10.422235209523729,9.034208505711497
175.93979874361008,132.1435766526662,10.383062575157146,9.091669379074293
175.96283079251515,132.11789264345862,10.336998477347024,9.143037397489454
175.3741105418536,132.23184388951213,10.287926458080138,9.221763035529943
174.94101105162306,132.50904593781436,10.232751965202326,9.281607921151405
176.03487270167165,132.4863216164746,10.195579037718115,9.327056563830903
176.05845210863606,132.30891424465537,10.148420223789287,9.374504297178495
