3.1000000000000014,115.3,28.6,10.2
4.597347214120759,114.65791220518025,28.760494632582585,10.484175589639479
6.059449343122239,114.5193627830795,28.841481680819285,10.761274433840978
8.095602708419372,114.42081746013825,29.019570871120717,10.95836507972347
9.339222140335211,114.35770410971075,28.98553653585358,11.08459178057847
11.472259248649554,114.34456267834086,29.025035968422003,11.11087464331825
13.103448115828625,114.3397124737918,28.84326264641602,11.120575052416367
14.646271918254346,114.34673291567711,28.826042207201148,11.10653416864577
16.182399001519283,114.36017310639879,28.819719281126503,11.079653787202393
18.691272487166668,114.36789560387562,28.702877096092273,11.06420879224873
19.667402769616444,114.39491210367,28.582591484765544,11.01017579266
22.709864588607772,114.39751482773146,28.577284633905663,11.004970344537059
24.493340716470605,114.11335973226146,28.65708484613602,10.965488457484415
27.237747183551804,114.13638255470772,28.642331916732715,10.919442812591873
28.73335396386025,113.84080147278198,28.687068474139757,10.903414952838576
31.234260790471726,113.81125458166645,28.54560544754073,10.962508735069635
32.89852236972957,113.7752813928046,28.249958305617877,11.034455112793326
35.578657130733745,113.76795311655987,27.718636977036372,11.049111665282801
37.37501709234923,113.4656724007303,27.107113489114994,11.057433809880003
39.77247350769859,113.45458771869987,26.425259579606326,11.07960317394086
42.439853720160514,113.42770324568237,25.715584099992455,11.133372119975851
43.64242855609989,113.39417915142897,25.016911360491385,11.200420308482656
45.39302147824804,113.09104177717494,24.315124999389116,11.246815160351911
47.389012198455845,113.07270431991377,23.626119281663286,11.283490074874225
48.81073953621818,112.78717955951791,22.947061314865188,11.313440418484308
50.713177088267216,112.78005168811316,22.33240006722695,11.327696161293794
53.10491860671869,113.02208125570299,21.732516589179188,11.366586970971031
55.68344011753306,113.01011811125338,21.20881340874264,11.390513259870255
58.1742338406961,112.77763635273448,20.794913217663762,11.347955970769485
58.401308675073295,112.76462746963664,20.340763548909372,11.373973736965153
61.77315325933484,113.5549265216979,20.024650568246454,11.276662445425744
61.36680227769811,112.99191809789912,21.86301619995235,12.628319769033004
61.36680227769811,112.99191809789912,21.86301619995235,12.628319769033004
61.36680227769811,112.99191809789912,21.86301619995235,12.628319769033004
61.36680227769811,112.99191809789912,21.86301619995235,12.628319769033004
61.36680227769811,112.99191809789912,21.86301619995235,12.628319769033004
61.36680227769811,112.99191809789912,21.86301619995235,12.628319769033004
61.36680227769811,112.99191809789912,21.86301619995235,12.628319769033004
61.36680227769811,112.99191809789912,21.86301619995235,12.628319769033004
61.36680227769811,112.99191809789912,21.86301619995235,12.628319769033004
77.96634470826166,109.90695976870016,22.02390694709915,12.70224756737375
68.75109485820326,111.86173822503291,22.41510152681949,13.179296997147233
81.59679535250126,110.716642875527,22.292597902593908,13.051822687706558
75.4836015823166,111.2914407906454,23.035009178290547,13.743312162078885
85.81751205839028,101.76967331193588,23.066303418292513,13.613952782268743
81.77577267107918,107.58710819961797,23.878849013915026,14.388561458995458
81.77577267107918,107.58710819961797,23.878849013915026,14.388561458995458
81.77577267107918,107.58710819961797,23.878849013915026,14.388561458995458
88.5045050788883,100.19711180202351,24.200617542759954,13.988996602447095
87.05990177140154,104.20650396802765,25.01282593763289,15.006840149503796
86.71721711973574,102.05235953813428,25.09530723544762,14.701530485441983
87.43700241831348,102.36241008139126,24.898447178727476,14.702784669145732
87.55239034825406,102.03331058492753,24.667671318846324,14.742531040041213
87.996395673234,102.30877936862791,24.395353710227404,14.807286513981404
87.57538568790545,102.51966388108562,24.011911999728298,14.998248329644113
88.3664139314143,101.84506956663743,23.650294862318948,15.126997608932099
88.83756365160099,102.68306781045496,23.314962384711183,15.271902009593873
88.07186081237711,102.91931177474476,23.033294209050894,15.40377203238361
87.22300484572797,102.3058603210248,22.924047271405048,15.42603569252745
86.98179281582316,102.61905633417892,22.805425717632282,15.400689279801593
83.32468835809901,102.93433157999657,22.334722280777378,15.368978199881926
83.44547003892899,103.08232636555414,22.09315891911743,15.072988628766776
82.35696258731093,103.19234395523476,21.939463606712685,14.852953449405527
81.78684311512197,103.38418503247753,21.92627247574553,14.469271294920004
80.41865800774146,103.31853788441067,21.811929381642777,14.030422929280952
79.47451830503289,103.45753340521576,21.455764546531576,13.752431887670774
78.33677329109265,103.2978329336208,20.975594559884126,13.520700827955134
76.9438877293011,103.11241133309271,20.52095728635637,13.351475962826157
76.35784591221281,103.21409680208858,20.10175533990543,13.14810502483443
75.25387838111521,103.28363518978577,19.705943881065316,13.009028249440021
74.92713920339331,103.08708500568896,19.334440834202162,12.889637916480151
75.07153976663693,103.13965257010871,19.045639707714898,12.784502787640672
74.21044646226866,103.21311856314581,18.77249913229561,12.637570801566445
72.87882374256161,103.06306832181717,18.482050499378722,12.445388938835242
72.47945764004672,103.15646907513741,18.311340132810233,12.25858743219477
72.10552869672179,103.47037967922697,18.101095487735662,12.109817489877859
71.92019619814035,103.56596611285362,17.99834275190677,11.918644622624566
71.76339439023245,103.64241482602156,17.843251124247644,11.765747196288658
70.3982137107072,102.53488066995922,17.79068464188764,11.661708973904567
70.23466330673872,103.47066578788619,17.656485740535146,11.635337575208446
69.5826960307913,103.51186108193745,17.58388322783433,11.552946987105914
68.2951183896056,102.8163205633828,17.420735862950746,11.574876700587733
66.61240766996579,102.53965639149742,17.151774679675334,11.673907216539138
66.71884352815735,102.27882406603723,16.93890296329222,11.743677945440611
66.82458896308559,102.23524829916325,16.727412093435728,11.83082947918859
66.91061104788253,101.98663816593654,16.555367923841846,11.879969394211415
66.54362110998582,101.7679256117466,16.39677828674839,11.87110974614782
65.49936730272752,101.5599888226478,16.266610866598608,11.843248317412149
65.569803986689,101.5595679823414,16.12573749867565,11.844089998024948
64.54583178577855,101.33798841917769,15.977793922522157,11.848071528757487
64.82923315945206,100.44977534200541,15.8479856096284,11.876519945288882
64.6964055034808,100.43967133499989,15.678155861558917,11.896727959299941
63.280090963775926,100.39216022631832,15.478187881224885,11.991750176663055
63.15458115735932,100.35826895604593,15.297481971719774,12.05953271720784
62.17345865541917,100.31119952808463,15.109406691176623,12.153671573130456
62.271181818841605,100.03354304303355,14.913960364331738,12.280275993195259
62.3450208238146,99.78148096860262,14.766282354385751,12.35664684219589
62.636124673080914,99.72207416463998,14.610785783378951,12.475460450121174
62.68167652694251,99.70705577306711,14.519682075655764,12.505497233266908
62.112624624236226,99.45359758320565,14.381892582319312,12.587115846740149
61.72262194142675,98.79980551040568,14.312950732671792,12.621279169440424
62.39375813843471,97.7306822321309,14.242534027740378,12.639766244182459
61.63583924818427,97.25563786989927,14.065751168598728,12.743544648824434
61.94033073256773,97.19503145882555,13.878833449390704,12.864757470971874
62.01167745531712,97.15743230859965,13.736140003891922,12.93995577142369
62.11508726905903,96.47059943570414,13.529320376408101,13.05347386948712
60.94598743843926,96.01245279085944,13.355860558694303,13.132547332858756
61.0338944367001,95.13757274440356,13.180046562172615,13.213761122942795
60.91644314245599,94.87787024341114,12.999298720709897,13.317515694976702
61.792000671665924,94.65357861874139,12.905905453491371,13.351668496515844
61.863903066971794,95.04217987796065,12.762100662879638,13.401446387308493
61.52193247027111,94.18607099284213,12.622054641944295,13.465689728872107
61.413417382574494,94.13503525009496,12.428307905130943,13.567761214366442
61.483233743175205,94.10105361031226,12.28867518392952,13.63572449393184
61.74722169174967,93.65552637734669,12.168819743505509,13.710538046413083
62.01803668958031,92.80251135885254,12.034557851618672,13.787095668303628
62.08257309529385,92.77880851534428,11.9054850401916,13.834501355320146
62.72940079323738,92.99211385427436,11.827037962849444,13.812960116974946
63.20226177836344,91.56025653172698,11.688269178315704,13.852338612055355
64.63878150536308,91.98835721265792,11.628202008657858,13.799843617148166
65.68972997984152,91.78912367686593,11.526687095147535,13.798234281642827
65.71471450666398,91.42564597608818,11.476718041502613,13.728356929302214
66.92298620718745,91.6583752536691,11.43937961163724,13.659432536003958
67.15458477834058,91.48126594011855,11.371052610692495,13.618781021743557
67.36713977227565,90.91688061422026,11.339085129109447,13.568124154678836
68.30660470440336,92.20303648331138,11.41938842726065,13.346892211384555
68.89409229387397,91.28701069812873,11.413587510139115,13.23032001205038
70.07899699503568,90.14995580443049,11.370753930761104,13.177453976501424
71.26972348779272,89.02295908604799,11.307245614049602,13.113502744463872
72.28282920570858,89.44671995115792,11.202612358222446,13.03461228624583
72.48205449877888,89.30588970123605,11.185577665280057,12.934856892891347
72.93160021724877,88.34227353364454,11.045685331762398,12.964091469518982
73.35521442016616,88.54825773662562,10.954066652519291,12.92992792685269
74.50879101475202,87.46554534749872,10.901737424965368,12.84052874348868
75.30631183337148,87.674121338928,10.801024463192014,12.796958929496501
74.59579225773675,87.70025113789232,10.736906338754434,12.744699331567853
74.97982493509392,87.17985181882013,10.707742915733116,12.677145072172701
76.30808712065428,85.90674844600827,10.626793768964406,12.647776593444414
76.4538333825283,88.58393037612066,10.701484303644598,12.419975551215174
77.38099460536034,87.16626401864812,10.666491667867906,12.344380570340448
77.96016308898842,85.930402782328,10.59455976098094,12.281157902119288
77.99495113785774,86.14507603898498,10.5249836632423,12.211814042841551
79.45650111366818,85.27449577486851,10.464390696828104,12.163907705320339
79.8459490117585,85.47624592749304,10.397694501268795,12.116507200381939
81.45987993480684,84.23654092378472,10.358496258696558,12.115845516168482
82.18110700689155,84.4576739999416,10.33066627371306,12.027235403651181
83.60411179260669,84.4836090880182,10.299372095621669,11.97536522749801
84.13694596252094,84.70337175449363,10.285308573062663,11.886374833636989
85.5170140229751,83.88161122840148,10.316634074436443,11.785232371894951
86.72068633120452,84.2953782730255,10.344370652452787,11.653435766782678
88.26135026477539,83.49930571716004,10.379461678604315,11.514237048906232
88.5779451453291,83.75417324399903,10.435605631039312,11.349168851999462
90.1021843902863,83.6624774068317,10.474054159531141,11.189568635400086
91.43248547312731,84.77741499872866,10.542355119208956,11.006370795626056
92.40365343908006,84.69203255428664,10.636001256944857,10.837805339569844
92.69823530174071,84.26642772828713,10.72317043032567,10.674515643515742
94.17916333011814,83.17291255018925,10.794055321641778,10.502747484545148
94.14109633224281,84.26089624337793,10.870189317392466,10.339029362993191
95.26938266548804,84.16852894609528,10.951457451125908,10.189786700383648
95.90678356648317,83.0825966147675,11.008171473763023,10.03149866994132
96.2039804014426,83.1590353187254,11.076266061187102,9.878621262025524
96.65888280851291,83.2315864886388,11.156051611418548,9.733518922198723
96.6191706057347,83.13965211551124,11.235476016974998,9.588608800530357
97.23654756152666,83.37600429669816,11.311449550526902,9.443586299440474
97.39116768125412,81.47492289026339,11.328729196950054,9.327510481773182
99.27230247680464,82.67905563384295,11.465418379063937,9.193637612322775
100.3346962360524,83.06877112828352,11.61456214278704,9.063901275504104
98.49684287056834,81.83216442212576,11.714991990342948,8.936913318065283
97.51121985505883,82.2161050580009,11.739295732136874,8.818012809390014
98.30603787721543,81.9554032326177,11.76425433416293,8.6935786016207
96.06527437063002,82.00909429505104,11.748112934242197,8.586196476754038
94.13989963044317,82.06838121652203,11.767790067543425,8.467622633812061
94.2923920310682,81.32741722100131,11.78041192739558,8.361517319342259
97.10724714508277,81.70051261461937,11.839625135292485,8.247429136097903
95.75484450223162,81.54366134470874,13.194184141443658,9.13020998559923
95.75484450223162,81.54366134470874,13.194184141443658,9.13020998559923
95.75484450223162,81.54366134470874,13.194184141443658,9.13020998559923
95.75484450223162,81.54366134470874,13.194184141443658,9.13020998559923
95.75484450223162,81.54366134470874,13.194184141443658,9.13020998559923
95.75484450223162,81.54366134470874,13.194184141443658,9.13020998559923
95.75484450223162,81.54366134470874,13.194184141443658,9.13020998559923
95.75484450223162,81.54366134470874,13.194184141443658,9.13020998559923
95.75484450223162,81.54366134470874,13.194184141443658,9.13020998559923
95.75484450223162,81.54366134470874,13.194184141443658,9.13020998559923
95.75484450223162,81.54366134470874,13.194184141443658,9.13020998559923
95.75484450223162,81.54366134470874,13.194184141443658,9.13020998559923
95.75484450223162,81.54366134470874,13.194184141443658,9.13020998559923
95.75484450223162,81.54366134470874,13.194184141443658,9.13020998559923
95.75484450223162,81.54366134470874,13.194184141443658,9.13020998559923
95.75484450223162,81.54366134470874,13.194184141443658,9.13020998559923
95.75484450223162,81.54366134470874,13.194184141443658,9.13020998559923
95.75484450223162,81.54366134470874,13.194184141443658,9.13020998559923
95.75484450223162,81.54366134470874,13.194184141443658,9.13020998559923
95.75484450223162,81.54366134470874,13.194184141443658,9.13020998559923
95.75484450223162,81.54366134470874,13.194184141443658,9.13020998559923
95.75484450223162,81.54366134470874,13.194184141443658,9.13020998559923
95.75484450223162,81.54366134470874,13.194184141443658,9.13020998559923
95.75484450223162,81.54366134470874,13.194184141443658,9.13020998559923
95.75484450223162,81.54366134470874,13.194184141443658,9.13020998559923
95.75484450223162,81.54366134470874,13.194184141443658,9.13020998559923
95.75484450223162,81.54366134470874,13.194184141443658,9.13020998559923
