194.3,129.1,7.0,10.2
193.6495258644207,129.12209649962614,7.031256622294263,10.234573596205092
193.78714275009517,129.24355668212786,7.026753261556634,10.262383641812983
194.06718183105,129.64500690583858,7.008825578109683,10.272708912085589
193.53781568846048,129.3868959953833,6.983821950130396,10.247062776417003
193.53391932177186,129.55442615597812,6.9916146835076125,10.182135689686044
193.52051291030978,129.71490414707444,7.018427506431821,10.130463146990815
193.64228157384025,130.65784306256273,7.043837447331342,10.127216191737459
194.45630051268355,130.65040120953475,7.031708601422773,10.14209989779341
194.99823953860144,130.79601229481494,7.02520045209526,10.1202202028601
194.03453915087962,130.96395139582282,7.070269222148331,10.053246573042994
194.1455152320171,131.9198758043146,7.116953854638786,10.021855319417043
194.12590026562802,132.0616377511459,7.156183787416949,10.00726297468181
194.90561492443103,131.80453649363645,7.212894059394325,9.98275229317289
194.74613448199472,132.6169122280497,7.261937072558589,9.977508054596937
194.85869020889484,131.81395806167922,7.3074695886445165,9.959552568020738
194.03361416412224,132.78391718475478,7.3309102393005725,9.917464333906903
194.6896970012298,132.80014141881992,7.373061219234749,9.885015865776621
194.8058533844335,133.09597493698507,7.411808512343233,9.835468948478006
193.83063830659395,133.11323834864905,7.465662866955668,9.800942125150067
193.954260066606,133.12089407878003,7.489711936363213,9.785630664888098
194.75474329061478,133.1054176616267,7.517453427812914,9.816583499194817
194.35462132311824,133.10331425537575,7.500569349410333,9.820790311696665
194.33153777197234,133.05072842700915,7.546736451702139,9.925961968429865
194.73146527198017,133.01017284083184,7.5704478074456185,10.007073140784462
194.57979106103264,132.9559759820342,7.597650576048959,10.115466858379769
195.40797360663584,133.17529061480317,7.610733439415555,10.23332024436616
195.11001796055731,133.27800456194578,7.646146860295498,10.30814128571949
195.3782368837288,133.401688861681,7.673642401878503,10.342739380211974
195.2231215709353,133.93255530199036,7.700929940715,10.412778846595364
195.0512931496434,133.33106390986978,7.760131857648472,10.477941928235172
195.32319110394863,133.3153745236134,7.789166747000603,10.509320700747956
196.30845517636712,133.29276576497332,7.83021504602033,10.554538218028085
196.15957909134383,133.27940177081157,7.839239322559545,10.58126620635161
196.14727265997828,133.26322343127552,7.863852185290642,10.613622885423721
198.4662973413249,133.239868806053,7.868638057638427,10.660332135868725
199.6156516684899,133.2069371884751,7.897654576033137,10.726195371024524
199.89614083039802,134.1859147080673,7.92156045380178,10.815335037387282
200.9381542267169,135.65886204012844,7.896850620822089,10.811321744205038
199.90277220461587,136.07157729947818,7.911562341076824,10.867056507197297
200.94454686767475,136.36849910572798,7.891677429125917,10.862831298745354
200.93238908364702,136.7173516684056,7.91599299718135,10.75396329431789
199.88263024404904,136.76252864786136,7.9633582499201365,10.663609335406392
200.3147441020685,136.93223713766864,7.976830047796535,10.616758860430238
200.46236747288054,137.10880985952912,7.973656965961673,10.555687076498524
200.47135082757035,137.12184689932636,7.955690256582059,10.529612996904058
200.2069279584457,137.15772779579518,7.9037344451334315,10.457851203966394
198.89600336230055,138.04551839765728,7.929456144367429,10.413021662279787
197.73736602646954,138.3722232888632,7.941169205046556,10.336002282613606
198.02703420882042,138.23023902564796,7.936255055804775,10.332759701314126
199.01594162615024,139.09776808273097,7.968010817433855,10.320190669681287
199.28649216066452,138.97730550109625,8.001723793060094,10.273708810623281
199.40535106231033,139.0155811131392,8.051251533810834,10.197157586537397
199.66720892766338,139.05193877189447,8.101294497999282,10.124442269026888
199.79982856242114,139.22335106912328,8.12263227850458,10.06819472459004
200.93831065667848,139.2629612668284,8.13414656905094,9.988974329179824
200.0961217675633,139.85384330298277,8.10834707961434,9.947328435315754
200.25908628243315,140.70711288988272,8.066390453760476,9.944623684830981
200.55984671522805,140.5772644332182,8.031373969985255,9.9210684072527
200.86313482224728,140.57265224171,7.989445353202842,9.930292790269105
200.86670888039637,140.5995961591883,7.982297236904632,9.876404955312452
200.99124930700737,140.91118830625035,8.01406005607866,9.814908005980461
201.39390245555958,141.30277765759405,8.04999232419707,9.872967868515879
200.99037024364233,141.4088280819536,8.011398420414983,9.942753129002302
202.00910000024874,142.09507244767076,7.950271825736423,9.981930767949585
201.58984628756681,141.9172252621652,7.942949001587247,10.055681722456335
201.27468251399006,143.0006361959525,8.00736775734931,10.152495020447498
200.24542109756467,142.6767819782123,8.06751063098996,10.229237753296427
200.69319080950478,142.78684841513927,8.034874906614213,10.296739445943984
199.98841815066652,143.64487292666882,8.003735516114345,10.309512072696567
200.1391058428535,143.60815139238426,7.990185678525364,10.382955141265715
200.2719089928003,143.77989887258929,8.0133061120347,10.328186914258572
200.38397634616297,144.08297912063435,8.07743812093389,10.29855984941754
200.48980855955395,144.94266498067427,8.154630523667663,10.312329106432125
199.6258643457145,144.93394915651987,8.14058957528269,10.329760754740919
200.47452821967735,145.22378885637002,8.185424498137179,10.330802245300669
200.45244542644798,146.2314982203557,8.229590084595946,10.353114265029832
200.42095571845715,146.37188447770703,8.292569500577612,10.364504687994277
200.55343341509797,146.3612861595248,8.320973004975421,10.385701324358715
201.59304719040102,147.36460443643932,8.30075589013645,10.438075206296794
201.30056628511798,147.19072517432437,8.296478837641406,10.491214298996093
200.26543136706573,147.01651827842753,8.299200259548993,10.54426403161882
200.56566140349076,146.6864669628073,8.29118110534022,10.611925744217949
201.6170264530096,147.6747540629755,8.268328304894576,10.715228842473564
201.47139595624404,146.27494864633783,8.261257145225366,10.829850296946127
202.36684932519665,146.20885904642694,8.270148190427925,10.962029496767908
203.57652285701823,145.10252429971064,8.267811881494257,11.059814579829682
201.74220900671182,144.9064580686159,8.293514515726587,11.148369953154084
201.60007950103736,145.0082823789459,8.272428446421035,11.250066413148607
202.66100372220555,144.6488562813597,8.296398821688058,11.35582751757715
202.64029926591493,145.6923019911651,8.337807734269312,11.428750269347557
201.54510868917635,145.19606612151054,8.355868618735002,11.490227607651786
202.45764594021526,146.2579094351222,8.400159976234178,11.547467816601566
204.01689706557016,145.44772769910523,8.413226025495671,11.602047138649866
204.00307382857002,145.5788661063378,8.440872499495937,11.653969803999871
204.1431043058427,145.73844549100846,8.476252787952612,11.65025227766062
207.47251090765616,145.84318861607483,8.45272494390804,11.75673199703181
211.43424666850046,145.80492677196716,8.459105001250453,11.833255685247128
214.6143426396474,145.63711464590878,8.468081143684838,11.850421533127474
219.54940723243158,144.82734206822386,8.482802236088308,11.875635998501902
225.78399858906639,143.5511794260995,8.473742460542692,11.872038628858489
231.83016964882455,141.33916602192977,8.514295278122116,11.826051513004812
235.66773995910685,137.66287481993305,8.501327922094141,11.835717871817312
240.46559432663582,132.52536631531393,8.48133276897809,11.896640393650905
243.51253147852992,128.83237061516635,8.463358434683306,11.927594988769805
246.39679855719157,122.92655879931044,8.454045448996045,11.90081954545191
248.8044342663076,117.02937921891584,8.429744904287903,11.877450551548831
249.46187247886166,115.45138240197481,8.389444560622275,11.847003981824695
249.45681495776776,115.61847678493304,8.39955960281011,11.830334418283574
249.457502560103,115.78136811758232,8.398184398139621,11.821985374311488
249.2963915743657,116.41551789594017,8.403121769293378,11.822824218879132
248.97666887160923,116.24920979565252,8.407809911484462,11.83806178779349
249.28884168792084,116.56658618653573,8.418837273224828,11.838682000390634
249.74739553966754,117.54011615763865,8.455362181749097,11.798887282220138
249.43192206739656,117.5486634126117,8.450556720840625,11.78179277227403
249.10576957577356,117.37009897851073,8.467785409625117,11.821383493245229
249.25919107214705,117.529943504615,8.479363844047514,11.820115868206033
249.09826785159376,117.70098615355477,8.4826175581449,11.796623297335673
248.61468371265497,117.21699625268894,8.494915070653677,11.80973233369848
248.5785225347866,118.0390286908028,8.567237426390395,11.759123335689951
249.20415270899187,117.89355625640293,8.592424979481633,11.730956229114273
247.92612950279658,117.7285080361286,8.595689612236956,11.741954947208544
248.5582054487191,117.71984734643719,8.60881090218433,11.759276326591351
248.56863806037327,117.69926514491382,8.587945678876013,11.800440729638112
248.10709905935641,117.67056566748127,8.550786711702793,11.857839684503217
247.01357276368668,117.787994414974,8.49546581208769,11.943321259654136
247.17389449855537,117.91553698677635,8.4955460304197,12.008959804118831
248.46040371490736,118.0757743837687,8.496274371679075,12.01020335687953
248.4695452525326,118.22764440417969,8.477991296428563,12.028212482003273
248.47986106720617,118.20578943782552,8.457359667081477,12.071922414711624
248.9431033273865,118.17745634277603,8.496996845486617,12.128588604810602
250.2180367602847,117.99788164389213,8.535539705186093,12.164186786891413
250.3706015223303,117.8278173625285,8.555135547848382,12.179589982865071
249.869379481547,117.34191249269898,8.581734959440183,12.175555052549342
251.02522550452773,117.33344107962782,8.54965812909152,12.192497878691652
252.15461930929658,117.4966669343392,8.56857456541155,12.191432461534278
251.18085193864508,117.13978716089369,8.562015390631618,12.253827369731
251.32921303307967,116.64432659092964,8.591810298666282,12.265197218947668
252.45821755755816,116.66234328954323,8.624066694566974,12.22916382172048
252.45146409815513,116.67420587248667,8.63757361337306,12.205438655833602
252.6186718102164,116.67054611610162,8.630190149023331,12.212758168603697
253.7835633810224,116.61865209549329,8.589553888547412,12.316546209820347
253.6243573964007,116.58224931478968,8.58004646052818,12.389351771227576
253.90869015687332,116.53995991162562,8.669104378408873,12.4739305775557
253.7069986940532,116.49507784432386,8.740876703622924,12.56369471215921
254.85205210878306,116.13114365885689,8.789834097900519,12.623259019168234
254.8230521344459,116.78053052461,8.84783404657478,12.667926984855955
254.81346077319162,116.5902456216287,8.867016769083367,12.711003691297234
254.62507715961172,116.41323937168933,8.905323330395545,12.726555525328353
254.61426021770208,116.0929678276943,8.926957214214832,12.68844233192566
254.60091228769332,116.29123590719914,8.953653074232372,12.631015196124693
254.5867867139011,115.64673822645601,8.98190422181681,12.565288539360791
254.56434405225298,115.84202024651596,9.026789545113033,12.512875241892049
254.7125207191448,116.03936931186655,9.068531066194211,12.456271966055652
255.05171511637107,116.05496828855495,9.065986394612349,12.42507401267885
254.71165981144227,116.03950596269299,9.071283428517344,12.455998664402777
255.025570570693,116.0145941179473,9.119388115569114,12.505822353894164
254.82322288738266,115.66125615947651,9.18457449710331,12.53348030066287
255.4581815788065,114.8219417412455,9.278651367946281,12.507116320011637
255.25460422718206,114.11161828146197,9.343666204939188,12.559203774555186
256.0779120350599,113.92737642002652,9.417033389241604,12.583690937414461
256.35662391678585,112.85193079218287,9.550749044945537,12.661163935634555
255.75688665226755,112.63857665317238,9.70341723926959,12.738936768751353
255.88313237555718,112.53120270228979,9.803539536090828,12.953684670516552
257.10601796104095,111.19270551323399,9.860422897281657,13.12802451646977
255.96227250365737,111.47673281420697,9.98126974439484,13.282184603741786
255.9303565115793,111.21902096067676,10.045101728551014,13.432177861739683
256.0766457446316,110.7703275023269,10.121281027432303,13.59204924846751
256.61514173468134,109.79138028189645,10.161599870889853,13.687758983400027
256.6038261802172,110.1360193003104,10.184230979818128,13.747586495084061
256.59244196795,109.922445002043,10.206999404352542,13.798901956461703
256.567795699207,110.25325911113106,10.256291941838537,13.891246239929345
256.5258613740454,110.03015951458762,10.340160592161693,13.958247884117746
256.3354293580917,110.03010226560127,10.339434510095213,13.958362382090465
256.3464748610166,110.21042092945373,10.31734350424544,13.979305016094647
256.5421389478082,110.37770407444249,10.30755170056755,14.02627509602242
257.883755381603,110.57599513733479,10.298945565042741,14.011782503389966
258.0734302570728,109.6209379430742,10.301324072730466,14.013255598774164
258.8511526127245,109.62171427973385,10.273037910353196,14.011702925454847
258.85942990298435,109.61346733665366,10.256483329833486,14.028196811615235
259.4532473660091,109.39932668137855,10.212691481690722,14.075197096196524
259.48153283849075,109.7793934226523,10.156120536727459,14.07761432198268
259.67654171559417,109.75420732288198,10.146485188573033,14.127986521523315
259.7031522112858,109.16520817551755,10.093264197189743,14.163022459892751
259.7182979526459,109.32682848341446,10.062972714469538,14.220424082541056
259.72766524076167,110.63946149160729,10.044238138237974,14.262241942695587
259.5499307987865,110.37775294612524,10.018371411617888,14.404323423089195
259.5536843237854,110.41713887034192,10.01086436162008,14.325551574655842
259.7256612331707,111.54359549396793,10.04865237934627,14.363089346384967
259.16293556452723,112.07808423418531,10.025304962136588,14.442910620446858
258.0075054759304,113.41185101739305,10.033647209997564,14.461647971586366
258.00226722288903,113.22250529950679,10.044123716080213,14.45616564213151
259.7275482745674,114.74319503092826,10.051938676736683,14.488899125078081
259.53702677333763,114.52171894561752,10.048094162480984,14.546963778984262
258.01269305455924,114.71667826651867,10.011158247795775,14.542745556212225
258.5785589869764,115.84148292510696,10.034503790227388,14.603291053567826
258.5567671531588,116.59921655940398,10.078087457862697,14.633125379660088
258.54988565229246,116.57045662421908,10.091850459595317,14.690645250029924
258.93314267560106,116.94034378408674,10.10252042871999,14.728054946036512
260.2851226310085,116.92605562125229,10.123890136822272,14.756631271705398
260.3024154636198,116.91646581488351,10.089304471599704,14.77581088444297
260.7172648633309,116.92520994054038,10.039273599461579,14.758322633129216
262.08356390185594,117.12479180233979,10.027865998228254,14.747900406075637
260.93018423944017,118.47926857739478,10.004252868598403,14.757714719503895
260.92014912540935,118.8186369182612,10.024323096660108,14.855281679863069
260.91195976798736,119.7670981994275,10.040701811504016,14.908128540742942
261.51263322568093,120.12312800994057,10.012418413242711,14.978111264467307
261.7071132394865,121.46244736428963,10.015062898391024,15.040704145085833
263.09636492143017,122.40842987759514,9.984687256030098,15.111687490993614
261.933720940521,123.15165536876385,9.951067611616164,15.197841579477634
263.3184861798924,123.69841886695625,9.93873315186745,15.285970019804555
261.7340389192702,124.84624907106401,9.947613588426663,15.36032017510299
260.7559547205104,125.21427726353672,9.922458119608429,15.416793336692674
260.9458128078452,126.39613704161408,9.939433181145203,15.433221197776163
262.528835020169,127.58391525202171,9.951155561047313,15.440989880373323
262.33701860060916,128.5755753906885,9.937255403949955,15.445334584125336
261.53997477486854,128.96357755219123,9.941879152710255,15.464062212480345
261.53416819961507,128.9624281515983,9.953492303217267,15.466361013666225
263.10900125137226,130.35606590806321,9.98744354134735,15.464750674675361
263.288538052538,131.753332946155,10.02686483412155,15.459680864231142
262.4765180933668,132.9327788062569,10.054597849497263,15.495249498477458
261.05829159347394,132.92072016135015,10.090541971105308,15.519366788290949
263.0449506458791,134.29654603389773,10.127562640733206,15.574952185302541
264.24515546307015,135.28957261777984,10.14206252965296,15.601323620289838
264.0620729860417,136.10056571316787,10.105105238221256,15.591826411468192
262.8446800176684,137.47091780576207,10.125710977618045,15.667665789854734
262.82162226155356,138.84358519099575,10.171826489847696,15.74923990535477
263.62689153966375,138.43721119321032,10.184634005424872,15.750314865026896
263.813634590352,137.0000826443247,10.217214300158052,15.782107190030164
265.2427843787307,137.18042676653036,10.208521469808254,15.828505623677017
263.813598397772,136.17637937612338,10.213434189454745,15.798415231440423
263.02276228921033,135.78653713179767,10.166034170650269,15.763563602127867
262.8378968279242,134.96856891758438,10.129810604559495,15.775682075902404
264.8776271575496,133.5766479344192,10.105660956238513,15.72080633458189
265.0767113028346,131.58448846966064,10.111798324927943,15.662068671504725
263.8693778360227,130.02622886330568,10.105297196279396,15.550363801184789
263.86217519523774,126.87898655033811,10.119702477849241,15.416931121884321
264.0597149202355,124.52696283422873,10.124605821761234,15.321185027214261
264.0543548720405,123.38779095837955,10.135325918151082,15.207769419588136
263.4990171358461,122.02609960059206,10.05470048250027,15.151450016403771
262.74432660324374,120.62317777420074,9.984428155088928,15.192900232108396
263.17518343171565,119.27759542820559,9.911447746472907,15.123498554951246
263.18976795265036,119.0883324794857,9.88227870460353,15.109915175351496
263.03029441700147,117.63734493313503,9.80980633554168,15.2719541855354
262.886858200117,116.20502870501363,9.704038956055399,15.388107948991088
262.8867987514649,116.15975622355128,9.70415785335956,15.478652911915788
264.29839837858646,115.10150580955455,9.638710521752865,15.625330938026135
262.8993039784027,114.86130554570407,9.67150363255259,15.710674938646005
262.87408727314573,113.45162755731573,9.721937043066527,15.751865806513404
262.8320885685343,113.6312530832546,9.80593445228942,15.790957350223797
262.76276760175614,112.40255993342446,9.94457638584567,15.846325008755223
262.6841826099949,112.59064455994294,10.101746369368241,15.87364445893209
264.04758433815306,112.18805245461932,10.220643975361195,15.865771223205245
263.8012996267347,111.78298359362816,10.304815536648919,15.859113222089453
263.74002379745576,112.20804197253302,10.427367195206829,15.82840188673494
262.45104400617623,112.21039789007338,10.537624101977014,15.823690051654232
262.42080507002294,113.23852947553095,10.598101974283576,15.832661672745004
262.5785645207894,114.27648236677098,10.696769807405401,15.82768956353869
262.36357964184407,115.493638817264,10.710989934979803,15.88787444445061
261.71191426278966,116.10173319507625,10.763645783048894,15.922360598865781
261.8644956218346,116.31239747905047,10.876767457704222,15.919316423662483
262.9136108864798,116.4724660706446,10.879104280390543,16.019292710869575
262.68914862595454,116.62638188434956,10.90637003781155,16.13311984708901
262.04544643355564,117.21796063135496,10.922298745661005,16.221438030026604
262.24648191065967,117.16819612053686,10.945646872153077,16.320967051662777
263.50890984450706,117.12287389803701,10.984617439636645,16.4116114966625
263.300112826464,118.60948308097664,10.97289625180557,16.44359969820384
262.20756908370004,118.53062360974869,11.00997576368314,16.60131864065975
262.2049756564181,119.5287956353778,11.015162618246919,16.7679192756997
263.27701846873225,119.9178819317986,11.046965595970418,16.86010212379881
265.02110218808764,120.04953143670394,11.055527984319845,17.033894342370676
263.46829167669694,120.42720404973996,11.082260189460632,17.1582316356245
263.23575087563904,120.12789289924365,11.105190455187666,17.314702600228358
263.68620255615775,120.72183862531003,11.094044357598742,17.46144704326832
265.2563799705949,121.58619369323884,11.08191326927249,17.520293330581
265.03538691060317,121.56524673615121,11.076332953922092,17.562187244756263
265.0155416695635,122.23818777033381,11.116023436001482,17.560603705968
265.21579502134733,122.43852035433513,11.164257101451552,17.608678906983105
265.39887015575385,123.31911347084309,11.24837365124094,17.648559948377173
265.84670497397656,123.05768508808406,11.257245597194997,17.7191459226955
267.90961564849755,124.41039970079738,11.212704287653734,17.734570056936
271.3091296810115,124.19854570469705,11.208089119536904,17.705317189342594
274.03447480336257,124.18367129791324,11.186751619653638,17.73506600291024
273.98618168583096,124.6034626377473,11.283337854716873,17.80055075505986
275.76772943946753,125.49513449185062,11.361283265271044,17.837727505766914
277.7982859764463,125.47449522109,11.413084151420751,17.87900604728815
281.0258401108748,125.69620692748293,11.376619373487554,17.89405716956827
282.8477333363461,125.73764325022262,11.397552740815861,17.811184524088894
284.8534476030218,125.80090427049431,11.500919392950419,17.6846624835455
288.0120849439604,125.79171302609211,11.582051688633207,17.70304497234993
289.7701549764923,126.20691932328063,11.735169701614465,17.789946897484118
290.6425511320889,126.37303342703254,11.840424525363513,17.92023047371584
292.4416860666046,126.58304400165605,11.971917480247003,17.966429677458155
295.4940702072811,126.49823192039844,11.965466651500211,18.1360538399734
296.67802707844385,126.23585791838336,11.955268458923676,18.189258734053755
296.93563996520936,125.96933238127673,11.912215013490679,18.25013748016896
298.36141371183305,125.50077285463486,11.894880389019157,18.242518910527423
298.3564679904025,125.56346920283536,11.9047718318802,18.11712621412641
298.30829392771057,125.61506598280192,12.001119957264146,18.013932654193294
298.27945987681244,125.15373253751495,12.058788059060308,17.99599774040642
298.25977902789197,124.92687676041884,12.098149756901273,17.978720046016257
298.032563191166,125.82835368802652,12.081198673068723,18.061297219939064
297.349799463994,125.98113530359862,12.029694925918456,18.228077722626278
297.3196268737471,124.72086076119274,12.09004010641214,18.37865556137676
296.3453057889014,123.47721603829586,12.129641753880737,18.479644354392
295.85926700703465,120.31663288860257,12.142847678880026,18.568145002006673
295.1056642311802,119.07863251489167,12.207100742460936,18.63922493588183
294.84986671231013,118.83337864114168,12.235574315744229,18.64661121892494
294.8326733563275,117.1284747196374,12.269961027709394,18.6704726180547
294.6103058293692,115.64761638352482,12.23005855582823,18.724364135493477
293.17057952093893,113.93798435893304,12.20082109933988,18.750156432436622
293.1582162051369,113.70501236983353,12.22554773094392,18.731419194608435
293.43742904841486,111.73555127740133,12.15193439804038,18.791842550254252
293.2093174913834,109.32876026188617,12.123666760717283,18.760517067423773
292.51021946308083,107.85694199207896,12.071214555351602,18.802857083096804
293.27110088596675,102.27761073228504,11.999375622382521,18.84543627119633
293.4910187933695,100.33599642125401,12.042284477722333,18.86670753209634
294.68735117112294,96.91828367321031,12.068522742064607,18.929204572605993
294.9205969101203,94.20973043890174,12.087186138311667,19.009607424562297
296.600268454215,91.79161277698395,12.134535720472734,18.979138933611626
296.57378940941476,89.59183068239248,12.187493810073164,18.995648349784194
296.5114032651832,85.86765787805611,12.312266098536291,19.12191901855537
296.2413947901771,85.58503725858532,12.360168994960162,19.195046203908557
297.9350749457716,83.32632669780594,12.430876434036907,19.266380217982803
297.9177074994313,81.35978221017326,12.465611326717562,19.229395660338707
297.92207476367014,81.3384379802337,12.456876798239762,19.272084120217823
297.9054434803811,81.32673313598036,12.49013936481787,19.295493808724494
297.90913163823615,81.58442754067096,12.482763049107852,19.27778970359265
297.90329872495636,82.81375281097941,12.494428875667364,19.30562020535979
297.91554148120076,83.3546339505469,12.469943363178611,19.219674105399083
297.92468055108657,83.35998585920223,12.451665223406959,19.208970288088427
297.91706987941933,83.6544650474722,12.466886566741426,19.115757478796034
297.9107342927794,85.14204686647474,12.47955774002124,19.10820226968079
298.1566741015747,84.8465312674708,12.482377372827155,19.2045342172922
298.3982343667949,86.01966278899869,12.49544818135363,19.33922786907049
298.38976278296246,86.00628385082103,12.51239134901848,19.36598574542581
298.4005466604825,85.95142790443968,12.490823593978337,19.475697638188503
298.3815896510939,86.66554566820763,12.528737612755599,19.548651196043615
298.3814238378101,86.56250066766073,12.529069239323269,19.754741197137403
298.1043440478741,87.2964509918699,12.57801590869419,19.802479280222087
298.09114870689604,87.50815839581684,12.604406590650317,19.885810641345284
298.0883411013682,88.48610739527888,12.610021801706043,19.963650773601234
298.0791600190883,88.99859497969844,12.628383966265776,19.958061232054924
298.0807552788092,88.95957882547675,12.625193446824031,20.036093540498285
298.1061252021388,88.94127865875947,12.57445360016483,20.072693873932835
298.10569873877785,89.40001356060117,12.575306526886685,20.17667802439517
298.35427301631586,90.0442552550953,12.590452662690545,20.425078708046172
298.3432744848986,90.06464130490582,12.612449725524998,20.384306608425113
298.11142382272624,90.04947637591995,12.560133091123044,20.414636466396853
297.87755402233284,90.29034307290546,12.512281053289922,20.448494711045733
297.64983516232377,90.57290741437271,12.452426706502436,20.39865809491686
297.67662612310414,90.81549951041553,12.398844784941783,20.42701624994631
297.65838643480566,91.59357669052577,12.435324161538716,20.410051191048886
297.65156141464905,91.64528157457258,12.448974201851925,20.30664142295527
297.6288571885535,92.07574595355834,12.49438265404296,20.469937621974577
298.39227590170526,92.8890239139885,12.51347714136017,20.389313614734974
298.14244002788035,93.13381647889027,12.498719140383415,20.414158233558087
297.89630362986094,93.69944858950754,12.476439869205254,20.311998146757546
298.0784104573177,94.45142318491742,12.624880316798276,20.346011263457353
298.02104120436235,94.88541019020522,12.739618822708909,20.50934731645011
298.00180821459446,94.81549014359297,12.778084802244742,20.64918740967463
297.9622594832792,95.35730737412845,12.857182264875325,20.61105808867704
297.70906108405086,95.33925244019686,12.84006833813626,20.64716795654022
297.4058617063304,95.58906706834232,12.922704210724888,20.67130158310152
297.15867980100626,96.10903810711272,12.891558538117215,20.682378472072642
295.86722396124355,97.1725891639875,12.848707288493763,20.655886701642252
295.83631087637724,96.92364093885446,12.91053345822641,20.629745117905372
295.80470178754183,95.88920296173058,12.973751635897179,20.599882877603502
295.8046252938763,93.26625569515969,12.973904623228291,20.59280092879239
295.5438641079774,90.40671225671494,12.970232664704197,20.534750172141464
294.5568319389777,90.17395530020136,12.847237761483193,20.475999274863504
294.54837344969144,89.9485972673763,12.864154740055723,20.40538922106853
294.53571763336123,89.96807338636204,12.889466372716123,20.36643698309707
294.8059478251005,90.08723895336415,12.869401312871334,20.128105849092833
294.55608002416017,90.73423139527566,12.852643906839543,19.867106981094754
294.26398031152956,91.32975800617672,12.924540376480879,19.70065967053221
293.98832053530515,92.33490385870043,12.964855178192657,19.73438696843282
294.2015383104633,92.33431897294874,13.050602121005458,19.73555673993621
294.17183764204793,92.63516216743666,13.110003457836187,19.647497669239005
294.1462746985225,92.81227397779533,13.161129344887014,19.806565468383326
294.3993717126317,92.7630684049493,13.171467976058015,19.904976614075405
294.3773553750094,92.8993932015935,13.215500651302534,20.15051052375097
294.11035668970817,92.08798648243409,13.2268941663703,20.205512395465366
293.83781808655755,89.44156348076078,13.248352159981604,20.262166271912193
293.7897815289627,86.01930252339591,13.344425275171234,20.28393755596948
293.8032430117421,85.65051325105608,13.317502309612397,20.494762083541726
293.79792439781386,85.35351104873186,13.328139537468878,20.559297397034776
293.7757816585827,85.03835571281611,13.372425015931345,20.658993817352883
294.0494121799448,84.73007030434925,13.358011818849693,20.74271678864401
295.3842451779635,84.37003497762981,13.357656004021418,20.928925405841042
295.07841997640406,85.10682866530618,13.432661499051534,21.065272754755007
294.80104722086503,84.79117291918105,13.44746690576988,21.156644142645465
293.73598748140637,85.5302416655979,13.411365434639784,21.30317236234729
295.3832688089087,85.44803833480016,13.375657789680929,21.467579023942758
295.0817601201952,85.07138492552804,13.433674644240185,21.67588531961921
295.3310556967504,85.03123613510482,13.484167847596815,21.75618290046564
295.29289781485124,85.07698446235479,13.560483611395195,21.66468624596569
295.86658603327794,85.04214231426018,13.515196259445446,21.734370542154924
296.4424173478295,85.03071168043758,13.466185224855899,21.757231809800125
296.4427984227848,85.00610917099644,13.465423074945257,21.80643682868238
296.4256049834222,84.93888566718331,13.499809953670507,21.940883836308643
296.39623406756715,84.63366989388925,13.558551785380628,21.997165930550896
296.64058430986034,84.29693779256644,13.625827408850187,22.114654025140425
296.89583565749297,84.64111125418697,13.674183938175904,21.985166326490358
296.9147141526636,84.04278775447136,13.636426947834657,22.06633626493924
296.8976387175404,83.99422983129362,13.670577818081,22.16345211129473
296.8488559389736,83.97291669230134,13.76814337521467,22.20607838927931
297.09334850963154,83.6805111756287,13.841771937395912,22.228275719127424
296.7645050894699,83.95390746464433,13.935277999264628,22.245663919550854
296.7089492139277,83.30911407614052,14.046389750348858,22.40323341175838
296.62864485589307,83.02727145898652,14.206998466418188,22.39669292445123
296.5861035281594,83.38014818033257,14.292081121885504,22.263757204724584
296.83005694801426,83.04065664801597,14.37642455333009,22.37048999820346
297.0660042884322,83.03666544114819,14.47978790811391,22.37847241193902
297.0374657663539,82.72256324151861,14.536864952270637,22.429573431900366
296.95382827226643,82.97810223515611,14.70413994044558,22.49731730505876
296.8935489752932,82.6290844916537,14.824698534392097,22.61272563570145
297.11572203287506,82.6262369550845,14.966720255675872,22.618420708839857
297.0864902590367,82.66522837089394,15.025183803352705,22.54043787722097
297.0273492991294,82.3776250325516,15.143465723167179,22.52702700114027
297.90252394733596,82.14987374513025,15.16425763003092,22.392149174890733
299.66225462750805,81.92405805769953,15.176965331687107,22.25508570608545
299.6083864628387,77.60951365452858,15.284701661025828,22.081566708268642
301.3318142407651,73.01049067904118,15.353884380703459,21.903510591162448
302.2567890882983,70.78000296804649,15.257313872660065,21.68880818109009
303.32842097759925,69.39122738590538,15.43253252314045,21.568256309019503
302.4534688186149,68.04373574903646,15.44038710722223,21.3598233596125
302.10196666184225,67.83843796905312,15.56573792081866,21.192765419630213
303.27125903972296,67.03158068220289,15.53585687025836,21.074952214429807
303.2082134886559,66.78251112410274,15.661947972392577,20.998195221756593
303.13615621876755,66.8511096388601,15.806062512169204,20.860998192241894
303.0752301352945,66.61641655404436,15.927914679115357,20.754323770483673
302.9685680836238,64.61258811132497,16.14123878245677,20.727029195874795
303.27157701435016,63.76633719577649,16.114699653818253,20.681094828529293
303.5623778977322,61.649936214078,16.111442601783654,20.865483788819745
304.4239799826597,61.30096461452428,16.131566553173045,20.982317614179053
304.6958016132282,61.55561328862448,16.171144564172142,21.056241538114694
304.97238269317853,61.2444818423752,16.202977206125635,21.09350962875906
306.69917752313944,59.45439338864682,16.26588277049439,21.157191311925235
306.97423938302035,58.042578907657955,16.3038389716784,21.040420669173805
307.87945315390664,56.14804071120683,16.254155748813446,20.721093651291458
307.93613885903693,55.83181357341061,16.14078433855283,20.772323800204152
307.98193442234566,53.53017091017054,16.049193211935407,20.734299419056153
308.60703781011114,53.89825350172883,15.955169876179742,20.576225955827255
309.8663444206454,53.974023564424456,15.733139633386306,20.424685830436008
311.34970602669404,54.131622016041476,15.607491468984575,20.109488927201966
310.8424058048377,54.31159646170293,15.499383968152951,19.749540035879058
310.6357338771443,55.00978877712584,15.358636365061084,19.46133832199074
310.9045173437678,55.38698809013868,15.368463077355706,19.254333341506726
310.80154470062797,55.54807697107211,15.574408363635346,18.932155579639858
310.69036704034215,56.191601760611874,15.796763684207011,18.73063979581422
310.8370814827349,56.264332931270204,16.046582470214165,18.58517745449756
310.9248818245803,56.35431985647925,16.415997399662167,18.40520360407947
311.05144666990105,57.205915222953536,16.711009340639304,18.346437765986657
311.473608350015,57.20376525713553,16.97055713712958,18.35073769762266
311.57257307963266,58.03678911735685,17.3287623687159,18.35309404964505
311.6598505395663,58.010119450594885,17.7160685590455,18.40643338316898
311.78039481988424,58.86399931371308,18.04381232349863,18.40517063219921
311.93342033971504,59.14379632588759,18.311753963141467,18.41956928715461
312.5920387310696,59.386843586640154,18.72985341786223,18.51192017812613
312.9310657214604,59.39596151816353,19.224763663272444,18.49368431507937
313.5816489084825,60.29966125512897,19.705487525363843,18.468175077284062
314.34417215739205,59.86476344707066,19.983684296356262,18.73688960379687
312.75548709006756,60.361291016324444,20.11258551308244,18.96322203245845
313.8816759972825,61.83577592404403,20.32140967913381,19.090754692620862
313.79319904991576,62.11173389526424,20.498363573867366,19.159427106702136
313.042277916178,62.3937570498213,20.75131955508997,19.219823940714427
315.6389046156791,62.35455341097198,20.592876601427285,19.29823121841308
315.45525101719966,63.053742112850216,20.96018379838616,19.156101227028422
314.62052324274794,63.03270791046319,21.366453764776555,19.198169631802465
316.7637683265182,64.00773348708533,21.550057027312178,19.163872805733668
316.9542774861575,64.64048042890617,21.809927601420036,19.18015670886495
317.7768031965049,64.64571711287451,22.10041898447015,19.16968334092828
316.7114931818758,64.87957019883846,22.282499853793393,19.351490222311984
316.16163795653756,63.84397858203787,22.72696322727695,19.456932224334206
318.8034154492483,66.16190167887942,22.753921321244768,19.467784975116764
316.63674146795114,65.47009279036382,23.100838671503748,19.522592548036194
315.55828099942363,64.00760416831486,23.245828962108426,19.764995596867024
317.665818276795,65.67213763766505,23.76822184642768,19.819833971782288
316.7230605590355,64.31059678406058,24.282293968981637,19.800029053061344
319.55853342649687,66.389188443566,24.85115692883719,19.802718197235986
319.36832193511594,65.97175893471363,25.231579911599034,19.935491029218927
319.41570159237887,66.33996338416938,25.846889568077035,19.90915110131126
319.4825761127756,66.61916669856366,26.432189691263563,20.069793636502766
319.5541623993609,66.92572636281405,27.019616219390407,20.187273409299454
319.97602444764476,67.2549026084681,27.6588250403601,20.27038737676003
321.1864656853472,67.23525489887938,28.24812407678703,20.309682795937466
320.8042727027566,68.73789422486134,29.012510041968227,20.352927521202258
320.1244446142091,68.67712848070988,29.59775377461016,20.474459009505146
317.070681375773,69.02177054432104,30.20846204994512,20.570434625359567
314.36153473822066,71.03502835125866,30.8504045184239,20.524211350339186
310.5800737569026,71.35040710006717,31.168749627289735,20.69840683647442
307.1297977159059,72.61518396196715,31.568227553247425,20.606755921187847
303.6245053947777,74.6137373088248,32.04195270084707,20.695186411632992
297.6848131038745,74.96769420784754,32.361728220095436,20.812958975198807
294.63313823363154,77.42231797024826,32.63796607038892,20.89837878484807
288.22298908492314,78.69217302240007,32.88812592469542,20.872696369166494
282.70087981806154,81.93699099811381,32.995129212462984,21.11365441525013
279.19279392783267,83.97657524044769,33.235657438351375,21.26926315218818
277.43342578424114,84.28779541039482,33.34176210651014,21.49998071705
277.25671400143506,85.53279403155199,33.69518567212225,21.585787575187723
277.22925360618876,85.35288271154667,33.750106462614895,21.94561021519838
277.22766747433104,87.81244659467171,33.753278726330365,22.259436202078746
276.7953684407239,88.51655647002298,33.740441879753746,22.60608627895806
276.8538383430576,88.75394972461129,33.623502075086336,23.01430493714022
279.4939997219219,90.814443362603,33.67125964308752,23.33338459926503
280.2707071290109,89.46995910132385,33.01185761569761,24.23432754824727
281.7179522290016,89.62422528159935,32.81395192428199,24.824656690551556
283.95891212375665,91.8585900911074,32.859592554813474,24.883487491577043
284.6021542718856,91.22925557978436,32.48027671645679,25.234988056321875
286.3946736347878,91.52982967863956,32.5236764386605,25.540949470613505
286.519883358005,90.8938884637223,32.27325699222606,25.9000828469578
287.53467086076216,91.20344004687446,32.07316222979252,26.195719802193857
288.6141891289555,91.01221799288086,31.74703055665396,26.578163910181054
289.94902719914415,90.66817772942854,30.912564093089912,27.266244437085714
291.15978246978636,90.44727818112473,30.3225570217013,27.708043533693306
292.01767072452213,89.30995644950374,29.520416329312134,28.155415362770512
292.31584489009447,90.47579949414151,33.460254877316345,31.143891413333385
292.31584489009447,90.47579949414151,33.460254877316345,31.143891413333385
292.31584489009447,90.47579949414151,33.460254877316345,31.143891413333385
292.31584489009447,90.47579949414151,33.460254877316345,31.143891413333385
292.31584489009447,90.47579949414151,33.460254877316345,31.143891413333385
292.31584489009447,90.47579949414151,33.460254877316345,31.143891413333385
292.31584489009447,90.47579949414151,33.460254877316345,31.143891413333385
292.31584489009447,90.47579949414151,33.460254877316345,31.143891413333385
292.31584489009447,90.47579949414151,33.460254877316345,31.143891413333385
292.31584489009447,90.47579949414151,33.460254877316345,31.143891413333385
292.31584489009447,90.47579949414151,33.460254877316345,31.143891413333385
292.31584489009447,90.47579949414151,33.460254877316345,31.143891413333385
292.31584489009447,90.47579949414151,33.460254877316345,31.143891413333385
292.31584489009447,90.47579949414151,33.460254877316345,31.143891413333385
292.31584489009447,90.47579949414151,33.460254877316345,31.143891413333385
292.31584489009447,90.47579949414151,33.460254877316345,31.143891413333385
292.31584489009447,90.47579949414151,33.460254877316345,31.143891413333385
292.31584489009447,90.47579949414151,33.460254877316345,31.143891413333385
292.31584489009447,90.47579949414151,33.460254877316345,31.143891413333385
292.31584489009447,90.47579949414151,33.460254877316345,31.143891413333385
292.31584489009447,90.47579949414151,33.460254877316345,31.143891413333385
292.31584489009447,90.47579949414151,33.460254877316345,31.143891413333385
292.31584489009447,90.47579949414151,33.460254877316345,31.143891413333385
292.31584489009447,90.47579949414151,33.460254877316345,31.143891413333385
292.31584489009447,90.47579949414151,33.460254877316345,31.143891413333385
292.31584489009447,90.47579949414151,33.460254877316345,31.143891413333385
292.31584489009447,90.47579949414151,33.460254877316345,31.143891413333385
292.31584489009447,90.47579949414151,33.460254877316345,31.143891413333385
292.31584489009447,90.47579949414151,33.460254877316345,31.143891413333385
292.31584489009447,90.47579949414151,33.460254877316345,31.143891413333385
292.31584489009447,90.47579949414151,33.460254877316345,31.143891413333385
292.31584489009447,90.47579949414151,33.460254877316345,31.143891413333385
292.31584489009447,90.47579949414151,33.460254877316345,31.143891413333385
292.31584489009447,90.47579949414151,33.460254877316345,31.143891413333385
292.31584489009447,90.47579949414151,33.460254877316345,31.143891413333385
292.31584489009447,90.47579949414151,33.460254877316345,31.143891413333385
292.31584489009447,90.47579949414151,33.460254877316345,31.143891413333385
292.31584489009447,90.47579949414151,33.460254877316345,31.143891413333385
292.31584489009447,90.47579949414151,33.460254877316345,31.143891413333385
292.31584489009447,90.47579949414151,33.460254877316345,31.143891413333385
292.31584489009447,90.47579949414151,33.460254877316345,31.143891413333385
292.31584489009447,90.47579949414151,33.460254877316345,31.143891413333385
292.31584489009447,90.47579949414151,33.460254877316345,31.143891413333385
292.31584489009447,90.47579949414151,33.460254877316345,31.143891413333385
292.31584489009447,90.47579949414151,33.460254877316345,31.143891413333385
292.31584489009447,90.47579949414151,33.460254877316345,31.143891413333385
292.31584489009447,90.47579949414151,33.460254877316345,31.143891413333385
292.31584489009447,90.47579949414151,33.460254877316345,31.143891413333385
292.31584489009447,90.47579949414151,33.460254877316345,31.143891413333385
292.31584489009447,90.47579949414151,33.460254877316345,31.143891413333385
292.31584489009447,90.47579949414151,33.460254877316345,31.143891413333385
292.31584489009447,90.47579949414151,33.460254877316345,31.143891413333385
292.31584489009447,90.47579949414151,33.460254877316345,31.143891413333385
292.31584489009447,90.47579949414151,33.460254877316345,31.143891413333385
292.31584489009447,90.47579949414151,33.460254877316345,31.143891413333385
292.31584489009447,90.47579949414151,33.460254877316345,31.143891413333385
292.31584489009447,90.47579949414151,33.460254877316345,31.143891413333385
292.31584489009447,90.47579949414151,33.460254877316345,31.143891413333385
292.31584489009447,90.47579949414151,33.460254877316345,31.143891413333385
292.31584489009447,90.47579949414151,33.460254877316345,31.143891413333385
292.31584489009447,90.47579949414151,33.460254877316345,31.143891413333385
292.31584489009447,90.47579949414151,33.460254877316345,31.143891413333385
292.31584489009447,90.47579949414151,33.460254877316345,31.143891413333385
292.31584489009447,90.47579949414151,33.460254877316345,31.143891413333385
292.31584489009447,90.47579949414151,33.460254877316345,31.143891413333385
292.31584489009447,90.47579949414151,33.460254877316345,31.143891413333385
292.31584489009447,90.47579949414151,33.460254877316345,31.143891413333385
292.31584489009447,90.47579949414151,33.460254877316345,31.143891413333385
292.31584489009447,90.47579949414151,33.460254877316345,31.143891413333385
292.31584489009447,90.47579949414151,33.460254877316345,31.143891413333385
292.31584489009447,90.47579949414151,33.460254877316345,31.143891413333385
292.31584489009447,90.47579949414151,33.460254877316345,31.143891413333385
292.31584489009447,90.47579949414151,33.460254877316345,31.143891413333385
292.31584489009447,90.47579949414151,33.460254877316345,31.143891413333385
268.3039024653491,84.31289206619327,31.375925718712594,33.26280229079609
267.6807410728921,83.41343547698513,29.568775623052943,35.061715469212366
277.6797873714891,85.96381817767414,33.167924279915546,36.10776200636693
265.016933461785,79.68023776482868,31.21109899652656,38.55241568646847
271.7477619075098,83.03773660735794,33.490189570483096,39.36027988508349
271.7477619075098,83.03773660735794,33.490189570483096,39.36027988508349
271.7477619075098,83.03773660735794,33.490189570483096,39.36027988508349
271.7477619075098,83.03773660735794,33.490189570483096,39.36027988508349
271.7477619075098,83.03773660735794,33.490189570483096,39.36027988508349
271.7477619075098,83.03773660735794,33.490189570483096,39.36027988508349
249.2490384203494,84.2831424810172,32.75494835945719,38.70049993792615
245.66172993261202,84.516653920473,32.059406577552565,38.23347705901451
242.3395303875344,85.20721977456826,30.962459959617014,37.95825188055128
245.68852078069204,82.9559911173798,34.76683513698978,43.88032647426251
245.68852078069204,82.9559911173798,34.76683513698978,43.88032647426251
245.68852078069204,82.9559911173798,34.76683513698978,43.88032647426251
245.68852078069204,82.9559911173798,34.76683513698978,43.88032647426251
245.68852078069204,82.9559911173798,34.76683513698978,43.88032647426251
245.68852078069204,82.9559911173798,34.76683513698978,43.88032647426251
212.3341735072945,85.59152905604732,34.970841149652955,42.915951450736145
229.76021891561504,83.51668014880846,36.30922906565892,46.22593051657147
213.64756387713578,82.99451036726776,36.393116021379036,45.28415939515658
212.28555590120996,83.52741079836258,36.548432587241386,44.218358532966946
210.97548706215116,82.99093073167373,39.42119350656149,50.086696694675325
210.97548706215116,82.99093073167373,39.42119350656149,50.086696694675325
210.97548706215116,82.99093073167373,39.42119350656149,50.086696694675325
210.97548706215116,82.99093073167373,39.42119350656149,50.086696694675325
210.97548706215116,82.99093073167373,39.42119350656149,50.086696694675325
203.96025608414408,81.94120023184666,38.28849761253882,48.62968031105301
199.72751693423166,82.99115807867766,37.18941319937624,47.89613071924635
199.56249261393404,84.27954888615407,36.182186764521305,46.65662417974366
195.30163003114487,85.53215939389746,35.59034273456411,45.45334162076197
192.78499086388194,85.79766749998075,34.25405377743102,44.92232540859538
191.29277626704365,86.18329296640981,33.50636515874355,44.15107447573725
186.58561945336572,87.24090082598781,33.1600693162865,43.25593494030788
186.3821364833003,87.99720833780279,32.36626214888719,42.94409302420809
181.30452556934284,87.19293245928223,37.29839497302021,49.551403722939654
181.30452556934284,87.19293245928223,37.29839497302021,49.551403722939654
181.30452556934284,87.19293245928223,37.29839497302021,49.551403722939654
215.80522641240003,76.4098335162007,38.273290307241396,48.47112164698857
191.7919465805292,83.58105957603644,38.922088009882025,50.93715987300482
191.7919465805292,83.58105957603644,38.922088009882025,50.93715987300482
191.7919465805292,83.58105957603644,38.922088009882025,50.93715987300482
191.7919465805292,83.58105957603644,38.922088009882025,50.93715987300482
191.7919465805292,83.58105957603644,38.922088009882025,50.93715987300482
191.7919465805292,83.58105957603644,38.922088009882025,50.93715987300482
191.7919465805292,83.58105957603644,38.922088009882025,50.93715987300482
191.7919465805292,83.58105957603644,38.922088009882025,50.93715987300482
191.7919465805292,83.58105957603644,38.922088009882025,50.93715987300482
191.7919465805292,83.58105957603644,38.922088009882025,50.93715987300482
191.7919465805292,83.58105957603644,38.922088009882025,50.93715987300482
191.7919465805292,83.58105957603644,38.922088009882025,50.93715987300482
189.90935670723573,80.99790399722262,38.83012389963379,49.643704121159885
190.77332836966366,82.42260180456381,40.4579884055153,52.51957815294311
189.25017173807976,79.28729774132145,39.4949514663347,52.12441311634068
189.47862591936644,79.8288511571485,39.03804310376135,51.0413062846866
189.58745032026587,80.38339840822447,38.820394301962494,49.93221178253466
188.55256556431735,80.86337860816079,38.10028867759498,48.97225138266202
187.12797624146143,81.12443843812471,38.212374759304375,48.45013172273418
189.25677686212148,82.26279376203082,38.041916657798986,47.53580212152685
187.8083132347643,80.54663956531951,43.129445123412275,54.74697877289025
184.92545414984846,77.62746841199422,43.08243000148231,53.62130066936243
186.46223986881523,79.37460921416448,45.02143842138381,56.55524589720554
186.46223986881523,79.37460921416448,45.02143842138381,56.55524589720554
186.46223986881523,79.37460921416448,45.02143842138381,56.55524589720554
196.95198166315254,80.63410064032507,43.53616157018302,56.416952702202735
189.92435539573466,79.60437494843507,46.624045031638396,59.0764643207131
189.92435539573466,79.60437494843507,46.624045031638396,59.0764643207131
189.92435539573466,79.60437494843507,46.624045031638396,59.0764643207131
189.92435539573466,79.60437494843507,46.624045031638396,59.0764643207131
189.92435539573466,79.60437494843507,46.624045031638396,59.0764643207131
189.92435539573466,79.60437494843507,46.624045031638396,59.0764643207131
189.92435539573466,79.60437494843507,46.624045031638396,59.0764643207131
189.92435539573466,79.60437494843507,46.624045031638396,59.0764643207131
189.92435539573466,79.60437494843507,46.624045031638396,59.0764643207131
189.92435539573466,79.60437494843507,46.624045031638396,59.0764643207131
189.92435539573466,79.60437494843507,46.624045031638396,59.0764643207131
201.9326900563644,80.48097421695859,44.57392915542084,59.77726461153369
205.30522060381796,78.1132825771542,42.74574741097395,59.59576854068233
205.41833147005775,75.90934515195104,42.51952567849432,57.57881552326285
202.73751917221094,77.72957410242341,48.58031790318986,65.3677694387586
202.73751917221094,77.72957410242341,48.58031790318986,65.3677694387586
202.73751917221094,77.72957410242341,48.58031790318986,65.3677694387586
202.73751917221094,77.72957410242341,48.58031790318986,65.3677694387586
202.73751917221094,77.72957410242341,48.58031790318986,65.3677694387586
202.73751917221094,77.72957410242341,48.58031790318986,65.3677694387586
202.73751917221094,77.72957410242341,48.58031790318986,65.3677694387586
202.73751917221094,77.72957410242341,48.58031790318986,65.3677694387586
202.73751917221094,77.72957410242341,48.58031790318986,65.3677694387586
202.73751917221094,77.72957410242341,48.58031790318986,65.3677694387586
202.73751917221094,77.72957410242341,48.58031790318986,65.3677694387586
202.73751917221094,77.72957410242341,48.58031790318986,65.3677694387586
202.73751917221094,77.72957410242341,48.58031790318986,65.3677694387586
202.73751917221094,77.72957410242341,48.58031790318986,65.3677694387586
202.73751917221094,77.72957410242341,48.58031790318986,65.3677694387586
202.73751917221094,77.72957410242341,48.58031790318986,65.3677694387586
202.73751917221094,77.72957410242341,48.58031790318986,65.3677694387586
202.73751917221094,77.72957410242341,48.58031790318986,65.3677694387586
202.73751917221094,77.72957410242341,48.58031790318986,65.3677694387586
202.73751917221094,77.72957410242341,48.58031790318986,65.3677694387586
202.73751917221094,77.72957410242341,48.58031790318986,65.3677694387586
202.73751917221094,77.72957410242341,48.58031790318986,65.3677694387586
202.73751917221094,77.72957410242341,48.58031790318986,65.3677694387586
202.73751917221094,77.72957410242341,48.58031790318986,65.3677694387586
202.73751917221094,77.72957410242341,48.58031790318986,65.3677694387586
202.73751917221094,77.72957410242341,48.58031790318986,65.3677694387586
202.73751917221094,77.72957410242341,48.58031790318986,65.3677694387586
202.73751917221094,77.72957410242341,48.58031790318986,65.3677694387586
202.73751917221094,77.72957410242341,48.58031790318986,65.3677694387586
202.73751917221094,77.72957410242341,48.58031790318986,65.3677694387586
202.73751917221094,77.72957410242341,48.58031790318986,65.3677694387586
202.73751917221094,77.72957410242341,48.58031790318986,65.3677694387586
202.73751917221094,77.72957410242341,48.58031790318986,65.3677694387586
202.73751917221094,77.72957410242341,48.58031790318986,65.3677694387586
202.73751917221094,77.72957410242341,48.58031790318986,65.3677694387586
202.73751917221094,77.72957410242341,48.58031790318986,65.3677694387586
202.73751917221094,77.72957410242341,48.58031790318986,65.3677694387586
202.73751917221094,77.72957410242341,48.58031790318986,65.3677694387586
202.73751917221094,77.72957410242341,48.58031790318986,65.3677694387586
202.73751917221094,77.72957410242341,48.58031790318986,65.3677694387586
202.73751917221094,77.72957410242341,48.58031790318986,65.3677694387586
202.73751917221094,77.72957410242341,48.58031790318986,65.3677694387586
202.73751917221094,77.72957410242341,48.58031790318986,65.3677694387586
202.73751917221094,77.72957410242341,48.58031790318986,65.3677694387586
202.73751917221094,77.72957410242341,48.58031790318986,65.3677694387586
202.73751917221094,77.72957410242341,48.58031790318986,65.3677694387586
202.73751917221094,77.72957410242341,48.58031790318986,65.3677694387586
202.73751917221094,77.72957410242341,48.58031790318986,65.3677694387586
202.73751917221094,77.72957410242341,48.58031790318986,65.3677694387586
202.73751917221094,77.72957410242341,48.58031790318986,65.3677694387586
202.73751917221094,77.72957410242341,48.58031790318986,65.3677694387586
202.73751917221094,77.72957410242341,48.58031790318986,65.3677694387586
202.73751917221094,77.72957410242341,48.58031790318986,65.3677694387586
202.73751917221094,77.72957410242341,48.58031790318986,65.3677694387586
202.73751917221094,77.72957410242341,48.58031790318986,65.3677694387586
202.73751917221094,77.72957410242341,48.58031790318986,65.3677694387586
202.73751917221094,77.72957410242341,48.58031790318986,65.3677694387586
202.73751917221094,77.72957410242341,48.58031790318986,65.3677694387586
202.73751917221094,77.72957410242341,48.58031790318986,65.3677694387586
202.73751917221094,77.72957410242341,48.58031790318986,65.3677694387586
202.73751917221094,77.72957410242341,48.58031790318986,65.3677694387586
202.73751917221094,77.72957410242341,48.58031790318986,65.3677694387586
202.73751917221094,77.72957410242341,48.58031790318986,65.3677694387586
