216.1,197.9,29.0,18.2
213.58575514633873,196.83471806004607,29.336357090028486,18.592137356449044
213.04624141743082,194.72074221791578,29.665361336930186,19.06997298613889
210.75071161725407,194.50502434045046,29.67879510072736,19.501408741069568
210.7216657538439,193.95615335935838,29.73688682754773,19.828816357377057
210.04820986288064,193.83633988428875,29.53049131183608,20.06844330751628
210.1118956054063,194.16291406066736,29.403119826784792,20.192819100653924
209.81841751864025,194.47562136432734,29.212411839458518,20.34506865419235
209.49735147468445,194.4428665105706,29.07724074146766,20.410578361705802
208.42163706645337,193.60890129682312,28.89964280133049,20.525824284801196
208.1580827621559,193.56129658505878,28.651195379270295,20.621033708329886
208.17613685843048,193.611553990483,28.615087186721176,20.520518897481463
207.50339784530652,193.57391463525485,28.418245980254465,20.59579760793778
206.86638923114558,193.63387275110478,28.153436740175614,20.47588137623789
205.45261495852037,193.2985757753071,27.927280365823187,20.38304909793255
205.19557230435143,193.33631558876718,27.682895766033372,20.30756947101243
202.68461868473875,190.73019721955637,27.4301572133752,20.245160417550508
201.6541414057102,190.7592093770638,27.245138318615965,20.18713610253562
199.06484551942353,190.8204030654824,27.209467360256625,20.064748725698458
196.91108453274373,189.05171754742983,27.062906149124693,19.89038377472731
195.98694666840038,189.03704520762483,26.699396139296145,19.919728454337275
194.21544507838368,186.92735016091316,26.58131915163614,19.745822346528545
191.72676648979638,186.63236090086716,26.46566388018244,19.608227659673656
191.44999629088508,184.50544850512713,26.295643087938302,19.520685310753205
188.57094013356863,184.25389248681404,26.29741797095243,19.304255168427034
186.11601257879119,182.92476661312824,26.195116266063152,19.098417307544825
184.79809384475104,182.63554354620405,25.986586572490545,18.96577165097996
183.09717058744286,180.2704166723831,25.859686495208944,18.75578016996472
180.65872081879948,179.92253164407796,25.83395669952644,18.751174607579415
178.28452224278413,179.13944549952512,25.68298631455635,18.917527600399136
177.99130162785193,176.72862299259242,25.56908034417005,18.836742212509684
175.64215583176946,176.83606065916294,25.386326717157992,18.62186687936865
174.73536549405748,175.17237301106425,25.12692953931231,18.49427908678325
174.43116841856403,176.28333959795103,25.050363638959457,18.32722606702883
172.84277297180654,177.39666334858794,24.821867894797133,18.14375054836143
172.19792101604054,177.51488626343692,24.762416687235756,17.90730471866345
170.24269565369397,177.82981377034739,24.65411135297517,17.947242381334846
169.9225764011943,177.84713966586682,24.625544139358027,17.912590590295977
169.32222644204455,177.14377033723918,24.490637558021426,17.98372274791518
167.0866927981251,177.19323116220085,24.293248025232543,17.884801097991847
165.89141815912942,176.8738026274982,24.034590234875647,17.86135640031006
165.6481627580247,176.94432369226075,23.863115349759326,17.72031427078497
163.38303212199693,175.68126539035427,23.82189754786833,17.634157118057107
163.4445504664857,175.73955268240653,23.6988608588908,17.517582533952556
163.48913754600136,176.46762055517678,23.609686699859502,17.355947681321737
162.3158456515195,176.44279413711726,23.383286267845534,17.40560051744074
161.1566243534976,176.4715562283524,23.139257411753675,17.348076334970468
161.21657706676643,176.53956754124596,23.019351985216034,17.212053709183344
160.97211415347684,176.60405628274046,22.876364656817035,17.083076226194375
160.94473782301867,176.63917068888088,22.93111731773336,17.012847413913484
160.74517313543362,176.67726996768198,22.702936387660753,16.93664885631131
160.92304148613883,177.96250988472175,22.347199686250324,16.8565372100343
159.82387714460666,178.0185564302955,22.082064135184233,16.74444411888683
159.26314774487614,177.18542301902065,21.98353311029286,16.580726204907897
157.81649949080145,176.9201694237758,21.8477329957623,16.505414070861615
156.3941484165762,176.00381190004214,21.679835487244915,16.53056932414818
156.52487590632956,176.04441794913313,21.418380507738245,16.44935722596622
155.40433472695648,174.9865362244846,21.279233252671773,16.18489106145063
155.81975750362236,175.94026002273694,21.037008698283884,16.04330646177767
155.91364473410397,176.2091746761683,20.84923423732068,16.08809377378723
156.53013839129912,175.95580641938767,20.777208674646754,16.01434941149026
156.6267093755742,175.95414260619813,20.584066706096632,16.01767703786937
156.07300897296258,175.62339237014407,20.540901773641277,16.103894641138208
155.8090474747205,175.35765887646244,20.492799890915602,16.059336749291596
155.58903530013947,175.39591116191187,20.358259562092886,15.982832178392728
155.56497323122602,175.43550544491578,20.406383699919797,15.903643612384933
155.65351953775195,175.4667686501422,20.229291086867914,15.84111720193211
157.64453982192512,176.0679732858838,20.216153026124246,15.772680075478199
159.06492144007754,178.35634795347073,20.203751147312644,15.721308912293534
158.8013064687729,178.40430081490254,20.166334137425782,15.625403189429925
159.45904756412517,178.66065258050088,19.975880315787766,15.675213842766485
159.45909804856575,179.00184858358793,19.97577934690665,15.553234202961251
159.1936150668361,178.47294501015645,19.94831800902139,15.494186747135021
157.61194263461542,178.5287714373978,19.76938266003411,15.38253389265229
157.63439748270937,177.45110086235954,19.724472963846218,15.327896038494412
157.92166568057775,177.470244584814,19.700855763591605,15.28960859358553
158.76118479585986,177.4949011331066,19.671622860677605,15.240295497000321
159.127124874801,177.73802251212757,19.48842836492042,15.302738401083483
159.9990821875978,177.74740477410077,19.385214339533547,15.283973877137093
159.72260153753462,178.84058056239968,19.393160051795604,15.277684651996312
161.38807966287854,179.67618318800794,19.33241420585389,15.241584603152804
161.45296073844239,179.75072605964735,19.20265205472617,15.092498859874036
162.02354775098385,179.74835498490552,19.13969919863605,15.097241009357685
162.11710498212315,180.30041816096826,18.95258473635745,15.069562688291436
162.4493556608404,180.56338907032338,18.822992119490966,15.078529610149232
164.33518335338314,180.60552301727864,18.78280906594592,14.99426171623871
164.1304755844804,180.641811487288,18.661139376038697,14.921684776220015
164.17557301542283,180.64576088705616,18.570944514153844,14.913785976683677
163.40785506654984,180.45467650687655,18.526785240980686,14.769423013403205
162.17522753336792,178.63718776909246,18.37446823383874,14.739799586063231
161.91558796195253,178.3711665053953,18.373048763749814,14.751143500537792
160.67272787997751,178.4023861196756,18.254465669647526,14.688704271977183
160.99225529814686,176.58991509746116,18.133440595677126,14.687437979828026
160.02786036699086,176.62451723885584,17.997624405915914,14.618233697038622
159.32233672295175,174.81165583172776,17.86983418702166,14.653335661692333
158.88378372505412,174.82007877727332,17.723841534646283,14.636489770601218
157.43587378710004,173.05173545877315,17.565473231178512,14.609956864996247
157.4825141295226,173.09348977037487,17.472192546333346,14.526448241792803
155.52801889177732,171.08661025997273,17.354131022607035,14.513155263380227
153.81922443816953,170.3602253540192,17.262282459227443,14.461880445032207
153.33520269504334,169.158279114325,17.23211341982247,14.370241610277104
152.3909487054888,167.9546966023968,17.13196360721602,14.2915843944891
151.22883190026187,166.2334849770778,16.98443038231771,14.273534075634123
150.77122518827602,165.03729713632427,16.916067041422657,14.206967844974237
149.14865761155207,161.82129238020187,16.7335673922915,14.273369866715036
148.91291348924833,160.1892144939881,16.717141816748526,14.122128898089484
147.26680171267463,158.32927459594077,16.612770967452178,13.960186519962768
145.86537577786282,156.67081660160383,16.52955897706507,13.91002800529069
145.86895482274645,154.74848922123667,16.522400887297835,13.923325865541615
144.65497781572506,152.87264719464048,16.555238401518963,13.842823519019475
143.05307541725384,151.00451843504632,16.411412440999875,13.753217315394583
142.5768867581213,150.3278679616158,16.414645364214856,13.682801669680483
140.93310817123816,148.68388276880748,16.387792267105603,13.656361784421618
139.99529796823677,148.18870685797987,16.37282386154936,13.701419200297298
139.05366211548687,146.2792176320089,16.363524429173978,13.73525537648891
138.3695564952279,146.0569381848704,16.311102059221056,13.706269733942294
138.1417317117068,145.87295210204496,16.294482281703704,13.601972555033642
136.58246822054153,144.23183392080455,16.12068017852285,13.591879832003022
136.38337685076863,142.63315223553667,16.05137244681734,13.516809903779693
134.81625077739125,142.63673085516075,15.929135052443698,13.509652664531535
133.26453641143374,142.42948039498688,15.790084304241393,13.46094223057681
132.37860173355182,141.7728565793199,15.720830207449751,13.393347272494164
130.8112320737663,140.1678249216418,15.648697574617103,13.39653863544664
130.8573064733724,140.1918314422443,15.556548775404831,13.348525594241616
130.19288535395572,138.85457154474287,15.520793385011832,13.293850130791672
129.08515208635444,138.44764154000987,15.469084976851835,13.200840162912645
127.7800678377664,136.8828652055637,15.372404535480747,13.172402403499982
127.55702079844143,136.88863656989838,15.36930799562626,13.160859674830604
126.24669841291865,136.232265647788,15.296208748389564,13.126729509910195
125.81467319502157,134.69207277409308,15.265700708962713,13.07616059402655
125.81413266476386,134.7533733255083,15.266781769478143,12.95355949119608
124.75810204526726,133.44850924806425,15.158635966279675,12.899039195454254
123.25097549976726,133.46170648879183,15.082425530225578,12.872644713999065
123.04615230618431,133.06749927443929,15.052178579115454,12.78127246615219
122.17262711568523,131.33495868648828,15.047400219682338,12.742696161191699
120.87571676583872,131.13145403529643,15.01764351242737,12.712442562417351
119.39756997728125,130.05942406999256,14.919718937034506,12.674918098376658
119.45293746543393,129.85303435940787,14.808983960729128,12.653495928985999
118.6174403519505,128.3294778837783,14.751390841473489,12.675581024355726
118.43605061179134,127.48201630626497,14.682558882785571,12.644058423357377
117.17492608721798,127.10141443925515,14.624562047064357,12.54518019575434
117.21854418889413,126.92399390278615,14.537325843712056,12.472464697211263
115.5789851314769,125.44774539444417,14.416122527924324,12.449680462100755
115.17996172286315,125.49249135330143,14.368569179822508,12.360188544386244
113.74992653248876,124.90363302246467,14.284242511216991,12.276020756336486
113.13207203746651,123.8516096962608,14.266032937193543,12.290203135297713
112.68308707002632,123.62142239705398,14.3281649487009,12.332658772024846
111.22903227468886,122.16161309021672,14.299344920951857,12.315347767275405
111.43200987893903,122.18360760137809,14.31222749330091,12.271358744952677
109.99180528891753,121.36162959284002,14.264322387114804,12.24199231275502
109.99243489468437,121.00104229146879,14.26306317558115,12.128930043844983
109.57949904800007,119.56499700732948,14.258370684005751,12.094045964819665
107.74250303147006,118.78815744075384,14.200525080756885,11.989130592944788
106.9116329526504,118.58240881836791,14.21399408069494,11.988560048291308
106.93818291628061,117.14579069128298,14.16089415343451,11.975931418567605
105.50686578665872,116.96463241255529,14.144821567615642,11.927004141014029
105.50831124754235,116.96634363233201,14.141930645848381,11.923581701460604
104.29487313394311,116.80820171779213,14.108154704426987,11.829756835770377
104.35578957737255,115.38760043173514,13.986321817568133,11.814421176567876
104.39004147542579,113.9772704127224,13.917818021461638,11.793425250692673
104.40867048814908,114.00840210546086,13.880559996015046,11.731161865215775
104.40913228612358,112.8312036414119,13.879636400066058,11.667685021416213
104.18577755401213,112.63882681156404,13.92440301932998,11.650495836152974
103.79117267046628,112.6674633246539,13.908900526779513,11.593222809973273
103.42877793861129,111.47908986632447,13.831301774048281,11.562805077308443
103.86090057399737,110.87262654223566,13.766072665295592,11.57720748245689
102.89067516194923,109.49995680620901,13.712851209815728,11.53140576310363
102.93125713612761,109.5526670228336,13.631687261458985,11.425985329854454
102.95876699858997,108.36507090062119,13.576667536534275,11.43581777496998
102.96515484002522,107.99667278053462,13.563891853663762,11.385540942230191
102.99238719238114,107.80581649720169,13.509427148951906,11.374723630048651
103.02839196618704,106.63624065791014,13.437417601340128,11.364780880015395
103.4331035661075,106.0995026128357,13.408483806514527,11.267522862641224
103.62567099617422,104.95441091564206,13.411581643187692,11.228310076188961
104.5687438833442,104.60008038607606,13.463679817421744,11.161673555891358
105.74598944037837,104.43982073291134,13.43345069320938,11.094815863911464
105.94170163603492,103.31631316503385,13.427859037534235,11.026834585838627
105.92839905114425,103.17277270807905,13.454464207315572,10.929266546882674
106.31684432494735,101.8443830426622,13.44453491608991,10.901681480384482
107.66315449325005,102.03913405488794,13.432087259041737,10.89506126729832
108.63209024495978,101.8717217868508,13.407133345524972,10.847302285392052
109.55766486085619,101.7025378935288,13.463121222386693,10.804242650305145
109.96173200791156,100.38262061299163,13.418165547652492,10.77295204356167
109.55460358134873,100.22575823243014,13.47163704850947,10.70628412855033
109.46567032129157,99.26073032508245,13.649503568623793,10.735682238619091
110.96167387311732,97.86460175066576,13.724157857781462,10.844610668744476
111.342111750478,97.81254602441882,13.735771728152711,10.948722121238356
112.3479962114763,97.53168304062162,13.66456405175933,11.122335839712132
112.38280476358749,96.10816767080676,13.594946947536947,11.24054765067666
113.42973170168841,96.04970899520795,13.454445775613689,11.357465001874282
114.20748188689777,96.06102178208707,13.460504306930124,11.334839428116045
115.18450665978642,96.05049511450856,13.457049606357346,11.355892763273053
116.17238480765141,96.02743504095315,13.433316277629515,11.402012910383885
116.5257940873266,96.6021857750682,13.508058434403315,11.42485251634011
117.62688985628625,98.2091013213201,13.659675809409526,11.349433307736955
118.43004947575929,99.62062880961163,13.627052223527748,11.28034572401642
118.86687283161196,98.69573864197902,13.537019529724803,11.17109101452568
119.30346150473078,98.95418100646246,13.441157949501124,11.042864168565789
119.15751742701624,100.35692421477556,13.347933674197556,10.933164767068144
119.42863069829568,100.20522361027112,13.187613605595923,10.854659502119814
119.46480275824716,100.2519762504168,13.115269485692954,10.761154221828447
119.4820820526872,100.47256786805407,13.08071089681287,10.695520479808922
119.50880255344758,101.07540795334035,13.027269895292102,10.611712880946738
119.53203260073629,101.29594295742375,12.980809800714702,10.5424241059403
119.56140367217999,101.33339035029448,12.922067657827297,10.467529320198858
119.414491879064,101.36869637398304,12.848058536455818,10.396917272821721
119.62215947748075,101.76581529448028,12.798276800493305,10.333786353569186
119.4314230063534,103.25430935808879,12.815982514721014,10.266936050568157
120.16297044660527,103.09628508260639,12.804711590706312,10.220028612410696
120.17016753323898,102.93005148782873,12.790317417438905,10.190473076415195
120.21738720018537,102.77200975692399,12.69587808354611,10.145233772877125
120.24241515269638,104.05101720009712,12.645822178524089,10.101208871130748
120.26280224388942,103.71396868728277,12.605047996138008,10.05998554093242
118.86826166807428,103.73000731827509,12.543195966614553,10.027908278947802
118.89632665286717,103.93657953572648,12.487065997028765,9.969662104754196
118.9288039458237,103.96291132145274,12.422111411115699,9.916998533301687
118.94753279442077,103.99385913096586,12.384653713921567,9.855102914275447
118.11398450415672,104.18514044508525,12.30342245181518,9.822205854563553
117.2639829330737,104.3718371209102,12.26399096483458,9.796699428742986
117.63058708690994,105.41831395438204,12.224520304889309,9.784958704980824
117.83211988235031,105.42523760136878,12.167527981110673,9.771111411007341
118.0379991881423,105.42916420471731,12.100744079390054,9.763258204310294
116.88293115352079,105.42141360876823,12.004121156271816,9.778759396208434
117.24163634625323,105.42562020770205,11.971890104086093,9.770346198340798
116.07045263876155,105.26497366163798,11.920549277971524,9.749680970312099
116.08490041810033,105.0884756932027,11.891653719293966,9.761841802122252
115.76769196002539,104.41323707682214,11.844896022848602,9.749969809692866
114.43055545312575,104.42646178038603,11.801758369133685,9.723520402565082
114.43390903668524,104.44837050159826,11.795051202014715,9.679702960140611
114.11121089855898,103.94311313524146,11.764898121537062,9.676893657758967
112.94855023616324,102.77755129065321,11.729360816304322,9.647158716911244
111.78800936149774,102.79716692637193,11.696772255499964,9.607927445473793
110.62644510168677,101.97362117404143,11.674174991995802,9.579500533616157
111.24459523557833,101.84447248872546,11.775062411333966,9.503500982467777
110.00594177261203,101.04202368889125,11.910044811478784,9.435309635144925
108.82266518121037,101.03655478607845,11.927523683199864,9.446247440770524
108.33618312262539,101.04849506678543,11.892405860448042,9.422366879356554
108.30565385393247,100.37786185753087,11.953464397833882,9.423226183526689
107.65036623549992,100.39471112501566,11.91983670611141,9.389527648557094
106.34040877426014,100.4158160376081,11.859843021757186,9.347317823372236
106.20056293610523,99.59716502322249,11.806150145053554,9.317697087076025
105.07021673414133,99.27018826228253,11.742272409148482,9.307487711860823
105.09975546983596,99.2688753940261,11.683194937759225,9.310113448373695
105.10196303175938,99.27196236954255,11.67877981391237,9.30393949734078
103.97898545497846,98.94571601310344,11.615386013010847,9.296618223229466
102.8667656598607,98.30325439226561,11.538110873803209,9.26627590522332
102.06576664323171,98.1344614464578,11.504411809345575,9.276722377295824
102.06160009809349,97.50867315773311,11.512744899622028,9.221132824111185
101.74571246671584,96.37798412140651,11.492482573138224,9.200379334427632
100.89645021700213,96.38780161243167,11.564148716430543,9.180744352377303
100.36335158522441,96.56029750888403,11.651890746360692,9.161904304014353
99.69667348609221,95.25910508307098,11.676489365466557,9.146773997323416
99.48575169356302,95.40575364797037,11.771013068083965,9.180796749965607
98.4511275434871,95.39017218648151,11.864348566538647,9.211959672943323
97.60046897606355,95.19405326808894,11.909402514073978,9.272944872266137
97.58899401505077,94.98853748179121,11.93235243609954,9.351042754984181
96.63022611413064,93.63286045870977,11.842559835682643,9.385958931470844
96.84806791331322,93.7877926529512,11.740623539871534,9.409841845542056
97.21519266908777,93.10995057538842,11.671518420635493,9.43523721604148
96.10256152870102,93.09909855565341,11.573318895782863,9.456941255511508
96.76744842874507,93.2809621736272,11.56660781087031,9.423979698357808
95.97630309850601,92.4523480684098,11.498250368218656,9.430559805662812
96.00964018832532,91.63894508021477,11.431576188580049,9.41143983433757
95.53745166389736,91.65610049188254,11.392400766265364,9.377129011002003
95.07725542490063,91.5208290706406,11.33271107426248,9.320977796820456
94.75384533776534,91.53285180289929,11.329793273779249,9.296932332303074
94.94811757331372,91.3974575552473,11.265684501615397,9.243285128674119
93.83675839317222,90.29689900853703,11.230321284332634,9.186320644528909
94.81035951947223,90.3363854565804,11.209832099900241,9.107347748442164
93.73414803254012,90.35972858331368,11.125565999150865,9.060661494975589
92.4933202545244,90.38598806143328,11.067403336351596,9.008142538736404
92.19306219614339,90.24732033134698,11.036450956906453,8.969743750805405
92.37393473505303,89.79032840084453,10.989343511504437,8.939814714558548
92.2503699809765,89.33333903948765,10.92304319426235,8.913503961086883
91.32209377638293,89.35174935867981,10.907682174164144,8.876683322702585
91.49674464152181,89.21508461355678,10.869534559451607,8.838858697383387
91.36536845143999,89.0746681922175,10.82233069132947,8.809735291776137
90.47704576000024,89.23180037085062,10.74641619826502,8.8042309138339
92.00726508100279,90.32175631855974,10.76101926248082,8.7768482127703
93.25796317372485,92.4775848544148,10.717911375622336,8.76719566358496
92.37230726826404,93.70513918807784,10.650418759325378,8.763826232550318
92.55142717709151,94.1836398716281,10.597553982394672,8.72294998762242
92.5829020920223,93.73959111602527,10.534604152533106,8.699342549727684
92.30034555769232,93.90786758095678,10.49461345283326,8.66534150404454
92.14023739494836,93.45455783846414,10.513442194328467,8.667798237051667
92.14214867465947,93.46749806632961,10.50961963490623,8.641917781320732
91.55734940949002,93.31946134535364,10.474257154499362,8.636750970586194
91.6948590327266,93.01765267088932,10.499850680152939,8.639142775261353
91.85706487668335,91.81340193514433,10.476484152032357,8.639282968407949
91.2587171398705,91.8251112184414,10.470427948782111,8.615864401813779
91.24486843206438,91.67972232978975,10.498125364394342,8.60642558580015
91.09034237188253,92.11919882026666,10.506687367004556,8.628942958106784
91.08279431538016,91.06870410813556,10.521783480009294,8.623033359421829
91.21469097059696,90.9310636559724,10.559112421583357,8.597192011740496
91.21015797385488,90.6327597437587,10.568178415067525,8.591243258712762
91.20839146985305,90.64826849308106,10.571711423071182,8.560225760068029
90.15482510887351,90.64950808160994,10.572727848015,8.55774658301028
90.30782627364871,90.66541292966154,10.567574757514246,8.525936886907056
91.48784802437451,90.5178736800266,10.609572640943082,8.520760213066882
91.80091867243385,89.48557186173777,10.585062913045725,8.479653360869856
91.05232034640214,89.50867405402519,10.58339104098123,8.433448976295026
91.65644767576029,89.52334650289093,10.571132167530228,8.404104078563526
92.68396481441869,89.3786849890723,10.604443260754657,8.395092053266366
92.51562545231876,89.39883975456448,10.642422867339132,8.354782522282004
92.67004412581691,90.59275213093159,10.632211338693786,8.355964316355633
93.98250155584084,92.08044235009663,10.693695315037735,8.365471474016445
94.99619315133683,92.0905698455024,10.763399932601319,8.345216483204883
95.87300726732057,93.15035364744139,10.811692229860999,8.32788949675861
96.32390576659982,94.36160750752894,10.812221902902492,8.311586234183464
97.95841439128465,95.41937721569421,10.848902370888926,8.299672637988625
98.24192202962455,95.43776256629391,10.883654208469848,8.26290193678922
98.84274965469822,96.48955813923995,10.885253315977327,8.265005916793168
98.98191102388161,97.08734380124575,10.907802893024712,8.272923854438183
100.34584712506135,96.03636033336068,10.892038695912046,8.265473452794149
101.70958972057642,96.19365772989987,10.873404001815896,8.251862048263973
102.13315704616035,97.24341084151365,10.927700639764803,8.255695499642185
103.79617385303168,97.23710160241754,10.916706280461401,8.2683139778344
102.90002194886512,96.62965698356848,10.900575496625445,8.27758015408645
104.70324457287467,97.38167810074839,10.909864371431055,8.280093804236946
103.78881032180863,97.22312690602351,10.929769953318152,8.295702373645867
104.71150003585316,97.23893358739878,10.896703075449203,8.264089010895333
104.57603458662223,96.50594838811796,10.86660208697005,8.22489997475185
104.59583583325903,96.52575113689983,10.826999593696453,8.185294477188108
104.45795524040409,96.53917002265574,10.804078001758587,8.15845670567629
106.53644253690794,96.70494716785215,10.817634919661591,8.124797523205656
107.12284623724942,96.71375605176571,10.835033532420855,8.10717975537853
106.81679280510158,97.0294546576005,10.852083862691096,8.070839077734362
106.96311945328738,96.45967304256432,10.856623577300846,8.021630263881512
107.09907403269979,97.38364528149559,10.881170503351761,7.95242229527353
107.99563949233449,97.40679305002422,10.862204295580701,7.906126758216265
108.2943731417349,97.43754745246045,10.854029641617174,7.844617953343806
108.2991831552115,97.7502028365774,10.84440961466395,7.80633100842499
108.15561149225924,97.47481410287497,10.838816288532788,7.771635171758504
108.16685297703376,98.38039244658314,10.816333318983762,7.712965685483033
108.17085381638735,97.82182546467722,10.808331640276576,7.666999554308656
108.8951784304424,97.56506581902312,10.809166320935246,7.600725282109337
109.62545528649252,98.46230383468959,10.792696332167353,7.539149718775245
109.77982722703324,98.62744736880029,10.771503997867237,7.4964141973351355
111.08790666614343,99.79374558571519,10.734075435564051,7.456022488765084
111.95333633262518,101.09337852130895,10.71497404060942,7.42439352459092
111.96270105670425,102.11284954463558,10.696244592451322,7.376824408710939
111.83791447808522,102.13304419864261,10.662405162359045,7.336435100696901
111.71004575006634,102.00403589483516,10.63590874950567,7.312217839420646
111.57306911830383,101.744238309741,10.628428555872452,7.2689460952924945
112.71256694565189,100.62112856138215,10.594267550956426,7.270330942230112
112.60043648176419,100.33071376098884,10.538416307247221,7.290936200047553
113.60440356329926,100.74015713102304,10.487754966515526,7.310880669552763
113.62723365665984,100.46434972526902,10.442094779794372,7.304145433996301
114.60997694465792,101.87977400165894,10.425225907553605,7.25703645800982
115.180255565046,102.58688118851019,10.394033236686383,7.229527796693466
116.2993014351244,104.12714863006698,10.367266167520436,7.189564336192337
116.44197009770498,103.59837660732964,10.357279851912754,7.145704343453099
116.1853389518895,103.58966833253751,10.321591966466825,7.163120893037369
117.01462883971307,103.59263946503847,10.308358439515633,7.157178628035436
117.17000174022942,103.45164461759292,10.271538998012312,7.165241963397159
117.5949021133486,102.89417485244792,10.242248707739492,7.186167552399822
117.34334678646974,103.01699971085496,10.198546719859154,7.213924156404735
118.19168404151542,102.04899640355976,10.141091560814111,7.237508194774454
118.47725986896064,102.04562983043718,10.115384092939884,7.244241341019596
118.08092625357533,101.6224098469378,10.090720665108996,7.273350649416829
118.90579799195258,102.01254594510384,10.076268797560301,7.310724257687664
119.20145928473328,100.90442981134514,10.030833471963554,7.343407485346463
120.31662814171926,100.89224462594245,9.982820427065468,7.367777856151821
120.88579440521791,100.88323832332333,9.934331143038124,7.3857904613901
120.62672883643803,100.88300514816066,9.908425023910587,7.38625681171542
120.75999227902408,100.68370416079804,11.003054704904047,8.206879135040415
120.75999227902408,100.68370416079804,11.003054704904047,8.206879135040415
122.50625160332683,100.16023668279456,10.945888983948386,8.138803379933421
123.57176470112721,99.59425131951342,10.912990108277052,8.071844209393175
123.45928535338172,99.45792916545074,10.83981319268183,8.046352906432318
124.54295198335888,99.31361542160745,10.748718246253372,8.038374920758054
125.02473882476875,99.18163644766821,10.670411636290329,8.007243844350967
124.92661919622574,99.02469115740539,12.006257462944255,9.017772100134984
124.65896524012368,98.1269407222662,12.012255671216002,8.928870488113137
126.0169464306333,88.45830088978975,11.927386089822253,8.86184075582809
126.0339512372276,88.49941488915198,11.893376476633652,8.779612757103662
125.91249719347775,87.56124503302306,11.811650209431498,8.708146341150268
126.13366182722268,87.7409403633367,11.691542028345182,8.670976766926506
126.00824720784199,87.93189277793896,11.622584921859787,8.608858282968782
126.21217216373448,88.28629940548366,11.532455460864622,8.535485929458996
126.73612012515194,88.29998083992585,11.430004427449017,8.508123060574594
126.46954798107376,88.32123581889962,11.336864269149785,8.465613102627067
126.34800594317859,88.34366381046483,11.268918906443922,8.420757119496647
127.15897123098172,87.74545272166475,11.193296147202457,8.380133044004998
126.71158692480863,88.07095281617939,11.165726615751025,8.344024950840813
127.18794983603684,88.70474861090636,11.132308119877454,8.302176463497261
126.9041586656402,87.95587806530449,11.089405447857622,8.27370502266822
127.52259931219757,88.12321522154662,11.069019384103067,8.243154517524012
127.07990009717358,88.29205803163842,11.044476829321018,8.208782558950407
126.78859756848092,88.45357058884076,11.022326550740797,8.188135112528505
127.11261141875275,88.46046816608472,10.977704299144035,8.174339958040573
127.11938653807424,88.31547018607613,10.964154060501045,8.163537762533345
126.98817662578543,88.31518435507007,10.926158675865333,8.164109424545448
125.65708162879187,88.78186549692754,10.889730607754018,8.130286494863341
124.48353759040725,89.8323933968394,10.846908988326973,8.120401679211378
126.14514372545098,89.70030955754466,10.800874938304588,8.086644065067652
128.1001864458401,88.52753654700352,10.747531197775547,8.05881057830423
126.4613103726411,89.25156111393903,11.942911015630031,8.943752160947495
127.20483727236596,87.69023457552142,11.896925393558345,8.883562543875446
125.88093520423111,88.05546593686319,11.933605714984179,8.805880774902887
126.36789459098173,88.74994881175388,11.936715643387467,8.719619960994192
126.87927726472769,88.78711107165557,11.88687675443676,8.645295441190806
126.25684424735316,88.82366999647981,11.84241363207908,8.572177591542335
126.90140944452197,88.86279227542482,11.835110199599304,8.493933033652294
127.24843178107518,88.73346960037841,11.779184726875961,8.433518783553566
127.09232156858592,88.751673458464,11.774186860308841,8.397111067382415
126.94279797013039,89.58081939138715,11.756690750286111,8.321535736205085
125.85945839349903,89.58715555461748,11.718135417494045,8.308863409744427
125.88402849208354,89.60067192788362,11.668995220325007,8.281830663212128
126.6979342667463,89.6224207166051,11.606444589054218,8.238333085769167
126.58004470210626,89.64376170716464,11.530834853875701,8.1956511046501
126.92485189366754,89.35309702960116,11.460303118752085,8.157897811778103
126.8038955618575,89.36608302374593,11.394363984818034,8.131925823488558
127.27094172671161,89.24527436724044,11.379548889404433,8.067117391734651
126.85260995566067,89.41228573193186,11.300810365581107,8.038228684326906
125.3564545225996,90.50337268652453,11.258457495268289,7.980319390646031
126.41614235176506,89.76968661303906,11.252181049268204,7.938334957380677
126.60489862927862,89.76963801989064,11.175752781339531,7.938432143677504
126.63406521596495,89.76957815705887,11.117419607966855,7.9385518693410475
125.60917473695359,89.77168849759639,11.073862198454302,7.934331188266009
125.5138077036556,90.2393428204323,10.966277146477681,7.893979898311902
126.7195294858885,89.36277175986015,10.923034411001037,7.870971397714333
126.45763389696047,89.36545197306961,10.856842969384024,7.865610971295412
126.93399655864154,89.94884772157937,10.78581626550662,7.8744176335889176
126.64417872474588,89.80644863416705,10.779519110223799,7.866249396876464
126.51187733726113,89.67376402098373,10.751385126104074,7.838881864153896
126.37439763873091,89.09335277347641,10.73448401686349,7.832262333964451
126.40136103827855,89.51884812838692,10.680557217768206,7.855757576464909
126.28777013758163,90.39322014945495,10.616677182995636,7.853384551327406
126.15460353119641,90.2484768573739,10.592958231018818,7.852818970742211
126.88548981312678,90.26008278519822,10.57959712515685,7.829607115093566
126.76394435456712,90.2792579384475,10.533589100473806,7.791256808595019
126.65314612150775,90.58499059083422,10.467414310018102,7.755334016970508
128.68957792823798,94.57934384778514,10.401025197969702,7.779576505892763
129.28148338755503,96.56881417879113,10.359468895672924,7.7985270010613075
128.8718194892541,97.57950112842838,10.323074268050789,7.773838758309487
128.76246014855477,97.58331421989112,10.257509961780537,7.766212575384004
129.63002460975585,97.58182880415741,10.221337884789735,7.769183406851416
129.65972107768718,97.57998350788591,10.161944948927083,7.772873999394423
129.6803365695333,97.58077907348039,10.120713965234852,7.771282868205472
129.702517413818,97.58216879586713,10.076352276665471,7.768503423431973
129.86318234714105,97.58283966952607,10.035455603422971,7.767161676114106
130.73537925005928,97.45386227166986,9.969781873694734,7.745329792475173
129.77450972368902,97.45739982231132,9.94252667078268,7.7382546911922665
129.76973682008992,98.14307641876555,9.952072477980902,7.756381574231468
129.7682420674174,98.01328973866413,9.955061983325962,7.737618075838414
130.8950691001874,98.56082065869919,9.926026064307312,7.754865309029007
131.58136058737324,100.51180599829517,9.94301264875717,7.743689394537292
131.73274038751754,100.78681121351435,9.918244914501635,7.749662696165052
131.5947463033942,100.66070383898348,9.916522777332455,7.724167139810938
131.4574463663757,100.67802080617865,9.91385337282916,7.6895332054206005
132.45510834441535,100.81564626741394,9.85518348017984,7.690947149154276
132.6135203247259,101.07936418542907,9.814150546905672,7.715093367817941
131.65185773117028,101.49006940292085,9.808584782501518,7.720350483483834
132.20673597722313,102.46400071210972,9.801052607418283,7.701380419895458
133.1773792712246,103.01211599334552,9.785694083476843,7.705680179744733
133.15285569417355,102.88463728040948,9.834741237578958,7.685670229579488
133.5776576678215,103.30452907908956,9.811315063168122,7.67206440510442
134.68265617212774,103.98848971179373,9.799822520015933,7.6782084306087235
133.71446616252516,104.13639691286784,9.813042483571705,7.6571311792675685
133.8695375778225,104.54439679913213,9.777496276596429,7.664921277597355
134.57985206275907,105.09735793756953,9.727765303371012,7.6557173980407685
135.4118944744653,104.68882961232295,9.70329459018466,7.652966993420864
134.4529945150709,104.41537879285143,9.711146272513272,7.65416913623243
134.19306442907722,105.51993777324815,9.685027492916948,7.628966981773576
134.18751459488035,105.67487056280422,9.69612716131072,7.591281678697534
134.18548238117904,105.69053338280698,9.700191588713322,7.559956038691999
133.92349870130386,105.83041592548852,9.681578085823956,7.551481384648773
133.66796998092968,105.01630508591732,9.650899570968782,7.554495196980603
133.94314048009264,105.95952186895275,9.641454173828436,7.561196235059231
134.7670391228237,105.8151749492889,9.616130287123335,7.579477841260764
134.35812893790373,105.68927623500814,9.622985510309313,7.560953554270992
133.40639134988294,105.56162452455132,9.635580856879377,7.546131285260126
133.55459910875427,105.55617871432051,9.609242831504178,7.557022905721751
133.68364406669915,105.41950895342737,9.621004420169308,7.56051092295313
134.4837947809526,105.02134993025092,9.64123207252908,7.54656442887269
134.49558639667612,105.2860837328476,9.61764884108201,7.55743878656451
134.22549514423707,104.74526567269466,9.617857530257544,7.55912727546528
133.95310099724838,105.15904787667046,9.622610747586457,7.541615482486341
134.50531097370538,105.56207307692274,9.597413449921163,7.544982073418321
133.68553145282164,105.16484687650517,9.620123562582151,7.531010009700198
133.79702708171018,105.71688590433021,9.666727512076996,7.5053127831379225
134.06479811328586,105.17317052638215,9.67096497234311,7.513184492199121
134.45914418873747,105.71950740407699,9.692520733941926,7.500841286812154
133.76810010738006,105.45319386060184,9.723553451999171,7.49304619589945
134.17670317961145,105.31388569245107,9.718021630253297,7.5011044246287
134.7307571638693,105.84349137430976,9.692333266997824,7.524312666171491
135.39568286633352,106.93427676330587,9.715433501215411,7.507464510812893
136.62890901341882,108.82951826218063,9.68500185185497,7.506346960545925
137.5852929672492,110.7209487640875,9.663534903360523,7.5060878750647735
137.7328140627931,110.85177079178789,9.63834629576089,7.514297403152184
137.85611953953685,110.98976771712522,9.661337451454754,7.507905661658905
138.11830415655146,111.25685828527365,9.67666737971281,7.513423687649292
138.93137944359836,110.8518060377546,9.671558899435876,7.513007135778957
138.1250013443123,111.79880054487357,9.663782126829647,7.509639921249121
138.1420370105617,111.79089698289948,9.629710794330833,7.525447045197304
138.28757797924362,111.78535359791839,9.60828025277299,7.536533815159491
138.1573569000911,111.78109075492603,9.599218596527958,7.545059501144223
139.2149504483007,112.05706024955093,9.640061144128579,7.53212792289934
138.93876972395555,113.40981108527846,9.652585924250644,7.525809594285312
140.16849138888205,113.53699727908906,9.623206466920182,7.541444303611056
140.02440894558188,113.81675548027718,9.641559358505921,7.521551891264054
140.16268149416112,114.89166862616342,9.634783501542334,7.529879521050952
141.1226682924943,115.01614355280672,9.603417298632273,7.550730724015249
141.38189336323614,115.01127829864078,9.624287381376607,7.560461232347135
140.40990531894795,115.29175591560036,9.67730018424496,7.539781222915995
141.0758461384558,115.44046776553317,9.698479764369,7.512969766878308
141.90155283616005,115.44707983029015,9.670064006078542,7.499745637364365
141.91763697395388,115.30703669383728,9.637895730490845,7.509981777350217
141.79302341314084,115.30342489207551,9.61759783558917,7.517205380873751
141.94009412956925,115.2928289740692,9.592788521554079,7.538397216886372
142.35287802059077,115.420261264826,9.575111876084389,7.552829680897208
141.55457564815867,115.69739197962585,9.556151012624937,7.537090120738733
141.6944226555152,116.63634271478983,9.54517201445276,7.540193766197154
142.78092552445096,116.76129587305742,9.520944826941236,7.5588847684569895
143.86134084702613,117.70358905313498,9.508351303459525,7.554005889761894
144.9418717938783,118.50899285101718,9.493349572397081,7.552743415978946
145.20406002211814,118.64151062576481,9.504987435075641,7.5557150260627965
146.14381802535402,118.90946571714116,9.503107380295711,7.556272258079199
146.29561696752455,119.45085602131687,9.467723434943874,7.546347405684722
145.2392389536028,119.32671267750929,9.440394185521141,7.527123433641588
146.18083303427537,119.3358876899752,9.424665849239084,7.508773408709781
146.19475094380164,119.33728102565277,9.396830030186564,7.505986737354623
146.19949125326616,119.3376824190319,9.387349411257519,7.5051839505963525
146.07826902238506,119.60821951250176,9.364182862942819,7.495331783810427
146.1790555707926,120.14747593683703,9.427705826348456,7.477203176022763
147.36334146356086,120.41479044459082,9.45111495484411,7.4741254747445325
146.82768542578057,120.02639805040867,9.458090025465145,7.45265750940418
147.77407280132934,121.0939252742325,9.426212198066281,7.444342403126404
147.64599963231746,121.09161579609324,9.417139214571765,7.448961359404944
147.65885104782257,121.08773153803055,9.391436383561537,7.456729875530313
147.79386922627998,121.08405211451701,9.386287783927195,7.464088722557392
148.59423338117503,121.08010453052881,9.375129073778877,7.471983890533786
148.58259283660306,121.21828062307851,9.398410162922815,7.460517024181166
149.7618513280165,122.15403760167655,9.425397695330064,7.444395467722759
149.86418679008796,122.43079143560844,9.485934482687705,7.421303222860155
150.90263867234162,122.57414786687967,9.535102266193672,7.400349303819364
151.84105401217613,122.83818125054982,9.521460129165773,7.40462212009078
152.9051281090394,123.37734635776253,9.521558536272789,7.390415206082128
152.911553057107,123.37796720051699,9.508708640137595,7.389173520573234
153.15369894363658,123.65332392654327,9.555585913619815,7.369629115062084
154.09230374415034,124.58216206478774,9.540253682052063,7.373830208032888
154.49449989495366,124.71131737815321,9.533311588165802,7.381336317208765
154.49479234685958,125.65023398586631,9.532726684354,7.364333488361893
155.56919970755368,125.77319772814869,9.508288739557456,7.383953100871108
156.7743161792989,126.83033016237682,9.48749410349352,7.393633394571695
157.82181011990085,127.2402030556243,9.515168529605537,7.369885973320219
158.75526557166995,128.43571693248163,9.505842633881867,7.367181801081416
159.70464181010246,128.43547184935133,9.463369542762953,7.367671967342009
160.64060803293032,128.43278831949252,9.443228332825942,7.3730390270596295
160.88822861391242,129.10579290133404,9.476629074694024,7.34863462295727
161.68434590358143,130.15681086402878,9.471001181597536,7.362074279223157
162.21903747085116,130.15302080660982,9.459886769029495,7.369654394061117
163.2907384536544,130.41245235678312,9.432649705053308,7.3798325191220915
162.61255058647598,129.75334281567262,9.467677277743157,7.376703439676148
163.6435175966129,130.03164020183397,9.523778417380594,7.349617457331251
165.6431403642174,130.96642635712215,9.502093865750643,7.336240272425157
167.5118689928826,130.96616265918314,9.469339718837142,7.336767668303145
167.6369515835936,131.10087383405778,9.483304416215367,7.331475197354083
168.8072405082235,131.37438452259886,9.521039983715053,7.312967912885142
170.67023714308144,130.43499339139493,9.498491079500361,7.340027992542423
171.87384097209,130.56682772295127,9.47293823850376,7.340987642432005
172.2743305623004,130.6919209080973,9.464719750203319,7.355054836180103
172.14339957728964,130.8230404584716,9.462224779926272,7.357172675730081
173.60249492590518,130.82054028922792,9.451920046172576,7.362173014217428
173.47256909983574,130.69190228653562,9.447494595727829,7.3551719170184136
172.55584986095374,130.6917158889454,9.432264266378125,7.355544712198863
171.9046514845664,130.68475830468506,9.415317248622209,7.36945988071953
172.96782735491604,130.69533156786096,9.399652441345786,7.348313354367731
172.016786832267,130.0488350497994,9.458966449352655,7.325044220997148
172.2681919925797,130.71843962160543,9.48371716589667,7.304737670308573
171.2026433892844,129.92792847854332,9.50419185618675,7.302793069207354
172.92756163879451,130.05519782843803,9.487768665543125,7.312363085446945
172.80495404068662,130.1819883193898,9.46896994333695,7.322796021965304
171.73787597463857,130.31708196968276,9.491952181576542,7.316505458111441
172.53652437744526,130.43947153974761,9.479527111788602,7.335871607285994
173.47305360425102,129.5031915224726,9.456365200415963,7.3585350995971535
173.5928205235358,129.3781752319315,9.481117231170767,7.344281811355001
173.56685376535296,128.85195793849542,9.533050747536462,7.3389877456134
173.57943807012848,129.78376468293135,9.507882137985384,7.331348287274197
172.6583140461991,129.77917252802715,9.497717652413945,7.340532597082576
172.5401394039555,129.76849763239534,9.46944221991651,7.361882388346198
173.3484713763636,129.7730998707099,9.440019650475117,7.352677911717058
173.08978330967673,129.78332990326726,9.429514399152488,7.332217846602372
172.6968002837947,129.9163777250268,9.425138846478662,7.329569404562628
171.6315792147389,130.04978949228604,9.44888320327682,7.3260830927082825
172.57423997974536,130.04593508712523,9.409065232211216,7.333791903029927
172.69706313801717,129.92184306847662,9.426579112424275,7.318815743570433
172.93726187094535,129.54314830452043,9.472550106629644,7.286652581390349
173.8711573599766,128.6100731454097,9.448297480077292,7.309264548101609
174.67254710493808,128.6084641510791,9.425681521354,7.312482536762855
174.55407105141143,128.6056774171926,9.399566199163063,7.318056004535808
174.57151860220256,128.60254956030224,9.36467109758079,7.324311718316546
175.10057342086174,129.25767277323752,9.355869956954828,7.325700913311432
174.70156308005173,128.73189531766758,9.367245381172026,7.328395481247541
175.34307165191282,128.9982554637171,9.396392732601564,7.320540987209119
175.2076241145536,128.60638553879028,9.40453692410714,7.316028187424175
175.58696043098163,128.48500531028316,9.434270182122928,7.295986680814521
174.68251289381683,128.48616760728078,9.402654668649577,7.293662086819251
175.4645747136034,128.88412552827492,9.41298619596597,7.2849738282757315
174.92782232440237,127.96955612755978,9.436788554306084,7.277133394597474
174.66442969939024,128.49383072835448,9.438250857976618,7.279230085715471
174.80158615494918,129.01293990830206,9.426655907789955,7.291883569544993
174.81349233628433,129.01387854020575,9.402843545119648,7.290006305737638
174.5470528651157,128.23043451529915,9.411017346689777,7.282778933249395
175.58876075311863,128.37275673309827,9.426479866669128,7.260494284649309
175.06607444822413,128.5067428896286,9.422920590763157,7.254754943012415
174.28661493184984,128.9062323811111,9.409328967490225,7.242031288058223
174.54776391227733,127.98987208051412,9.410371529903255,7.243060057814138
174.81149408546736,128.12082010647413,9.40631707000984,7.2428669491374205
174.15596845545033,128.11424344148352,9.409178871677431,7.25602027911864
175.3299630694656,127.97651428289035,9.418252657755918,7.269582705848401
175.60223870554844,127.83732205534582,9.398212173351126,7.285711767057029
174.6830467185165,128.89978202655183,9.401112912942315,7.258486949756632
174.54302775113868,128.1193692478471,9.4193379622244,7.248435194324795
175.44700065113568,127.98586998776932,9.444884172681856,7.2535062844158436
175.57913560879058,127.71480655939844,9.443014321562659,7.270833012776376
174.13739566456871,129.41000845388643,9.43730140338212,7.294929813447268
173.08540876679413,128.61802853114588,9.437601784405413,7.301134598033935
175.85220322568296,127.69321797317915,9.428373835448582,7.309302057693795
178.10738121658645,126.76657620800907,9.389983405706833,7.32118800777176
176.7662726157729,127.69633128828077,9.445566462766498,7.300321748425537
176.6326538919275,127.30266835738932,9.449630672211168,7.298127895470128
178.48497788730575,127.03726335698339,9.429776888737432,7.3025387238129875
178.89041457686073,126.1140426235366,9.407807886848609,7.30820331052379
177.68709148557244,126.12715419531979,9.449932445235973,7.281980166957423
177.80583469753316,126.53330029198627,9.475387171257399,7.258511423453073
179.26671104800846,125.60998532435129,9.446053686072702,7.2645109486902175
178.49362378257936,126.38781947701413,9.416644569681594,7.284426290613828
177.17852051770308,127.16757526308562,9.422125319068835,7.2997501866900265
177.18268021884083,127.17483903232151,9.413805916793333,7.285222648218248
178.89155645758154,125.98785098524442,9.407801774730947,7.29721912554386
179.03180619533313,125.07549998847391,9.389848048704446,7.284100872748325
177.70772121504308,125.9949356648549,9.41743943290691,7.279634523450642
178.63059352348412,125.8586706324472,9.408541630911152,7.28975790042517
178.89914015362635,125.59327778333169,9.396319554751562,7.295672414531303
178.37359138024678,125.85118176080994,9.398036690849473,7.304554664905433
178.50062179106322,125.33361086784083,9.406491771323438,7.289632842416206
179.41450976393105,125.34462863347473,9.415531473456484,7.267597311148429
179.00063454611876,125.35100319148574,9.456737426458721,7.254848195126394
178.22207427205012,125.48080023673276,9.438240819786435,7.2578569637672565
178.74959345529788,125.8736519397804,9.432680693481386,7.259262237814841
178.99921068919897,124.82392084628306,9.458061372375216,7.260263838025443
178.2200056460424,125.86989363550683,9.440203360834541,7.270009056716329
178.36505092859738,125.08465597903815,9.412710341773861,7.2648990933582
178.37023030439929,125.73415533107051,9.402351590170014,7.276372674539537
178.6258593394979,125.73280867206105,9.41533969020851,7.279065992558465
178.8742594530681,125.73107298028766,9.443270172422402,7.282537376105227
177.6975862945142,125.86149364178848,9.430980075434821,7.284544543558648
177.82400446224545,125.72483893791428,9.440837222591645,7.295160468687694
178.76461477196654,125.72509080095816,9.400735202985711,7.294656742599946
179.02588227164128,126.12311357308054,9.402992308802766,7.28579935610499
177.72264741656332,125.97981760656974,9.386598459973275,7.310104933228085
177.84449860987453,125.70634456838381,9.405327437348078,7.332188281605483
178.11935941485757,125.70640583703796,9.381759749709655,7.332065744297186
178.39290088398977,126.35589548313607,9.360105960052996,7.346659323620253
178.26385430137006,125.69977887517801,9.355578559625139,7.345789711200078
178.11691252459374,126.09438538427503,9.38692495694771,7.344188161696209
178.3839533923461,126.0934441457473,9.378824599892633,7.346070638751641
178.38712481842575,125.97502677028126,9.372481747733357,7.320008005373508
179.02288197083436,124.7993489979539,9.412850427306521,7.3099741781254695
179.80989707275518,124.79857778487231,9.415803302356965,7.311516604288654
179.2850191424999,124.7995741663646,9.413956179300635,7.309523841304077
179.27371279598157,124.93827778240829,9.436568872337268,7.2949566921622955
179.2802375524111,125.20045095795373,9.423519359478194,7.296507190835381
178.7390392468251,125.60323149050603,9.454818698056775,7.2792690801758155
178.61955238530967,124.81079512853586,9.430820834481228,7.28631228447766
179.5306178370502,125.46345859160807,9.447728820519025,7.294584565132466
179.4018911083624,124.54824587390105,9.442069452577941,7.283220223329889
178.74664679449535,124.54691978339422,9.438351692718381,7.285872404343559
178.73729288797253,124.68303399451226,9.457059505763986,7.276471683018731
178.61449398612442,125.07491238320935,9.439697093925883,7.2815955522276585
178.2170034176466,125.99917391609432,9.44634248664587,7.272522556340908
177.95680697542593,125.34415240183586,9.44127089590485,7.268904396901975
178.090500410712,125.74054461037886,9.436479871931326,7.263907519611805
178.22941494416366,125.87840979285022,9.421092078936791,7.250618428577879
178.35996927592714,124.97085139216395,9.421973203307488,7.231806714666904
178.4801645828599,125.115750001019,9.443279232857238,7.203706140372175
178.6058098270423,125.26101995544272,9.453552217587495,7.174729704619729
178.59738434952249,125.27307385794595,9.470403172627123,7.150621899613266
178.5915236448401,125.27682696019782,9.482124581991895,7.1431156951095085
178.58757047165025,125.14954397444808,9.490030928371613,7.136515449277274
178.72927763219667,124.87103168697607,9.467795364598341,7.171182509582257
178.86958758220328,125.64131273307953,9.448581866522828,7.1990588290016735
177.95133722924618,125.37058211984504,9.45410291183079,7.21738300958316
177.95291535653695,125.11089696754995,9.450946657249235,7.212849925096311
178.08756297447016,124.84636068323152,9.443481021004267,7.218263294490207
178.08248195813204,125.62859448037334,9.453643053680512,7.224619783908026
178.068130626798,125.36657218765538,9.482345716348645,7.224538920629996
178.20454971129774,125.09734012935962,9.472006765475195,7.23800460096937
178.7329993019462,124.95925236689119,9.465352366404671,7.251618930349616
178.99826072341358,124.43287451699392,9.46019289449524,7.25364788809347
178.34645663884152,125.08591198827136,9.450620922714913,7.260753086463077
178.6107274592845,124.81950569426779,9.447290785468995,7.2683541708301185
179.26003643167437,125.34816132192911,9.462066798991305,7.261758082149091
179.66521708020142,125.35789632756496,9.440096032285327,7.242288070877414
179.27318585798616,124.84309129546806,9.437726137078606,7.22332168222155
179.01408593975145,125.62763331399977,9.432328562332335,7.225029878805191
178.61989944198905,125.11008056000689,9.435468964840624,7.213158596102204
178.74283480657274,124.59129870494628,9.451196756415873,7.204328223252823
178.8818508760314,125.24400153866206,9.434859000513482,7.207394470895926
178.61610343480197,124.8559224944369,9.443363486809575,7.199066965102128
178.87674664931527,125.2506196881751,9.445055194460458,7.194139782641911
178.6169078424687,124.99242717948066,9.441863864739851,7.1876558566170505
179.27146386918568,124.85553415725867,9.439151789210555,7.2001619054800745
178.74894563875793,125.5097395449898,9.438417471753167,7.198964602908915
179.13084893044015,124.99609808325997,9.45884676955901,7.180599684808228
178.2080529652805,124.46689703458199,9.474472363728808,7.193306732935925
177.79655688817866,125.25545986758645,9.511856264391207,7.187397574009635
177.79371947303366,124.71761149555722,9.517531094681232,7.21372357732039
178.7153737658889,124.71306921577084,9.51423642059192,7.2228081368931365
178.4593808262942,124.70775992028538,9.500307834493052,7.2334267278640585
177.51370076096595,124.8420545250549,9.551240721969737,7.227755695922129
177.5003713517454,124.83884476850831,9.57789954041082,7.23417520901533
177.75805783808318,124.83455196914724,9.5907528201303,7.242760807737448
177.88027626900404,124.8294404086281,9.610765179590489,7.252983928775736
178.28116307018735,124.95200837013584,9.60375499816698,7.272769146074602
178.29979591110109,124.95176752518978,9.56648931633954,7.273250835966726
178.30023801637367,124.82752341324412,9.56560510579437,7.2571617668874335
178.27491825903675,124.443096346615,9.616244620468203,7.233112395087447
178.12281637947814,123.79298565616445,9.655768518968879,7.209934472906074
