176.7,91.9,6.4,11.6
179.43423857583164,91.72956848386048,6.382835375169223,11.501846730264495
182.92207097678866,91.73551019573685,6.375905663275891,11.489963306511763
185.82187467225884,91.91315282189255,6.423867816605849,11.413133746784643
189.02833787747724,91.07899427374265,6.408090374998476,11.412629372955037
191.53718462677995,92.24143556282066,6.391893600714374,11.3106342278307
194.18208983931075,93.23001675032235,6.34753680989474,11.266007402284856
197.193087833647,94.09383845988877,6.3680981650070185,11.186334167820606
199.39114951761266,93.71847154062705,6.353287921847531,11.115571795449345
200.626426866346,95.25378347874748,6.335525860945689,11.042805586121055
202.6740027154391,95.27898438829057,6.307668053402116,10.992403767034881
204.69626813433752,96.3916456049939,6.312136636067629,10.926547691208196
206.82149887767915,97.36575154943077,6.366201709729913,10.861566172485611
207.88240132240932,97.12659131577588,6.396272423830355,10.801917738905207
209.48079322316457,97.84174979973282,6.422770444842339,10.71463486370905
211.49381339314752,97.06565491536834,6.413073059849986,10.660287450448594
212.55682245483968,97.24000464727041,6.421326077744911,10.57837187930436
214.52965981108744,98.2112343412991,6.461198802267734,10.495834628522214
216.51675024747405,98.11463417602297,6.464169722047539,10.423891506237592
218.6174825462167,98.42429220877045,6.488621560038009,10.332814995177108
220.44542605852658,98.4628250241113,6.517107222602131,10.255749364495415
221.60147301129012,98.36686706606346,6.567458601562543,10.185171360092484
223.4268043778402,97.7463274222466,6.588695696553207,10.114857851979522
224.47096335132213,96.59904853395413,6.593007068620149,10.055207644654802
226.55685002793876,97.28500442935504,6.593320449824033,9.987072958364628
228.38789412841226,98.74316545097378,6.567557789090988,9.927863839580926
229.15638679137237,98.38547290464759,6.58108886727605,9.86799073018068
230.1888303623376,98.28110517567688,6.578157495144602,9.818981716897207
231.85190111719282,98.95723887995823,6.592478766818978,9.751507685790235
233.3976145505427,99.62494206036207,6.5752220557341206,9.697005556488737
234.5614929102411,100.78690416598275,6.543130255493968,9.668746264404037
237.10797568153166,101.5694715461253,6.532487286955016,9.628308276331582
238.38773310150032,101.70494310229559,6.5062785746859255,9.610695776757824
240.52565902796565,103.36959262599433,6.525149958061679,9.565596851241693
242.79920173932274,103.88648282169461,6.518818777985168,9.540872958205096
243.6915327160053,104.90759631904994,6.496662994183692,9.512938728709937
246.58250096755623,106.03728564413785,6.487693371917262,9.512547118861013
247.72343336535428,107.0365217639886,6.463425261012947,9.520827487774456
249.60252289245201,108.04594641148704,6.463746341989695,9.506511598202772
250.9867855951267,109.04848490509318,6.449140516379399,9.504285214437068
252.75431718083547,109.66271276074266,6.415206886170227,9.526232910712523
255.26605153116702,110.39612411962943,6.388704289086041,9.558500024012638
256.401399460552,110.51468421649743,6.367052032558641,9.571273563859146
258.13565256876745,112.28585882616164,6.394709499389151,9.525088027792137
259.1322789432675,113.28893516068361,6.39738345346049,9.51486206181972
260.27458721931407,114.40491357019002,6.3571990361394235,9.527337377578842
261.53639779644914,115.63963132461866,6.32259425383507,9.54691824068737
263.16600851861625,116.38277505478678,6.295441296813417,9.552354697572342
263.7794546253866,117.59378603528853,6.309801609825805,9.61283778967514
264.78594568063625,118.06422303092275,6.292001726880362,9.669554912183566
265.17380527279744,118.17541312192283,6.266139232635297,9.697126960209172
265.42678049496465,118.29370737772578,6.2600571554706095,9.710472632188116
266.4055545091515,118.93795883594609,6.30277042302395,9.672133025701916
266.50087089678004,120.08320877442378,6.36230809700011,9.63316719184544
266.7365957510314,120.95773059811,6.392012713454722,9.638163681823906
267.74831614597,122.41715942389614,6.377743009901683,9.733062659737804
268.63961470799165,122.38428958063659,6.36148488404288,9.798802346256906
269.5398443906103,122.99754732497966,6.3323713315238,9.837533866655152
269.3941504694855,123.17416043684759,7.055595191934251,10.870010257493716
267.92420415377114,123.9042994593675,7.050759363196333,10.858739988406084
266.96888541659297,125.27692512465369,6.998309839847629,10.917898654555282
266.8417831290913,126.37652364853676,6.972062474199465,10.962317132000479
266.8313748729879,127.08284675361013,6.992878986406251,10.953061409057657
266.5704530987246,128.1692155824518,6.952947171881253,11.027425203580572
265.18769840017006,129.25233832770166,6.905135872949864,11.11183626991335
265.08002007049913,129.63422510326942,6.838700791476445,11.193437941223685
263.9902529561638,130.56789286995144,6.7630919476965925,11.29935259625392
262.88236988810024,131.09009972936005,6.721286769647229,11.383724534524891
261.62929039322626,131.42860187477984,6.682741963073825,11.554954842459097
262.64367112467323,131.94048244195483,7.552496036775339,12.850355853472806
262.64367112467323,131.94048244195483,7.552496036775339,12.850355853472806
257.38170829267574,132.19588616934865,7.451833090899703,12.977601269859917
255.98892536375587,132.61902241883823,7.368490141490285,13.087631706630534
253.271748016567,133.85936916200902,7.380175361476897,13.158782678825983
252.00652685179566,134.93591335702038,7.348763561331887,13.247316652279968
249.62111296437564,133.11942137291084,7.304514759246488,13.349244464087068
248.36144535251935,134.8939158900236,7.249812331899596,13.33955720006826
246.63503330370986,134.07128922928226,7.1751913512251235,13.381426395053936
245.03270847611208,134.57078484600163,7.179675180489835,13.342484909394457
242.49265400571855,135.82102450277443,7.147467989777071,13.39816366159875
239.22063253232693,134.86930647557313,7.295753299454034,13.382872424869506
237.90409489145972,136.26766467676507,7.352020016870423,13.485065657343375
236.746927521202,137.75624266647318,7.3943635826956475,13.429041188243175
236.74495549588784,138.70109135817313,7.398307633323973,13.486144140238256
235.90638692524757,138.846426478777,7.4485601455333,13.520850824844732
234.58072343694943,139.798720341268,7.485909653557987,13.576746201291476
233.3545197632874,139.3758377824428,8.276303547273638,15.097333645604065
231.60940944094864,139.97293531177485,8.397304985781517,14.956051404626237
231.77946278979778,139.99994479275819,8.681569154414365,15.667896168720857
231.77946278979778,139.99994479275819,8.681569154414365,15.667896168720857
231.77946278979778,139.99994479275819,8.681569154414365,15.667896168720857
231.77946278979778,139.99994479275819,8.681569154414365,15.667896168720857
231.77946278979778,139.99994479275819,8.681569154414365,15.667896168720857
226.73154963256746,146.57072405356524,8.809305891632432,15.773763331827851
225.32685973414186,149.05033590956526,8.936066537538707,15.796546614439897
223.94655885144488,149.20770185578453,8.996588290726285,15.867540438030803
223.69865038728713,149.61891242361708,9.104599782798497,15.820730174852237
221.07190611916775,149.70872323430794,9.30178716704755,15.641108553470529
221.01778673919233,150.72639949069318,10.34889674346637,17.80566782677659
221.01778673919233,150.72639949069318,10.34889674346637,17.80566782677659
