262.1,131.5,8.6,8.2
258.4375772475587,130.08185498043386,8.57568916537019,8.184452773441066
256.5970473861734,130.0900484246398,8.561851182394072,8.168065885029206
255.68931936674625,129.18470206699206,8.533192119524552,8.134643498600848
254.368042002883,129.97248900341614,8.55107844542751,8.133870666846821
252.5320927810531,129.45930895064342,8.544692946723773,8.109292503145555
252.2856620661388,128.42686348956948,8.513064218919345,8.076222794761337
251.1235178437244,128.69398875987883,8.486318940513897,8.064424192639144
251.27859434485174,127.6680808396073,8.436786391242803,8.031276409313495
250.91953720800677,126.66121806417944,8.376940920415283,7.970442641456123
247.98498612635706,126.69115285746402,8.325401193376551,7.9105730548869495
247.1156347884518,126.72091895297632,8.274457485245316,7.851040863862355
245.47538462599456,128.75685138906655,8.253959208952967,7.841943500859579
244.09171362332958,129.901077229392,8.233262983607538,7.834614008943133
242.20492623809332,130.80678842683332,8.211568316400552,7.794317351644208
241.4650169850692,130.8256245145173,8.179148148406657,7.756645176276264
241.35300585559077,131.60380420910184,8.152235083828126,7.705897728319881
240.23250301977578,131.5017928857731,8.14585395465739,7.660210730443891
238.38480483777386,132.39953721758096,8.107974871192464,7.606917275646999
237.66237103372634,132.2971298397887,8.06815948347151,7.564284865262125
236.70241128662,132.43409753884094,8.018892953484489,7.536497720182628
235.86482673777192,132.44945090701583,7.9795007263818025,7.505790983832871
235.883824593502,132.0901332528107,7.941505014921632,7.492923290643041
235.90711593616646,132.09928103811822,7.894922329592684,7.474627720027972
233.847670856933,128.13137049211363,7.899514435439167,7.42387023930339
233.357952172583,128.15295965787112,7.913815486688589,7.38069190778841
233.5970782351099,128.89873714745943,7.917206962239192,7.334067730425108
233.70260081053482,129.75773951317308,7.946295470675352,7.296998613999628
234.5428062341783,130.62141868068434,7.945866604841049,7.24962226042977
234.5372793447861,130.64825523828546,7.9569203836254445,7.195949145227521
235.3646854344915,129.84002678060384,7.9719765933293125,7.142537671476133
235.36776655212736,129.50979062802855,7.965814358057572,7.089207288967614
235.37380508559536,128.5908376309397,7.953737291121562,7.031221625606975
235.3845428785217,128.02482520098087,7.932261705268924,6.983887575586261
235.28611289897822,128.04993297452415,7.894340402472412,6.9336720284997035
233.5496512090279,127.2552534560626,7.86642193477869,6.889304869878742
233.56943189884734,127.16354748275828,7.826860555139818,6.840470571454307
233.81358409632514,125.80316961357357,7.800258107901499,6.791014623519967
233.0330933507684,125.94134435884556,7.7537150359592335,6.744311499126812
233.04822639390522,125.85140215028075,7.72344894968566,6.696018922642547
232.9516452504499,125.07849570242398,7.689677157294718,6.653293263245262
232.8517764271204,125.09926236203728,7.663688716079565,6.611759944018669
232.53050644406895,124.7854461592226,7.6322559550239575,6.5654196224895225
232.54981441541938,123.80174230979048,7.5936400123230925,6.52197906837446
232.78549439951883,123.26676130110039,7.5665460385231365,6.481276099757224
232.90994679023964,123.28764521491057,7.53870169577848,6.43950827213686
233.47813349052805,123.30702959455621,7.502123668323827,6.400739512845563
233.39104617843418,122.8856813966838,7.45752738778896,6.3683522897001215
233.41296595793855,122.13599630635103,7.413687828780231,6.344792534202968
235.91454437858152,125.40271914273036,7.3901563628319895,6.306510394493542
235.7149097925885,126.17353403331653,7.358372128771636,6.273567534483637
235.19804108341424,125.97345904271656,7.319578480541647,6.244705089052198
234.36476804916165,126.4161169045387,7.278580312836674,6.213161483512947
234.48853218369166,127.27731788453283,7.243354735363052,6.189181056215942
233.65927891769567,128.9838077260485,7.210876640074524,6.1581706277455694
231.46312168318926,128.78675061261558,7.185359358351038,6.131538973588895
231.36716475291402,128.48915667276395,7.167722508481747,6.098074722032757
229.71180815900414,127.98452420270961,7.138590186790888,6.063637940419401
228.99024485204757,127.99906850408703,7.127559620630322,6.034549337664533
229.00311177199993,127.91041754606862,7.1018257807256235,6.004752697499297
228.19010982847138,128.64861717032556,7.07805394856839,5.971907203297965
228.09994761436843,127.94202293155901,7.0530518268505205,5.947809831364833
227.3990496507255,127.95382894478428,7.022977210656788,5.924197804914298
227.41018869328505,127.76349632217212,7.0006991255376585,5.897445299271078
227.12108649762447,127.16837738953251,6.970099907923103,5.870075946678804
226.83493918845502,126.36784530144023,6.936328833389468,5.854964941870111
226.7513289047455,126.2767254815153,6.902291739687381,5.8359469205987855
226.86713245771435,126.18759952954679,6.871111019926211,5.813772438359263
227.37955892771274,125.99510415896528,6.844199967009937,5.799586424690042
227.39618583289078,125.30246317833252,6.810946156653894,5.792254906641691
225.72628113293888,124.41913650390437,6.7794267892701345,5.774087143404576
226.53070861291334,124.12694056026157,6.750848478445176,5.7658752872687
226.64429538070223,123.35107069261834,6.720636064972482,5.74192604571449
226.6563052700109,123.46265340586284,6.696616286355124,5.714870082166682
226.9621254955339,123.57209918162998,6.670886492511876,5.691282083033318
227.56027205133438,123.97423168946476,6.641755099670251,5.665124879869942
227.48114257820257,125.91938299992867,6.606357535288385,5.647952471851687
227.7804354761061,133.91253979569788,6.586272693457168,5.6668319403108836
228.27832530766287,138.45596310601795,6.554625120473546,5.642826966891847
228.00641123933934,140.00112296099292,6.522598337362012,5.623733495654247
227.44768485050432,140.48770155043644,6.493152140263078,5.606325462408002
227.93817374189703,139.82802198096178,6.464249154264623,5.592779885855557
227.28771369898703,139.92681698733338,6.436916169090106,5.584940311825855
227.96308953271765,139.93287306200278,6.410576273241797,5.572828162487062
227.6941724625532,139.75516640024912,6.38261129093697,5.5510420709052335
228.74178309216867,139.57359631700908,6.353381953725969,5.5385473424726115
229.03713482640265,140.23647517831836,6.324172100624764,5.522941389043198
228.67790185357427,140.89873538829434,6.296789979513311,5.503655085935548
229.4350183618969,140.6299251206126,6.268387467658331,5.484089182002642
229.44906708963745,140.26844267746336,6.2402900121772245,5.4671528187659675
229.36969324901847,140.3669411629364,6.214769047316322,5.454424493918724
230.1176942528541,140.3719509372758,6.188121251222477,5.444404945239933
230.03953546954617,140.37858334316743,6.161343053059276,5.431140133456676
229.96060902256468,140.29191247058165,6.136727720492145,5.4220136520981335
229.9718194791097,139.7464469699084,6.11430680740209,5.421302204415497
229.98317815555453,139.9305985965621,6.091589454512477,5.4161612750224775
230.08523735122296,139.1181391165914,6.068617429651958,5.410762936676546
230.54751428302814,139.12334315046144,6.047580644766016,5.400354868936445
230.10671065099058,139.03733132847876,6.02813589170649,5.392168109474896
230.74606634646102,138.41286773405668,6.007867547934834,5.382652251149796
230.66685196002842,138.50492675968778,5.9869856231073975,5.377844897580239
231.03620698379632,138.5994737611001,5.963913285169126,5.3676603221549435
231.5832254400756,138.60580134894153,5.940205616978333,5.355005146472139
231.5913948314854,139.68232735835684,5.9238668341588125,5.335764828688189
231.86560491044503,139.69245022005148,5.9072163468975365,5.31551910529892
232.5797708104767,139.7024228935959,5.89228111520588,5.2955737582101
232.9338393128396,138.9183469264651,5.888640234683883,5.278609413013238
233.55052814780223,138.92659635485182,5.885838684126108,5.262110556239734
233.55681521208132,138.75919659143054,5.8732645555679035,5.245930990628818
233.82694566325696,138.41752082852165,5.858110919820492,5.229139494308134
234.18345953593334,137.9902602521506,5.843211639465117,5.211000065803573
234.19086977926952,138.6075121707237,5.828391152792757,5.194572413662547
234.28218187490498,138.0090935694165,5.8192851830099475,5.176782065860369
234.80379944886528,138.19129978151034,5.814605015599186,5.158554635176024
235.40893823737653,138.45870455316722,5.813426487574207,5.141930398575471
235.50137072144162,137.4330243812724,5.801005784866018,5.123959557301547
235.76384179337404,138.7313377896521,5.791955891910161,5.10679399508711
235.85303288063147,137.9680538031782,5.785122762661237,5.089420560641841
236.1190613766885,137.8037799526017,5.766560814462692,5.075638232517832
235.01944969382555,137.80766663489686,5.747248402350489,5.0678648679274945
235.1986729772723,137.64119627918961,5.7292672611747735,5.060340153624153
234.35892020808885,137.55868015177217,5.7104385940227145,5.055538987907121
234.029708659377,137.47726430632773,5.691003631768673,5.048906163876624
234.80258695608873,137.502750273534,6.329541125358107,5.590353395212807
234.80258695608873,137.502750273534,6.329541125358107,5.590353395212807
234.80258695608873,137.502750273534,6.329541125358107,5.590353395212807
234.80258695608873,137.502750273534,6.329541125358107,5.590353395212807
234.80258695608873,137.502750273534,6.329541125358107,5.590353395212807
234.80258695608873,137.502750273534,6.329541125358107,5.590353395212807
234.80258695608873,137.502750273534,6.329541125358107,5.590353395212807
234.80258695608873,137.502750273534,6.329541125358107,5.590353395212807
234.80258695608873,137.502750273534,6.329541125358107,5.590353395212807
234.80258695608873,137.502750273534,6.329541125358107,5.590353395212807
239.5631572685837,138.64091927606623,6.3128780482631335,5.574385674795131
239.84967438041005,139.304466830076,6.301175833164085,5.557065253400807
238.83082897617308,139.96513715278573,6.285694470938481,5.542288716608346
238.5428301985488,139.05499268827367,6.8782874900710205,6.069380138190151
240.66415854813096,133.14576461952893,6.8452172213055285,6.077323721040035
240.17032598404128,132.5255194236742,6.815808657692737,6.097325682598911
240.28770883576505,133.64128142892886,6.784320692048941,6.101856787930642
240.4051501453141,134.9538711004778,6.752298839841478,6.113867414411981
240.61680247038464,135.353546170141,6.734103030573981,6.124734956832723
240.62814112031327,136.7641166374624,6.711425730716723,6.137817476166351
240.6420455763166,136.86121753797605,6.683616818710029,6.145915548735797
236.61671704438072,138.78276098841135,6.654453350909636,6.140743400409445
238.23778026001912,139.17561177358183,6.63566383831967,6.160876059740203
236.84013667167812,138.3647099034716,6.610152149232356,6.170794733806743
236.95372388678535,138.96140360204132,6.584222739908467,6.184877462010702
236.96524662920154,138.75576781977497,6.561177255076098,6.194021815564011
236.87882545813545,139.6667670680873,6.533171125685003,6.1796595626486726
236.89192496166018,139.67048478357728,6.506972118635547,6.1722241316687
237.300312388678,139.1720588208178,6.488817200161042,6.170801137736167
236.01337452618606,139.87156926794486,6.4711644810241005,6.167218636470208
236.52348796876015,139.57137171149358,6.446013924153138,6.17056795240645
236.1363852182706,139.2785848467506,6.425521462294772,6.16011820976436
236.1403466290884,141.55844987756652,6.417598640659147,6.158712893115845
235.95169874624054,142.24902123908115,6.398811087783839,6.1638617850853725
235.66407581714503,145.20474016516977,6.380570791502458,6.187285477631878
235.57642862534357,145.00188567516312,6.357952030402818,6.197168168240075
234.988147593076,145.30348856018225,6.348227844565078,6.187105523388231
234.8979675515252,147.76865394170244,6.331185179745358,6.191843458380435
233.32423104419982,147.1844454514305,6.323298236596646,6.177000454749554
226.81998715511426,147.87504622176172,6.339572033060477,6.173761003056028
227.61422315031868,148.36743205059156,6.327548344140606,6.174269533826954
227.03170917546984,147.97654987884945,6.31132436004427,6.1685325881151405
227.63150167061357,147.4807785609435,6.290919154559181,6.177425403258465
228.1294269432939,148.07368926163775,6.27681785501002,6.169703096843716
227.84514985291153,148.75680087784306,6.257352867776939,6.175524589761312
227.0718679400452,148.3631215698423,6.237578408509421,6.179714063262761
226.48659800223018,149.83715185840455,6.234833991300061,6.164864218236752
225.4224771282414,150.52358534038785,6.215105071356536,6.158887679310796
225.3488081942555,150.0993645378941,6.903890293682217,6.844220124350857
225.12862206659292,153.88695121901475,6.876598406689021,6.817987024203814
223.52397784099233,154.64512088749498,6.850952824534415,6.811283569476097
222.78561966829895,154.64247500625072,6.821597453804949,6.816575331964585
222.04611895818505,155.08288791475272,6.797178277462512,6.794846998715017
220.98786302146257,155.84394523755975,6.773213737333392,6.771065842602805
219.93701480812038,155.31719641899474,6.741952756559738,6.758084776003804
219.20628370301404,155.01147695100596,6.715222118576393,6.731726777040178
217.94628899779917,156.61337189878395,6.694056310724206,6.7043809043366025
218.80240700374756,156.60767128415756,6.669812263623352,6.715782133589413
218.91677997708948,157.3444053964157,6.651862768325749,6.717889068776864
218.821624296041,157.45095454999333,6.631627499268153,6.715337392776176
218.83362048592173,158.19503474941075,6.607635119506709,6.698488723953068
219.16113773494902,158.8317094539157,6.581232730123105,6.682403532285134
219.1686014316295,159.7757673002492,6.566305336762105,6.6741596222551065
219.1721939541498,159.994718857812,6.55912029172152,6.6532755666106125
218.8681262504963,160.93809885239364,6.543051983158247,6.63912672505826
218.04943811354715,161.14506775639524,6.519692360227366,6.640372891262388
218.5745227247497,163.32986565726387,6.5057378557412475,6.622878904785034
219.20038196162233,164.4733562025449,6.494506258524079,6.61012375452454
218.38412392025018,165.4147180367772,6.4760613956412305,6.584731149890434
218.59230659748872,166.24497153584977,6.4710560261839785,6.569664091824645
218.5950934816952,165.93728491468033,6.465482257771019,6.568944724056086
217.98019186588567,165.52434498944237,6.463695789336403,6.573764774496231
217.0547516365403,166.2515833935101,6.466763655064569,6.556475538664987
