160.3,98.5,3.4,5.8
160.29979756751965,98.5781744564976,3.405913901268603,5.792804271356696
159.57886115742616,98.07912897371774,3.411413399280339,5.785433911393731
159.50264719494123,98.80012487104729,3.4202204796048594,5.779650563188216
158.99709707810456,98.37281932613547,3.425534356517709,5.772159061502863
158.63406396651652,97.94466135914072,3.433289625843957,5.766501850872548
158.12783408808164,98.52229641866221,3.4397860762059964,5.7609040821240525
158.62805398715216,97.95098234586729,3.4454944445315694,5.753648608894921
157.7624088501793,98.52792713982218,3.452098671783975,5.749549718780683
157.68809182879463,98.09883704462698,3.4569584800384945,5.745084502082203
157.18077974400816,98.45954923378588,3.4650546324568645,5.742608707446213
157.25144931274505,97.30996298778021,3.4676048123981373,5.739552120817305
156.7449710543756,97.31161689828285,3.4733538933354056,5.736244299812042
156.23863374473797,97.17086593576262,3.478487967269009,5.729877497612012
156.88480450964778,96.95835417897864,3.481480306111166,5.723123054959388
156.30650296575934,97.68100584325737,3.4870775713261475,5.716577004604349
155.6573450103023,97.39639624685958,3.4905421202296023,5.710306703172972
155.5845371802777,96.96887219067746,3.492320584428479,5.7023316404352675
155.22290299362638,97.4740561888163,3.496847901747172,5.6982011225350915
155.72300165862868,96.9009438512861,3.5029897623962163,5.694323865419916
155.1453159803484,96.90421536251148,3.5078959163993466,5.687780842969143
155.21772542786795,96.83355570769318,3.5068699992216312,5.685307174744362
154.64102487717415,96.83478054137615,3.510360414964805,5.68285750737844
153.56445082248968,96.6931823367824,3.5070948004331504,5.678532086712523
153.99391010832394,96.40603417595561,3.51002535230748,5.678262326004182
154.5662583176798,96.04655577889365,3.514822653055512,5.678785545465774
154.20694185898367,96.69337935920952,3.5145801498891562,5.679114141839491
154.77976528980605,96.33403239675084,3.51914061945577,5.6789284847497585
153.77487644596704,95.7580678806591,3.515022279799706,5.680059787028079
153.41393333494256,96.26025349392455,3.5179212310706887,5.682270739586357
152.83589382534717,95.32610939739368,3.522967209783257,5.680130241870942
153.41015404775632,95.32934576016451,3.525901921066645,5.673657516329276
152.7622488137681,95.25934087478366,3.526751739419766,5.6697827704661785
152.6203702940357,94.97609568470652,3.52282693691108,5.660909466673457
152.115983714702,95.62644056639903,3.526102147096135,5.653002779908587
152.61758542936641,95.198591262539,3.527954693663812,5.647224836860245
152.2575441299133,94.62642717700649,3.530416357716256,5.643359512159197
151.96988234801742,94.91588616315933,3.531709051185479,5.638472410176066
151.97221241405606,94.98952146359734,3.527048919108217,5.634658177918571
151.83183616285962,94.99167147719473,3.521158915789351,5.630358150723796
151.40059340327832,95.06664060606039,3.5246949068007263,5.623578147684325
151.04172115143857,95.07018841482487,3.5268582679576714,5.6164825301553645
151.61240571162048,95.07400870595936,3.5298606947475024,5.608841947886382
150.82624948565064,95.0779745533409,3.529365215932805,5.6009102531233115
150.75544930618102,94.72536981940631,3.5281099170832504,5.591841432048695
150.25417776846083,94.44371249511485,3.531759746983394,5.584359940322879
149.7541265001737,93.94514499133675,3.533324451542128,5.582957115863556
150.2535293483598,94.016002962308,3.5330930645567746,5.583894646690612
149.11402287720287,94.01867976189314,3.5294880456994275,5.578541047520332
149.54175152892088,94.02151927573985,3.529169939350802,5.572862019826912
148.971912206042,94.02460783145632,3.5293851589546406,5.5666849083939605
149.32839419729683,94.02827381323661,3.5281417960213273,5.559352944833404
148.4770620800849,93.74732159834298,3.5242425474309784,5.552402880282586
148.48011748858195,93.2514128934496,3.5181317304368434,5.549909541229499
147.98378271173598,92.75819401404307,3.517467464971016,5.543013480884803
148.05797413557076,92.97192071220572,3.5108751615865104,5.540931717414658
148.13197440453004,93.04352512533788,3.5045237028058933,5.539371970288263
148.13532880007276,93.1155125620718,3.4978149117204755,5.536916531990344
147.49953166118996,93.19003784881521,3.4970756436123427,5.529236352489504
146.4434801158005,93.19202402363776,3.490531434451898,5.525264002844412
146.5171640437242,93.19401089371732,3.4842377578158663,5.521290262685298
146.94044799488634,93.19791430507452,3.4831260686571164,5.513483439970884
147.22420153829898,93.20059816739503,3.4787150172161994,5.508115715329869
147.01426047797085,92.78255976138301,3.4767375050053824,5.500473261619676
146.45448308475335,92.36351129903724,3.472512505802433,5.495735347082794
145.75581817247277,91.73414880436438,3.466533557040933,5.491482440438098
145.89867609110976,91.94724402104497,3.4611520482422864,5.48579349978998
145.90170837284253,91.9485547498143,3.4550874847767674,5.483172042251309
145.83301147058037,92.0219538741967,3.4526300786491486,5.476225004138522
145.2069159077409,92.09340731776666,3.447465564569296,5.473024299194019
145.55782506764695,92.3062756804365,3.4435063721340295,5.466003050280409
144.86336963289298,91.54354616841094,3.4384118926087504,5.458056190395007
145.41988481711698,91.75569031190905,3.4389526398490653,5.451357071781895
145.0020617563106,91.96769242730257,3.4399670724844125,5.444668685483558
145.142315131526,91.9018226163546,3.437504821489737,5.437386057661461
145.21217749804327,91.62794982233133,3.4366521975212674,5.429643209443717
145.76720437084623,91.35289325976302,3.43653466209944,5.4247882294882945
145.20799903858477,91.53213162600284,3.8101650443746857,6.02198828217544
145.20799903858477,91.53213162600284,3.8101650443746857,6.02198828217544
145.20799903858477,91.53213162600284,3.8101650443746857,6.02198828217544
144.4065821427893,90.16168230233674,3.8045790840556424,6.012150615919963
143.94642800633903,90.08932447793818,3.803204406338256,6.003252439614098
144.4837698534839,90.09393780391832,3.802724705143788,5.994025787653809
144.40391807771323,90.23035552289042,4.160692073794156,6.562556346120011
144.40391807771323,90.23035552289042,4.160692073794156,6.562556346120011
144.40391807771323,90.23035552289042,4.160692073794156,6.562556346120011
144.40391807771323,90.23035552289042,4.160692073794156,6.562556346120011
144.40391807771323,90.23035552289042,4.160692073794156,6.562556346120011
144.40391807771323,90.23035552289042,4.160692073794156,6.562556346120011
144.40391807771323,90.23035552289042,4.160692073794156,6.562556346120011
144.40391807771323,90.23035552289042,4.160692073794156,6.562556346120011
144.40391807771323,90.23035552289042,4.160692073794156,6.562556346120011
144.40391807771323,90.23035552289042,4.160692073794156,6.562556346120011
144.40391807771323,90.23035552289042,4.160692073794156,6.562556346120011
144.40391807771323,90.23035552289042,4.160692073794156,6.562556346120011
144.40391807771323,90.23035552289042,4.160692073794156,6.562556346120011
144.40391807771323,90.23035552289042,4.160692073794156,6.562556346120011
144.40391807771323,90.23035552289042,4.160692073794156,6.562556346120011
144.40391807771323,90.23035552289042,4.160692073794156,6.562556346120011
144.40391807771323,90.23035552289042,4.160692073794156,6.562556346120011
144.40391807771323,90.23035552289042,4.160692073794156,6.562556346120011
144.40391807771323,90.23035552289042,4.160692073794156,6.562556346120011
144.40391807771323,90.23035552289042,4.160692073794156,6.562556346120011
144.40391807771323,90.23035552289042,4.160692073794156,6.562556346120011
144.40391807771323,90.23035552289042,4.160692073794156,6.562556346120011
144.40391807771323,90.23035552289042,4.160692073794156,6.562556346120011
139.66429366594463,88.23493834339105,4.166005037996051,6.546893571137316
138.90606807272107,87.40456486969309,4.173496301015034,6.53101838139079
139.15648335705228,87.41267060354811,4.175315272020259,6.514806913680756
139.32337457610245,87.25338955557135,4.176207822256517,6.498694021297725
139.40594532001856,86.92753678207532,4.178177395467157,6.481955324118228
139.40668517719755,87.60107982732072,4.176697681109182,6.470014538608777
139.9900693471881,87.10875628116494,4.176755940523866,6.454524545723966
139.32149357230634,87.6160236151429,4.182241030840883,6.438739722352939
139.31955723593398,87.12361131181322,4.186113703585611,6.425685460048338
139.23646824958337,87.21233098379858,4.186109749532542,6.414428042831906
139.7366535933092,87.05493116031725,4.181816909755446,6.397201740569682
139.07376860927585,86.7320187448587,4.182123254791698,6.380294759971515
138.9070359351546,86.32634313101944,4.184719973066772,6.364474412731442
138.33098605290633,85.6742610859483,4.180139332414727,6.3467180398468095
139.4858251087171,86.09332758032173,4.179021510183452,6.333070868739375
138.9101483276336,86.51332820633615,4.1776599255796985,6.316437578689667
139.32152329869166,85.86248205935848,4.176915329662368,6.302921318726898
139.0732463791521,85.87038006769545,4.180912379088297,6.287125302052962
138.99090079110218,85.55092083235492,4.181588899864546,6.269985151439755
139.32004397656118,85.06813490213952,4.178375363311749,6.252947760322739
139.56637936577806,85.64906401710539,4.176080396877233,6.235299758389146
138.34193673811012,85.08620755153122,4.177640151453037,6.2189274558494505
138.34192223381385,85.50179135628355,4.177669160045585,6.2024328700693765
137.77211379077613,84.85924308024165,4.178478120805061,6.186034650363507
137.85453171135643,84.86652923640037,4.176095689022584,6.17146233804608
137.8545468434897,84.79283109353032,4.176065424756062,6.156664154950876
137.77341388037107,84.39547622388515,4.176360257314538,6.141518425847141
137.1266321245687,85.0491442048368,4.175941247296681,6.128164985566432
137.20773591826838,84.57101942095622,4.175273318457145,6.115176601968444
137.36998462361697,84.01263154299015,4.173441587956514,6.1026224772126305
137.69593591997182,84.4209673180316,4.16599203199003,6.091517223058746
136.97380641103027,84.82819631438397,4.1628487701297425,6.081171607989223
135.9320303902907,84.6702605659116,4.158412927639513,6.075814199707892
135.85575397921863,84.03506268260126,4.150505519835081,6.062528126739933
136.97993850662846,83.40070344773623,4.143942251150249,6.050214718678664
136.26075894482017,83.56651160827849,4.143789442284526,6.038267715923553
136.50029208996452,83.65238979612253,4.143679079831329,6.026163316180617
136.42516373461837,83.65886280566258,4.1344682052492825,6.013217297100546
135.9494908502476,83.66394334501318,4.131094649433925,6.003056218399333
135.47532242055718,83.7469874175628,4.125966771362259,5.995878862875502
136.19331873976608,83.3568404978482,4.118433175387042,5.982584345392189
136.11845898792745,82.80966636777023,4.109760210458787,5.968185325309188
136.04461652749868,82.97179765694207,4.099413380048298,5.959986249501534
135.97114592882508,82.97641864383655,4.088617709162943,5.950744275712559
135.97685943335526,82.98001931730343,4.0771907001025856,5.943542928778814
135.98240900294928,82.90528554536512,4.066091560914542,5.935889398306324
135.90943880180188,82.83044934512019,4.055210042572842,5.928739878159776
136.69710431801036,82.67671517920887,4.045218507768483,5.92314031045991
136.07225883526522,82.13655845692475,4.044636971040276,5.909465315586991
135.527764597952,81.51836056703131,4.04114748081897,5.897314849833567
136.31159674008012,81.59945377718478,4.031756238075048,5.890955733677896
136.16113843045662,81.60192820227496,4.021520993505152,5.886006883497508
135.46631380760888,81.60636420575463,4.013183806496135,5.877134876538184
135.47133242123778,81.60881424230847,4.003146579238358,5.872234803430498
135.55285943593466,81.38171120240206,3.994912427631075,5.8619812498840345
135.63294262678204,80.84775810884341,3.989274977349497,5.8481849171089255
135.48264343833847,81.31676471197586,3.98141812721299,5.835537391915028
135.48741348266657,80.62937812046994,3.9718780385567904,5.825149025181091
135.49135666580395,80.71270175486762,3.963991672282033,5.81209398436875
135.4193419401572,80.79185357823519,3.9547563002253354,5.80705516098377
135.27045196681632,80.87035097263437,3.946464497288209,5.803096246994841
135.57988703490815,80.41353326431259,3.9389496224897713,5.7996987715605695
135.0497317720482,80.79812166914273,3.9306186297279715,5.793837332244353
135.049854181556,80.19346783430386,3.930373810712431,5.783651621956011
134.97333610254512,80.27538135577102,3.9311307950816823,5.7721037526741705
135.356160533162,80.12748327219725,3.926070549357605,5.763664473617796
135.73942071824877,79.90371662111447,3.9190837011046815,5.755477662631057
134.9827789998629,79.45347837423397,3.9156914680764316,5.745948754512064
134.98432759671246,80.06312002114964,3.912594274377299,5.738407586686835
134.90966595332435,79.68907095417957,3.910614757153673,5.729991700627836
134.68663977307776,79.08841847448318,3.903237604958284,5.722151292851171
134.68667360204753,79.47114495264921,3.9031699470187142,5.711212310291456
134.61224841831552,79.55216450882483,3.9012835232452647,5.699909989177719
134.01461108225473,79.40570075671805,3.8922768950844917,5.691767168320685
134.01512594668205,79.2608273212114,3.8912471662298356,5.680987526266689
133.94350357999548,78.96364620096668,3.884408215034086,5.675015028480532
133.64805475886268,78.51580689806771,3.8757842605739055,5.671411239189768
133.1286257358366,78.89213431023667,3.866859511119198,5.667172697356723
133.80419945012906,78.29913298080133,3.86095595764818,5.6574030227928445
133.80406320258808,78.45290628441334,3.86122845273011,5.648309412700924
133.36111839787955,78.38223513283486,3.852554428630254,5.640557776938383
133.73657490140954,78.31143083128791,3.845808565271932,5.633332951291967
133.14576226605544,78.01741128861894,3.8385315038083143,5.626920870544003
133.59489334025477,77.57584094871832,3.8306429688323336,5.6196879369226185
132.93131830721532,78.16969859479902,3.824389875182516,5.6172198978533645
133.00666388689456,77.87635940693363,3.821713822333227,5.611837847547602
132.9331080981572,77.289928515816,3.8209357365586945,5.601582323788862
132.49203860558032,77.295841048714,3.8167414062305793,5.589757257992889
133.00905115707897,77.30155741051652,3.8150378722942233,5.578324534387823
132.8629523341385,77.23351817477962,3.81268760669334,5.56712905012071
132.27844367105192,76.94280651060787,3.8051749448483423,5.560287384455144
131.98831924062668,76.5813933628116,3.7980689964812564,5.548920168525775
132.3570338646543,77.24505965261955,3.7933880408863256,5.540534515338434
133.31101453514324,76.88246348063052,3.78792106580914,5.53399825704699
133.0954710122416,76.52014344763198,3.780538158682727,5.527855068161185
132.4400491235431,77.03500869451281,3.7779059166901607,5.519717033924723
132.4396835604617,76.60234606828978,3.7786370428529326,5.510389276521278
132.95192880267422,76.82572781981636,3.773675279867078,5.500566654084865
132.3725792999312,76.03160517507953,3.7690406894276074,5.489228249161
132.73672186777836,76.10966321641163,3.7666005129098625,5.478281158332105
133.46210759668074,76.69430968116055,3.7654640055059776,5.468696189154956
134.62118450044846,76.19261664578231,3.764111807819336,5.458481555602594
136.14195020327872,76.41217752030809,3.7596764143124313,5.453230665430103
134.05102619413267,75.18745689220187,3.751864730850897,5.446664510269786
131.890558011757,76.198817967009,3.7455191796403056,5.4433405881043795
129.44349613593323,76.3428973595639,3.740664570022391,5.4433570007160705
129.9484477408959,75.62613032640297,3.7388139562147362,5.436815929726968
131.1741100438698,75.98833620191213,3.733419192550032,5.431795308791923
130.53037270788988,76.13266739955525,3.7274748608501165,5.430559358763416
131.39494417162672,75.56373468433468,3.7214863456454426,5.419655181025238
132.47375019453952,74.56183572799657,3.7138637620227213,5.416796262312079
132.76332609702087,74.63376766070913,3.707365325195222,5.41609573892077
131.26293727241725,74.84852793226102,3.704193998467344,5.415710763807717
128.97804606109793,74.84915317752835,3.6983965438403916,5.4144602732730505
129.5496664658205,74.63922133506864,3.698131782872965,5.405707940013322
129.48165562437143,74.07369701530466,3.691417784303796,5.3948711278027615
129.34269085813096,74.21888214658215,3.684425066742145,5.389423115290331
128.35049922991814,74.07780330773846,3.677123620004872,5.387054406811565
128.3541733939686,73.72690550862038,3.669775291903959,5.378317228832121
128.92344377025495,73.65957461111805,3.666059669541071,5.371125882560548
129.98967006034292,73.520930255142,3.658855124692043,5.365048189802376
129.9216261960475,73.0310352511529,3.6534706007101265,5.35453242977162
129.21766148220956,73.45955463131014,3.649154391204483,5.344841051766059
128.23428681734427,72.545151870443,3.6418057996497843,5.340555646592571
128.2378140599533,72.54660367295207,3.63475131443171,5.337652041574412
128.51798723053722,72.61445271945465,4.035788123921848,5.922763443462889
128.51798723053722,72.61445271945465,4.035788123921848,5.922763443462889
128.51798723053722,72.61445271945465,4.035788123921848,5.922763443462889
128.51798723053722,72.61445271945465,4.035788123921848,5.922763443462889
128.51798723053722,72.61445271945465,4.035788123921848,5.922763443462889
128.51798723053722,72.61445271945465,4.035788123921848,5.922763443462889
128.51798723053722,72.61445271945465,4.035788123921848,5.922763443462889
128.51798723053722,72.61445271945465,4.035788123921848,5.922763443462889
128.51798723053722,72.61445271945465,4.035788123921848,5.922763443462889
128.51798723053722,72.61445271945465,4.035788123921848,5.922763443462889
128.51798723053722,72.61445271945465,4.035788123921848,5.922763443462889
128.51798723053722,72.61445271945465,4.035788123921848,5.922763443462889
128.51798723053722,72.61445271945465,4.035788123921848,5.922763443462889
128.51798723053722,72.61445271945465,4.035788123921848,5.922763443462889
128.51798723053722,72.61445271945465,4.035788123921848,5.922763443462889
128.51798723053722,72.61445271945465,4.035788123921848,5.922763443462889
128.51798723053722,72.61445271945465,4.035788123921848,5.922763443462889
128.51798723053722,72.61445271945465,4.035788123921848,5.922763443462889
128.51798723053722,72.61445271945465,4.035788123921848,5.922763443462889
128.51798723053722,72.61445271945465,4.035788123921848,5.922763443462889
128.51798723053722,72.61445271945465,4.035788123921848,5.922763443462889
128.51798723053722,72.61445271945465,4.035788123921848,5.922763443462889
128.51798723053722,72.61445271945465,4.035788123921848,5.922763443462889
128.6280609879784,69.28261530618349,4.040186279671177,5.910733529375941
128.47530716842815,71.25764300617598,4.197060175416845,6.153154845637864
129.23703197018014,69.57936669566232,4.204879566356582,6.141410706197954
128.68501900470818,70.3535522750586,4.389119893893952,6.42540545911454
128.03811533356628,69.10998546043393,4.40021415557402,6.410725638801085
128.4192491664353,69.54821986418058,4.612421015268694,6.738607459162532
129.16403922357546,68.68952842371867,4.6234312769854995,6.720376515368473
128.63629463915973,68.84996570155563,4.866341111401016,7.093036560009495
128.63629463915973,68.84996570155563,4.866341111401016,7.093036560009495
128.63629463915973,68.84996570155563,4.866341111401016,7.093036560009495
128.63629463915973,68.84996570155563,4.866341111401016,7.093036560009495
128.63629463915973,68.84996570155563,4.866341111401016,7.093036560009495
127.82614268833768,67.76077316635435,4.879282378354949,7.0683579445829245
127.44418407336278,68.14757791625917,4.893757169183561,7.044190883894526
128.00001818356037,68.34725550689802,4.9054995251391285,7.019305894733711
127.43265161835228,68.45268902404646,4.917913656713666,6.995492026910453
127.9858446360002,68.55716617759359,4.932916346251616,6.973435840621841
127.65798868949683,67.6834122222681,5.643825634407548,8.028727793064185
127.65798868949683,67.6834122222681,5.643825634407548,8.028727793064185
127.65798868949683,67.6834122222681,5.643825634407548,8.028727793064185
127.65798868949683,67.6834122222681,5.643825634407548,8.028727793064185
127.65798868949683,67.6834122222681,5.643825634407548,8.028727793064185
127.65798868949683,67.6834122222681,5.643825634407548,8.028727793064185
127.65798868949683,67.6834122222681,5.643825634407548,8.028727793064185
127.65798868949683,67.6834122222681,5.643825634407548,8.028727793064185
127.65798868949683,67.6834122222681,5.643825634407548,8.028727793064185
127.65798868949683,67.6834122222681,5.643825634407548,8.028727793064185
127.65798868949683,67.6834122222681,5.643825634407548,8.028727793064185
125.8719095965239,67.19863459835126,5.653750959499255,7.988148005049595
126.92600980016648,67.32923987093103,5.958527583624492,8.436706946182257
126.92600980016648,67.32923987093103,5.958527583624492,8.436706946182257
126.92600980016648,67.32923987093103,5.958527583624492,8.436706946182257
126.92600980016648,67.32923987093103,5.958527583624492,8.436706946182257
126.92600980016648,67.32923987093103,5.958527583624492,8.436706946182257
126.92600980016648,67.32923987093103,5.958527583624492,8.436706946182257
126.92600980016648,67.32923987093103,5.958527583624492,8.436706946182257
126.92600980016648,67.32923987093103,5.958527583624492,8.436706946182257
126.92600980016648,67.32923987093103,5.958527583624492,8.436706946182257
126.92600980016648,67.32923987093103,5.958527583624492,8.436706946182257
126.92600980016648,67.32923987093103,5.958527583624492,8.436706946182257
126.92600980016648,67.32923987093103,5.958527583624492,8.436706946182257
126.92600980016648,67.32923987093103,5.958527583624492,8.436706946182257
126.92600980016648,67.32923987093103,5.958527583624492,8.436706946182257
126.92600980016648,67.32923987093103,5.958527583624492,8.436706946182257
126.92600980016648,67.32923987093103,5.958527583624492,8.436706946182257
126.92600980016648,67.32923987093103,5.958527583624492,8.436706946182257
126.92600980016648,67.32923987093103,5.958527583624492,8.436706946182257
126.92600980016648,67.32923987093103,5.958527583624492,8.436706946182257
126.92600980016648,67.32923987093103,5.958527583624492,8.436706946182257
126.92600980016648,67.32923987093103,5.958527583624492,8.436706946182257
126.92600980016648,67.32923987093103,5.958527583624492,8.436706946182257
126.92600980016648,67.32923987093103,5.958527583624492,8.436706946182257
126.92600980016648,67.32923987093103,5.958527583624492,8.436706946182257
126.92600980016648,67.32923987093103,5.958527583624492,8.436706946182257
126.92600980016648,67.32923987093103,5.958527583624492,8.436706946182257
126.92600980016648,67.32923987093103,5.958527583624492,8.436706946182257
126.92600980016648,67.32923987093103,5.958527583624492,8.436706946182257
126.92600980016648,67.32923987093103,5.958527583624492,8.436706946182257
126.92600980016648,67.32923987093103,5.958527583624492,8.436706946182257
126.92600980016648,67.32923987093103,5.958527583624492,8.436706946182257
126.92600980016648,67.32923987093103,5.958527583624492,8.436706946182257
126.92600980016648,67.32923987093103,5.958527583624492,8.436706946182257
126.92600980016648,67.32923987093103,5.958527583624492,8.436706946182257
126.92600980016648,67.32923987093103,5.958527583624492,8.436706946182257
126.92600980016648,67.32923987093103,5.958527583624492,8.436706946182257
126.92600980016648,67.32923987093103,5.958527583624492,8.436706946182257
126.92600980016648,67.32923987093103,5.958527583624492,8.436706946182257
126.92600980016648,67.32923987093103,5.958527583624492,8.436706946182257
126.92600980016648,67.32923987093103,5.958527583624492,8.436706946182257
126.92600980016648,67.32923987093103,5.958527583624492,8.436706946182257
126.92600980016648,67.32923987093103,5.958527583624492,8.436706946182257
126.92600980016648,67.32923987093103,5.958527583624492,8.436706946182257
126.92600980016648,67.32923987093103,5.958527583624492,8.436706946182257
126.92600980016648,67.32923987093103,5.958527583624492,8.436706946182257
126.92600980016648,67.32923987093103,5.958527583624492,8.436706946182257
126.92600980016648,67.32923987093103,5.958527583624492,8.436706946182257
126.92600980016648,67.32923987093103,5.958527583624492,8.436706946182257
126.92600980016648,67.32923987093103,5.958527583624492,8.436706946182257
126.92600980016648,67.32923987093103,5.958527583624492,8.436706946182257
126.92600980016648,67.32923987093103,5.958527583624492,8.436706946182257
126.92600980016648,67.32923987093103,5.958527583624492,8.436706946182257
126.92600980016648,67.32923987093103,5.958527583624492,8.436706946182257
126.92600980016648,67.32923987093103,5.958527583624492,8.436706946182257
126.92600980016648,67.32923987093103,5.958527583624492,8.436706946182257
126.92600980016648,67.32923987093103,5.958527583624492,8.436706946182257
126.92600980016648,67.32923987093103,5.958527583624492,8.436706946182257
126.92600980016648,67.32923987093103,5.958527583624492,8.436706946182257
126.92600980016648,67.32923987093103,5.958527583624492,8.436706946182257
126.92600980016648,67.32923987093103,5.958527583624492,8.436706946182257
126.92600980016648,67.32923987093103,5.958527583624492,8.436706946182257
126.92600980016648,67.32923987093103,5.958527583624492,8.436706946182257
126.92600980016648,67.32923987093103,5.958527583624492,8.436706946182257
126.92600980016648,67.32923987093103,5.958527583624492,8.436706946182257
126.92600980016648,67.32923987093103,5.958527583624492,8.436706946182257
126.92600980016648,67.32923987093103,5.958527583624492,8.436706946182257
126.92600980016648,67.32923987093103,5.958527583624492,8.436706946182257
126.92600980016648,67.32923987093103,5.958527583624492,8.436706946182257
126.92600980016648,67.32923987093103,5.958527583624492,8.436706946182257
126.92600980016648,67.32923987093103,5.958527583624492,8.436706946182257
126.92600980016648,67.32923987093103,5.958527583624492,8.436706946182257
126.92600980016648,67.32923987093103,5.958527583624492,8.436706946182257
126.92600980016648,67.32923987093103,5.958527583624492,8.436706946182257
126.92600980016648,67.32923987093103,5.958527583624492,8.436706946182257
126.92600980016648,67.32923987093103,5.958527583624492,8.436706946182257
126.92600980016648,67.32923987093103,5.958527583624492,8.436706946182257
126.92600980016648,67.32923987093103,5.958527583624492,8.436706946182257
126.92600980016648,67.32923987093103,5.958527583624492,8.436706946182257
126.92600980016648,67.32923987093103,5.958527583624492,8.436706946182257
126.92600980016648,67.32923987093103,5.958527583624492,8.436706946182257
126.92600980016648,67.32923987093103,5.958527583624492,8.436706946182257
126.92600980016648,67.32923987093103,5.958527583624492,8.436706946182257
126.92600980016648,67.32923987093103,5.958527583624492,8.436706946182257
126.92600980016648,67.32923987093103,5.958527583624492,8.436706946182257
126.92600980016648,67.32923987093103,5.958527583624492,8.436706946182257
126.92600980016648,67.32923987093103,5.958527583624492,8.436706946182257
126.92600980016648,67.32923987093103,5.958527583624492,8.436706946182257
126.92600980016648,67.32923987093103,5.958527583624492,8.436706946182257
126.92600980016648,67.32923987093103,5.958527583624492,8.436706946182257
126.92600980016648,67.32923987093103,5.958527583624492,8.436706946182257
126.92600980016648,67.32923987093103,5.958527583624492,8.436706946182257
126.92600980016648,67.32923987093103,5.958527583624492,8.436706946182257
126.92600980016648,67.32923987093103,5.958527583624492,8.436706946182257
126.92600980016648,67.32923987093103,5.958527583624492,8.436706946182257
126.92600980016648,67.32923987093103,5.958527583624492,8.436706946182257
126.92600980016648,67.32923987093103,5.958527583624492,8.436706946182257
126.92600980016648,67.32923987093103,5.958527583624492,8.436706946182257
126.92600980016648,67.32923987093103,5.958527583624492,8.436706946182257
126.92600980016648,67.32923987093103,5.958527583624492,8.436706946182257
126.92600980016648,67.32923987093103,5.958527583624492,8.436706946182257
126.92600980016648,67.32923987093103,5.958527583624492,8.436706946182257
126.92600980016648,67.32923987093103,5.958527583624492,8.436706946182257
126.92600980016648,67.32923987093103,5.958527583624492,8.436706946182257
126.92600980016648,67.32923987093103,5.958527583624492,8.436706946182257
126.92600980016648,67.32923987093103,5.958527583624492,8.436706946182257
126.92600980016648,67.32923987093103,5.958527583624492,8.436706946182257
126.92600980016648,67.32923987093103,5.958527583624492,8.436706946182257
126.92600980016648,67.32923987093103,5.958527583624492,8.436706946182257
126.92600980016648,67.32923987093103,5.958527583624492,8.436706946182257
126.92600980016648,67.32923987093103,5.958527583624492,8.436706946182257
126.92600980016648,67.32923987093103,5.958527583624492,8.436706946182257
126.92600980016648,67.32923987093103,5.958527583624492,8.436706946182257
126.92600980016648,67.32923987093103,5.958527583624492,8.436706946182257
126.92600980016648,67.32923987093103,5.958527583624492,8.436706946182257
126.92600980016648,67.32923987093103,5.958527583624492,8.436706946182257
126.92600980016648,67.32923987093103,5.958527583624492,8.436706946182257
126.92600980016648,67.32923987093103,5.958527583624492,8.436706946182257
126.92600980016648,67.32923987093103,5.958527583624492,8.436706946182257
126.92600980016648,67.32923987093103,5.958527583624492,8.436706946182257
126.92600980016648,67.32923987093103,5.958527583624492,8.436706946182257
126.92600980016648,67.32923987093103,5.958527583624492,8.436706946182257
126.92600980016648,67.32923987093103,5.958527583624492,8.436706946182257
126.92600980016648,67.32923987093103,5.958527583624492,8.436706946182257
126.92600980016648,67.32923987093103,5.958527583624492,8.436706946182257
126.92600980016648,67.32923987093103,5.958527583624492,8.436706946182257
126.92600980016648,67.32923987093103,5.958527583624492,8.436706946182257
126.92600980016648,67.32923987093103,5.958527583624492,8.436706946182257
126.92600980016648,67.32923987093103,5.958527583624492,8.436706946182257
126.92600980016648,67.32923987093103,5.958527583624492,8.436706946182257
126.92600980016648,67.32923987093103,5.958527583624492,8.436706946182257
126.92600980016648,67.32923987093103,5.958527583624492,8.436706946182257
126.92600980016648,67.32923987093103,5.958527583624492,8.436706946182257
126.92600980016648,67.32923987093103,5.958527583624492,8.436706946182257
126.92600980016648,67.32923987093103,5.958527583624492,8.436706946182257
126.92600980016648,67.32923987093103,5.958527583624492,8.436706946182257
126.92600980016648,67.32923987093103,5.958527583624492,8.436706946182257
126.92600980016648,67.32923987093103,5.958527583624492,8.436706946182257
126.92600980016648,67.32923987093103,5.958527583624492,8.436706946182257
126.92600980016648,67.32923987093103,5.958527583624492,8.436706946182257
126.92600980016648,67.32923987093103,5.958527583624492,8.436706946182257
126.92600980016648,67.32923987093103,5.958527583624492,8.436706946182257
126.92600980016648,67.32923987093103,5.958527583624492,8.436706946182257
126.92600980016648,67.32923987093103,5.958527583624492,8.436706946182257
126.92600980016648,67.32923987093103,5.958527583624492,8.436706946182257
126.92600980016648,67.32923987093103,5.958527583624492,8.436706946182257
126.92600980016648,67.32923987093103,5.958527583624492,8.436706946182257
126.92600980016648,67.32923987093103,5.958527583624492,8.436706946182257
126.92600980016648,67.32923987093103,5.958527583624492,8.436706946182257
126.92600980016648,67.32923987093103,5.958527583624492,8.436706946182257
126.92600980016648,67.32923987093103,5.958527583624492,8.436706946182257
126.92600980016648,67.32923987093103,5.958527583624492,8.436706946182257
126.92600980016648,67.32923987093103,5.958527583624492,8.436706946182257
126.92600980016648,67.32923987093103,5.958527583624492,8.436706946182257
126.92600980016648,67.32923987093103,5.958527583624492,8.436706946182257
126.92600980016648,67.32923987093103,5.958527583624492,8.436706946182257
132.39626422911684,69.7173829332482,5.946150821230387,8.47073155352448
128.78558778977518,68.02389671055288,6.302063598564172,8.925939800891735
128.78558778977518,68.02389671055288,6.302063598564172,8.925939800891735
128.78558778977518,68.02389671055288,6.302063598564172,8.925939800891735
128.78558778977518,68.02389671055288,6.302063598564172,8.925939800891735
128.78558778977518,68.02389671055288,6.302063598564172,8.925939800891735
128.78558778977518,68.02389671055288,6.302063598564172,8.925939800891735
128.78558778977518,68.02389671055288,6.302063598564172,8.925939800891735
128.78558778977518,68.02389671055288,6.302063598564172,8.925939800891735
128.78558778977518,68.02389671055288,6.302063598564172,8.925939800891735
128.78558778977518,68.02389671055288,6.302063598564172,8.925939800891735
128.78558778977518,68.02389671055288,6.302063598564172,8.925939800891735
128.78558778977518,68.02389671055288,6.302063598564172,8.925939800891735
128.78558778977518,68.02389671055288,6.302063598564172,8.925939800891735
128.78558778977518,68.02389671055288,6.302063598564172,8.925939800891735
128.78558778977518,68.02389671055288,6.302063598564172,8.925939800891735
128.78558778977518,68.02389671055288,6.302063598564172,8.925939800891735
128.78558778977518,68.02389671055288,6.302063598564172,8.925939800891735
128.78558778977518,68.02389671055288,6.302063598564172,8.925939800891735
128.78558778977518,68.02389671055288,6.302063598564172,8.925939800891735
128.78558778977518,68.02389671055288,6.302063598564172,8.925939800891735
128.78558778977518,68.02389671055288,6.302063598564172,8.925939800891735
128.78558778977518,68.02389671055288,6.302063598564172,8.925939800891735
128.78558778977518,68.02389671055288,6.302063598564172,8.925939800891735
128.78558778977518,68.02389671055288,6.302063598564172,8.925939800891735
128.78558778977518,68.02389671055288,6.302063598564172,8.925939800891735
128.78558778977518,68.02389671055288,6.302063598564172,8.925939800891735
128.78558778977518,68.02389671055288,6.302063598564172,8.925939800891735
128.78558778977518,68.02389671055288,6.302063598564172,8.925939800891735
128.78558778977518,68.02389671055288,6.302063598564172,8.925939800891735
128.78558778977518,68.02389671055288,6.302063598564172,8.925939800891735
128.78558778977518,68.02389671055288,6.302063598564172,8.925939800891735
128.78558778977518,68.02389671055288,6.302063598564172,8.925939800891735
128.78558778977518,68.02389671055288,6.302063598564172,8.925939800891735
128.78558778977518,68.02389671055288,6.302063598564172,8.925939800891735
128.78558778977518,68.02389671055288,6.302063598564172,8.925939800891735
128.78558778977518,68.02389671055288,6.302063598564172,8.925939800891735
128.78558778977518,68.02389671055288,6.302063598564172,8.925939800891735
128.78558778977518,68.02389671055288,6.302063598564172,8.925939800891735
128.78558778977518,68.02389671055288,6.302063598564172,8.925939800891735
128.78558778977518,68.02389671055288,6.302063598564172,8.925939800891735
