134.9,40.9,6.6,13.2
132.4868349363985,40.760297989907066,6.736932341207047,13.094303651185204
131.18493633260064,40.9625258302606,6.874609526798046,12.998112973228718
129.88313267693914,41.13949214387499,7.004459745194946,12.953399982615707
128.7459562290494,40.86786144657444,7.103305110293497,12.875087797022257
127.29614475852554,39.840013871554234,7.201042422866476,12.75153856936009
126.1523615646466,39.58835155943763,7.310492042653646,12.632544117030239
124.69405108956687,40.11468743567019,7.425815977493857,12.513638036338191
122.3077378046063,39.53939141131318,7.526826040266456,12.418465683145945
121.48742822507043,40.33015388259736,7.60880247305377,12.395583466862023
121.45329038372071,40.374550238967586,7.677078155753202,12.306790754121558
120.17687585990186,40.095641151681576,7.729202448466518,12.23943273996248
118.73355445236747,39.05692182754812,7.803750864400926,12.129686855569354
117.63795562428649,38.45374196210327,7.810536356597374,12.087811064193037
116.38759680126005,38.45248861441159,7.818896811089844,12.090317759576392
115.1261382352692,37.70565044455995,7.848039876545251,12.025385307700748
113.72688853152471,37.72814706539015,7.8454328685261014,11.980392066040354
112.95521038877921,36.53186486248725,7.8362120164328415,11.888833051711357
111.7222184193806,36.42494773075681,7.830298026391327,11.793680074067389
109.87085292544222,35.541821087971094,7.843517895016854,11.715177800013203
108.7898235568764,35.25935318835317,7.860086538086716,11.667116429517128
108.62090751602788,34.53646023192396,7.891868162492873,11.582650055921231
108.61776105258934,34.572517277602124,7.898161089369962,11.510535964564907
111.75799518761112,34.915715345409694,8.00846300312622,11.43278460835927
116.20971074281219,36.29546465378386,7.9492131185872115,11.418031889292612
119.71768077332835,37.68232291387962,7.919994735335576,11.378249938667452
121.97601251569816,39.979633562812545,7.943635999050473,11.323933389256114
124.3867268553353,43.50189188940409,7.958313504708556,11.231319376913241
125.59728289740902,47.00938046936761,7.945985620461249,11.141596791699152
126.51616062619456,52.24729272466748,7.905451204903663,11.149561692845092
126.10531798952475,56.26259509192059,7.830167245261826,11.19168005517201
124.01877213142625,56.289840012312965,7.825869160068051,11.137190214387259
124.01558390634042,57.93865119165328,7.832245610239677,11.111962779939835
122.84789676677721,58.10926733309352,7.789906531101,11.06794466684249
123.62141866962446,63.69560697733948,7.7221138264103235,11.137573745979665
123.61511372163969,68.1308478755247,7.73472372237986,11.140577759039314
123.47872248864172,69.45844859118266,7.711469564661149,11.149705941155272
122.44864714004851,70.37130318107126,7.7010900575644,11.09873693647794
121.25860956556673,71.57886674408138,7.722372941105113,11.042402075880549
119.9240797780038,70.59889877096305,7.742285393635779,10.941890260098706
118.73305533578161,71.07788220099674,7.779066951218451,10.863398647604482
117.41399848685325,70.656530910166,7.783997557237771,10.828373531986808
116.26249825276297,70.65244901388493,7.749987430368112,10.836537324548942
114.94174315116935,70.22674247035408,7.7662836088356135,10.812879070037372
112.75756794669829,69.168393595485,7.760631630186935,10.888375705566526
111.4358147960149,68.70788330502313,7.770281566428106,10.931444164781722
110.39076505914387,68.97994078619482,7.806149530445005,10.974252490931235
108.18834251203924,68.9270413934671,7.790487870769731,11.080051276386653
106.70417326245365,68.18346568158704,7.798397741943592,11.086988386148128
105.53250413403273,68.16960844863038,7.771510114088823,11.114702852061447
103.62797625748398,67.99566086482622,7.729271440000623,11.166344602193956
102.46173040253446,66.94887609314262,7.69107915526779,11.185565650258289
100.39762254508827,66.91362060514426,7.675381412314419,11.256076626255021
99.07493966490293,66.7311739726409,7.649573912231158,11.32417286232239
98.02562429182811,65.70744570548021,7.66643983027787,11.28986456854089
96.69336406758713,65.8471392313974,7.656538657645404,11.30763547460811
94.90233108410676,65.73778850297558,7.671467004450698,11.229075463105486
93.71024808227045,65.45877083122971,7.685031286493849,11.194460376189864
92.21957307245492,64.7357253950293,7.706102459846027,11.160411825451245
89.99896109345586,64.73769900758907,7.7093836942503025,11.156464600331702
89.5640320997084,63.96472629955389,7.691669052348554,11.223122300740926
87.50177870221292,63.213040473855536,7.664196005963462,11.243644008789047
86.33266680200136,63.07020186161074,7.631025014977209,11.232896884352474
84.38876536145655,62.5083606361641,7.674562567726902,11.17372846498731
83.20636572355076,61.50180050948609,7.675026311190531,11.11805512753886
81.7252051650208,60.807104830091085,7.690250286354503,11.033897915380901
80.55784359402384,60.948202087930646,7.675447412489979,11.045394151684084
80.43301220655617,59.92431661872001,7.6314903579150215,11.037826283533404
78.98638713589702,59.50303969418988,7.596950600335923,11.002043162924444
76.81208261750764,58.79710383967695,7.570542815455733,10.955575931397327
75.67240680214181,58.51313959007684,7.525655838553668,10.94244477868912
74.79983870143532,58.25958655337422,7.5332569342849505,10.870372483533814
72.4972042157076,57.551191241052166,7.520489050304622,10.844026590854234
72.06161355160911,57.285044626876925,7.527614818762546,10.800282779378684
70.0443910819677,56.46856938814359,7.537400467462306,10.708379275166896
68.89703335409527,56.49093698130728,7.542130072920498,10.663644088839515
67.45488392547787,55.965944192739926,7.569932872248144,10.571031242811355
65.16455514557845,55.011346186095885,7.595302788529272,10.48728891206043
64.31782860739943,54.478554452167344,7.585636134218575,10.41745922613837
62.05949335812304,54.512585856147844,7.580144862908937,10.349396418177374
61.4983773452527,54.54464508182037,7.57632984540318,10.285277966832327
60.3861612504848,54.71213676502275,7.556960106002841,10.230769841544582
61.087101265393805,59.195654669802494,7.551727217744645,10.202275737967877
62.22884089865944,62.24566436044538,7.498732400177239,10.236088591332685
64.34686243737671,65.27056764902744,7.439522829301337,10.312304490454544
63.92133882629567,67.51932313462599,7.454651041913763,10.273028236855613
62.952402300204525,67.92613744842404,7.444475716695398,10.294277485288362
62.662121218171606,67.94323895930394,7.468142398004438,10.260074463528595
61.68722487050265,68.75643234005666,7.469711584875916,10.303593566422943
60.566509234678506,68.3462379186741,7.479113409620056,10.286971366598992
59.71034715177144,68.20908716651762,7.518001993183302,10.282366940536825
58.724037592732465,68.06364032456894,7.53430022370358,10.293786211925958
57.59132777647859,67.07892729906519,7.560398150891141,10.303805770778299
57.71125560424046,68.17629336380433,7.601037974007964,10.353037470424447
57.56736804314301,69.13807686424515,7.6069033402772686,10.402838761022034
56.27827778174606,68.72140698162801,7.640223595577,10.38789177042491
54.42236532499267,69.56943795924856,7.671985462237967,10.390320452189567
52.99399215966821,69.0181275040787,7.692338811441784,10.358384169951243
52.697032366693094,68.0454811338135,7.7192840766315065,10.319266787819899
51.41909065698301,68.89883161251468,7.725170370138467,10.312563914359654
51.13947446153541,68.89869445934194,7.717748228429842,10.312838220705153
53.27114454190797,71.58879339789584,7.7025587466113175,10.313631203571061
52.86335141127995,73.96032639825876,7.669224136997554,10.381116804440817
52.737211103160384,73.75854192710963,7.638050589979557,10.501231583481944
51.61168864268577,73.72596770174955,7.61095984401344,10.566380034202085
49.46671239206928,73.73706181391185,7.62126452528791,10.544191809877496
48.32066536196301,73.46226285884663,7.632215731874504,10.523504006601453
46.892508073999124,73.61117476774822,7.638439958737056,10.510689223704782
46.18614292906667,72.88901592187662,7.6265859714072,10.53042263825324
45.445926917776355,71.77101028340326,7.68191055605571,10.486262014508604
44.580911592535564,71.9054334849979,7.700383711674302,10.502675193796488
44.853405845949744,71.90968790592736,7.7270189381554575,10.494166351937556
45.6781460665172,72.07205860694278,7.79425476418716,10.455544327767829
44.5142318194362,73.24837288158743,7.829015680730429,10.39598335609725
45.33762594335456,74.27642722343293,7.899998954079672,10.34394144712321
44.471220740661366,75.30057609173508,7.9128436101988004,10.302270417997352
43.60209027522833,76.02717655766601,7.933697451684226,10.280242060619365
43.59331018244194,77.17974536023335,7.951257637257007,10.265008250555866
42.30601404298888,78.75306260152158,7.949228796011193,10.267577359276235
41.61954270194004,78.31928245109309,7.890684204147556,10.276245295756429
40.764976648819314,77.62104177895259,7.886959914007638,10.245346309719624
40.90149340123295,78.06029681044627,7.898870071014212,10.22166723223378
44.61340136770194,82.18461036915188,7.879231888369804,10.231546067073076
44.7530694115892,83.72270618681382,7.884502830199527,10.286031757395858
45.90445259694744,86.71001661125482,7.865933761508967,10.30742882633195
45.75191374079195,87.56132478698318,7.8854631904911425,10.318102174848109
45.60107872401438,88.13311597151049,7.901103553148446,10.318638489384828
43.75270884940811,87.86929706682376,7.876035286766567,10.273690450205288
44.60102223536768,87.59852635956545,7.890598113186157,10.244835331942326
45.60154849264945,89.73016837721401,7.884511584153106,10.256478408496262
46.74200858578015,91.72737649129726,7.88418114514774,10.253094238027815
47.905509553108715,94.99242203677971,7.837312569126065,10.27838655313989
47.487661350385245,94.09268142359899,7.819093897728992,10.370037625813287
46.3499531798808,94.80227130142859,7.808607042687452,10.379547367685612
45.346299570114795,95.77406861798359,7.81593473237643,10.435932264418657
45.34824714653701,95.4566547456603,7.812039579531998,10.497380646677026
45.346489348299045,95.86934121519766,7.815555176007938,10.534690700646294
45.6170737779431,98.18450682962921,7.850758331003023,10.51533558604872
44.729098908029606,99.19530507337402,7.895901050763374,10.513013955303496
47.05843148370036,102.66209300441574,7.863969306161848,10.519538203330065
47.92180249702421,103.80999424855857,7.869714892763716,10.53371919937715
47.90640581173254,104.98523830526612,7.900508263347045,10.495693073815621
48.21686204926437,106.12399395532894,7.857560539676681,10.530040779263176
