240.1,28.5,4.2,9.2
238.03886728377338,30.29266209133783,4.212487732771967,9.175683110190151
234.71093909962346,32.27694356484844,4.238463493979004,9.143611773630315
232.32004168307876,33.53635104826503,4.255306586954945,9.110858584247628
228.9946565883424,34.26654103388772,4.28241426056757,9.099404788346627
226.28696616436892,37.592301419189624,4.308101129769714,9.081353530044117
223.05657015595662,38.222692533186645,4.336986959157639,9.065456370586212
220.55584854148296,39.67976045205188,4.352376907530946,9.059851613190576
217.945786608795,40.422308169297594,4.374043100226725,9.030324327049577
215.4455175546312,40.95810187607358,4.385363928620882,8.998157180150395
210.77030398719307,41.79882122766229,4.393301102081444,8.977605581224651
206.82921271494254,42.6285909138084,4.392445458560591,8.977653195884395
202.06334134991826,43.45911953091532,4.382214090497916,8.976069717863814
199.6808862180963,45.131283368533715,4.380754194746246,8.94747780568483
198.02991890278764,46.062184587698226,4.374043712900366,8.94678824311639
194.82291537006938,47.41918367058625,4.381473614037527,8.919419210756205
192.34220943568928,48.56762532448539,4.389461517009922,8.892855220610663
189.9689444744225,48.784443391245546,4.3947080882789376,8.87150459589597
189.142920454685,49.7186458078786,4.399385103654705,8.856392164741488
188.73024962070474,50.445302326182414,4.401601637635855,8.843548112597803
189.447909595981,51.99886256396577,4.405703645472328,8.82090326215042
188.62950183739505,52.71916629307023,4.399549102165579,8.817894606860307
188.42969736748205,53.1419349546668,4.388716635839328,8.793240095971663
188.43212004266496,53.86306524164562,4.383871285473487,8.783685826861618
188.64386306760147,53.76532132863099,4.369282463463883,8.774725038959174
188.8486329426033,53.78036653685196,4.3678725722980705,8.744634622517234
187.42804993046587,54.302452695842774,4.358637441542342,8.718462717046528
188.241051842585,55.126909736338064,4.357090651867995,8.69400567061991
187.6352640263549,55.24153600711322,4.352632632905005,8.667425404306806
188.1391221182949,55.857728422265765,4.3559460566780945,8.648276103185445
187.7412953536329,55.551769239681356,4.343668732785591,8.6542463284419
188.04943194158534,56.463651172998944,4.332969258238744,8.647203565880755
187.14278255362387,56.761305042024006,4.332140580778574,8.656604978958335
187.34321401098867,56.36651783598031,4.33466374720252,8.63940722873866
188.65559542860672,57.067612828224554,4.329204032300434,8.647611232122323
188.96082771416167,56.97599781747181,4.32327112502505,8.629330699016318
188.45492671750904,57.28304219258136,4.3293718531871,8.61866270788311
189.45525467088436,57.78369992002414,4.33961128012333,8.622794919840981
190.05549758991432,57.375331977879185,4.34708796003773,8.634222458814659
190.0544383204874,58.383608251230314,4.349206498891585,8.63390717827101
190.75668915537727,58.386108526809075,4.3562949162139875,8.628906627113478
192.86807574928937,58.88677415428189,4.3693259545823135,8.636100187927976
192.75609586263616,58.589891618194194,4.3912502254659085,8.623758752834865
194.3657145920616,59.300996388629564,4.407742875210122,8.617181134474492
195.0631702375971,58.99687820722225,4.429780033321106,8.618153876211153
196.17316462638234,59.00680738938138,4.440760926432395,8.5982955118929
199.40461505849686,59.112732999532284,4.464680814826583,8.589157440110569
201.72851626450088,58.815261116655265,4.485665917628773,8.575128921324158
196.85043551678146,59.61854527384328,4.490838660946933,8.593725398968239
198.8784655068848,60.84448222444089,4.5049352980134145,8.58394546813694
200.4999019483835,60.25058841525206,4.519764934162283,8.55009464183475
200.59194646852885,60.6711578298602,4.539039231325623,8.522409162434501
200.27451531390776,61.29249849237546,4.5640415343591725,8.499447849821273
199.24797109846875,61.81382401594769,4.583359041078076,8.47368226475635
199.33899280751584,61.21866005894276,4.6046437957202215,8.44404114234839
199.3320243941923,61.63728718571199,4.618580622367295,8.41980743623275
199.32818709828564,62.55908119006907,4.626255214180589,8.40444080308275
199.42165624108475,62.87105847051211,4.642356859367635,8.389606034552436
199.519875775907,62.269244687800764,4.649013423018011,8.374659800205873
199.51951949091654,63.78138895077349,4.649725992998929,8.39519684804207
200.22894205570012,64.29379270125051,4.654008157383089,8.386908842767562
199.71696294729443,63.89319144342671,4.66169391199619,8.375093388656536
199.00677823076506,63.39250531028108,4.659586803354535,8.360410982304673
199.81922064641103,64.4106205041623,4.6583663533136415,8.353761071105964
199.57566540165328,64.37494094562808,5.18852796079507,9.262627873516442
199.10165936881126,64.35970456809173,5.171751717769285,9.276402275322647
199.33460491322103,64.92285954143485,5.156306212391943,9.2762062872419
200.69806006093611,65.02964730438937,5.128875837247168,9.287587421356635
201.60866791024745,65.14652008887128,5.104915871585075,9.278498819012896
202.51824178177588,65.37421190718543,5.078679048644793,9.271342912413763
203.31441345900646,65.93593933629566,5.051257259624634,9.265689172365432
204.10636412289136,66.27237258261808,5.0284136774230195,9.26184742782125
204.77953913967124,66.8464237891274,5.017429727882448,9.226550084818598
206.2326882380098,66.51853196458895,4.995216666516029,9.216775625746903
208.78713208701063,66.31054319923781,4.976888423455183,9.190095812541283
211.3322371321903,67.2028596312651,4.960979899405472,9.170437406333527
213.76152785157058,67.09305755571725,4.9437148163671765,9.169981723078191
214.65189868155113,67.19122739011205,4.921034063596696,9.193399667687435
216.63789430540714,67.50425767056001,4.9038963509539135,9.226481362636376
218.84247808918224,66.94168317258294,4.892873901453724,9.252094079078002
219.94733229275081,67.70579999869311,4.884115125800119,9.264525168896174
221.60493778303086,67.5857306446098,4.870815372534474,9.284536461909827
222.49446436108317,67.58152535795249,4.8533074924040305,9.29294703522444
225.03077720564542,67.79382015380934,4.841044997616651,9.308389025627013
225.69779363453594,68.00687771981727,4.82720249753112,9.32233734617628
226.579222921207,68.68028665413885,4.824330480083937,9.295509394454283
228.22581655170688,68.46902779496733,4.824466812148402,9.278917300388756
228.99101545088814,68.25624757837382,4.829263878873767,9.265850629264962
229.21759848433524,69.3457570787658,4.814506069751596,9.278872917341207
230.8557077678492,69.56917523411097,4.8254096521262895,9.27031955990455
231.51167834119687,69.13124360242966,4.828689370423352,9.269368913272181
233.27395926666796,69.78852438895723,4.812062483629012,9.270282951772488
234.37086217641018,69.68923256818655,4.807989273142908,9.249893332413992
235.4701931070817,69.68129652863264,4.795364272483949,9.265765411521816
237.12145650439442,69.78149451101112,4.772129391805747,9.28398890769467
237.8847359929785,70.23241505895403,4.77497727547075,9.256094589427786
238.75817390319827,70.89736545451545,4.7731123923898,9.2349520013239
240.28988825650018,70.67762746241766,4.758657843890832,9.238860248647384
241.9296835465344,70.3557343751777,4.742950922568282,9.229869691378092
242.58928578784483,71.3266228344184,4.726884181635376,9.242799385428635
244.55377210524733,71.53724219739469,4.705752940058601,9.255765258723633
246.4069704179817,70.87646399123639,4.687129360311396,9.27575471372671
247.27924318589092,71.63645573524028,4.677777421902003,9.274065623451834
248.26223584126498,71.53042858278876,4.662207847769283,9.269407068730949
249.02409813219208,71.52741002245195,4.653111777957761,9.275444189404558
250.65071028026858,71.4215275021046,4.6444870898208785,9.27090258956486
252.7128096930335,71.5231071012315,4.626016551594683,9.283834353800689
253.69059529171892,71.62092328073398,4.614091298901162,9.304162655315459
256.28305161097245,71.83279911859107,4.614417754281075,9.312514237425166
257.8996385458292,72.15833077985525,4.623935905723967,9.309989319128128
259.0998146354909,72.69462234071253,4.602965070279576,9.318943171903992
260.71774358269874,72.15542676927375,4.608232977786105,9.316959047474102
261.58781289174755,72.81015535548292,4.597192981663178,9.304325841536752
263.4265435004721,72.70874817794035,4.587672536184639,9.291378974741253
263.85822199000194,73.2301484769339,4.585942979206272,9.325612654355705
263.8582077845839,73.64895642246616,4.585971390042318,9.351506609694873
264.61266769586933,73.21065160521619,4.5908470059080875,9.363090279373905
266.3459957117854,73.8653938006255,4.588357381126987,9.352668291199427
266.4615574673055,73.86125731088315,4.573548736811172,9.360941270684132
267.43504788501235,73.86125132827544,4.572177037384988,9.360953235899526
268.1854533946183,74.17673178442686,4.584452112466668,9.378457792579633
269.0540245363714,74.82447607779663,4.58030200651111,9.382713339003052
269.92438517977706,74.61272783990673,4.572494031737818,9.372981486773377
271.5491125440967,74.39988512943108,4.568085468619515,9.365994085655196
273.6029247058975,74.39053396308364,4.567458886962189,9.38469641835007
275.2247863774999,74.59153088117826,4.570037387914273,9.415542828048416
276.08300779897263,75.02239420501303,4.588918311265921,9.421478063527452
277.71122018208206,75.56165103386881,4.592445598487884,9.429615090296123
279.1355724200296,75.1063700242396,4.571374580149726,9.470136045690916
280.8677457051097,75.5462084598635,4.5908017570889905,9.461402611218011
281.626403987608,75.2264784438539,4.599107327401119,9.44702458524776
283.05036937476325,76.09113808808772,4.583620300680539,9.460747602989269
282.1762300079262,76.40194226805211,4.589405762052282,9.492574220173879
282.6169813124726,76.0595296544456,4.5814108892403365,9.522268645176275
283.6011850280712,76.81435962127321,4.581045694484026,9.543308228752787
284.91484338811387,76.91071203281,4.581393432998742,9.569575443895877
284.9010442402221,77.01844830129049,4.608991728782203,9.573464241110283
285.76824219630316,77.2360241891354,4.633782459883157,9.578109126236212
287.4212160523461,76.56273134784799,4.633792971290281,9.602311519413837
289.51781071573464,76.76872600854752,4.634867692882748,9.631823676790512
291.2778500709706,76.86088516489716,4.65399217476537,9.668705563613369
292.0498553342973,77.62639156898248,4.664479785284812,9.692190892615658
292.81731340031035,77.62704504327597,4.687738194782152,9.690883944028696
292.9199915105042,77.72694654833185,4.705363705859325,9.714062665381856
293.92221235402485,77.73274509804712,4.713560820137453,9.702465565951304
295.37059881145694,77.74421769750015,4.7235827301594515,9.679520367045248
296.48304568677906,78.3974214628244,4.733073550076982,9.713743578733807
297.37565559913446,78.72219192520805,4.740679822429831,9.736512440365379
298.83184976504435,78.16342747977681,4.747675279301976,9.731201412500145
299.60849220611715,78.95137853030317,4.766673448995288,9.727582363286288
300.04882189860473,78.83081933528157,4.78556896609005,9.743812027812032
301.6187826220841,78.82351048232094,4.802000381095954,9.758429733733301
301.72826554543656,78.9318850669773,4.808987001165568,9.767633031195025
301.9499396418748,79.15348280860076,4.818055178289661,9.776853917948754
303.0818891886329,79.59757289048004,4.819158563298105,9.794674745600043
302.38836345738935,80.51033826816835,4.84553029027917,9.783383637564757
302.27333639349047,80.4952670603681,4.848512480086188,9.813526053165255
303.18246662384905,80.37923741955854,4.850768201195258,9.81802081205613
303.06730295835865,80.3744164251016,4.853426174123096,9.827662800969998
303.05913008172865,80.69026010132025,4.869771927383127,9.879544790606312
302.8240279535651,80.44118693292164,4.882179106756151,9.919894050449424
302.0161931946777,81.3639152504218,4.889922968670214,9.912066736432733
301.21754819098857,81.91898229448114,4.879148680739733,9.950550002106056
300.2987333046014,81.79429003857435,4.875984332413816,9.969835248782143
299.95494016820953,81.78970052946046,4.872591959145364,9.979014267009905
300.7562341900483,81.88801172422546,4.882814148136775,10.012793339289772
300.6412356737623,81.97992413262509,4.8817386929783275,10.060041010220935
299.3683370373276,82.22165332142659,4.878352227747678,10.040070584999762
298.3269617084857,83.02165716289971,4.8785616866057655,10.059817167806838
298.6789025050792,82.66145546894556,4.869736603140476,10.085164045993478
297.87106939466054,83.2366188469556,4.862087422915024,10.094348290732501
297.98683307549936,83.23629719534267,4.862463303126977,10.094991593958365
301.2385745055476,82.65006970634548,4.852717181999712,10.107850725708225
303.0842514063327,82.89365360874358,4.872359791831174,10.084557472337242
302.15898123082457,83.6908578863063,4.867388516306111,10.113721590435452
302.1568436811412,83.67761068413148,4.871663615672862,10.140215994785121
301.3415760241854,83.67987789366305,4.873024251666686,10.135681575721984
300.29279601308747,84.13706971438278,4.876313598582828,10.152084901073481
299.1285838890162,84.48556761407079,4.87480436872324,10.154069145098086
298.6658983860816,84.82385031611511,4.868191213338068,10.176491861950307
297.3805768160269,85.27985697105258,4.873545521372561,10.197310854648077
297.4792485681124,85.28966943227064,4.909807008803543,10.177685932211942
296.53036968137286,85.41123843113154,4.9359678788126224,10.168497547423888
295.80665997070804,85.76466136696278,4.977766207441114,10.164462222111988
294.84398863426924,86.70972073249365,5.023612877810192,10.153839493558856
293.7660376545711,87.19564764154302,5.059324681385171,10.124292411380639
292.9182429117846,86.72870473391127,5.104575395770185,10.115127500251026
291.2381695287804,87.79184730593896,5.154969286959766,10.116540632864876
291.2116081427448,88.02237121509353,5.208092059030994,10.130096491777117
292.97555480719086,87.18608313381776,5.256451050957795,10.133754904613127
291.9901583663259,88.02358423758487,5.312816256603842,10.133876913652339
290.048495696463,88.24787509828849,5.351745630047239,10.165844688030372
290.1537299328268,88.58827171096132,5.382690793178453,10.209292370261116
291.1080416291129,87.82893235275817,5.4147398683989145,10.272466735822924
291.09808842684697,88.28216272131178,5.434646272930741,10.342260140652687
290.95112844011834,88.87239443389433,5.483134497958728,10.388955457633784
290.93407550046527,88.47307972184788,5.517240377264902,10.446731091711289
290.7891013697809,89.22969762597808,5.55880198358213,10.423815213759852
290.6472325052299,89.22189773567213,5.593777153506478,10.439414994371754
290.25735071820094,89.21970058039231,5.624765500049879,10.443809304931381
289.1133116817336,89.73710821086078,5.661158257512394,10.409743073093201
288.9744324464262,90.61710760078357,5.688608910864479,10.401899014086563
287.57545991093855,90.75936680475918,5.729279586356352,10.368041914815613
286.6743934033584,90.89261270599461,5.775421127625684,10.352406037186311
286.6471878490365,90.27642129892595,5.829832236269401,10.327730877038938
286.74116759559945,90.42105340955302,5.89384571195984,10.290439624600989
286.46255519578443,90.93538615574099,5.946053379432019,10.271808396540642
285.1698750768405,90.81974349056684,6.00023411950964,10.24997577710792
283.74643315298846,91.8478499192855,6.056290243982672,10.223455809293219
284.22619099919757,91.98353371356743,6.113836636276691,10.206353741907446
283.4324624968225,91.99679709383469,6.171397560658325,10.179826981372905
281.3582142064458,92.26986917806772,6.230967244079709,10.14479867507337
281.20388287317456,92.66837007647442,6.283591815193481,10.11591116454575
279.89643291980906,92.67748595451839,6.333582463570032,10.097679408457827
277.6849044548811,92.82209138394498,6.38667014705526,10.06552556409702
276.4950777002309,93.09429307865051,6.449136275687615,10.036052703723316
275.4374349205904,94.00922234176036,6.499874867097215,10.012672774391
274.38567095355967,94.15702204018815,6.534883745077089,9.975638259545635
272.1810445747031,94.41707607121405,6.54805785126374,9.972715921202829
271.6489625307117,95.20673149158193,6.5771482223678275,9.946015655785137
271.6990714888277,94.84619606758437,7.3395907708214825,11.030687631026629
271.6990714888277,94.84619606758437,7.3395907708214825,11.030687631026629
271.6990714888277,94.84619606758437,7.3395907708214825,11.030687631026629
271.6990714888277,94.84619606758437,7.3395907708214825,11.030687631026629
271.6990714888277,94.84619606758437,7.3395907708214825,11.030687631026629
271.6990714888277,94.84619606758437,7.3395907708214825,11.030687631026629
271.6990714888277,94.84619606758437,7.3395907708214825,11.030687631026629
