6.299999999999997,103.9,64.4,62.0
20.765368717151063,104.16095795382026,66.31664616736418,60.4780840923595
40.15598386162001,104.93841300517165,67.46017792935628,58.9231739896567
55.49208743053108,104.8308849820926,66.62527362008872,59.138230035814814
65.11172882523337,104.82694520686937,65.20284094396692,59.14610958626128
74.32575780475506,103.73510311545647,64.39381638662576,59.37212339112016
82.68473348159628,103.49263626512827,63.265215371900915,59.857057091776575
91.14525373266353,102.84503145569468,61.85415650231184,61.15226671064373
99.21320959788618,102.53447403541142,61.215053915582274,61.77338155121027
107.60029073733875,102.21629361735918,59.935457764308126,62.40974238731474
115.7588913957893,102.62885999014158,59.03103692774074,61.58460964174995
122.8196144811606,103.09443536335843,58.20505879376778,60.653458895316255
129.83079713251928,103.50024421094923,57.284512259238305,59.84184120013465
136.3926586883791,104.30970900238958,57.07158624641498,58.22291161725393
142.9690169476765,104.86869903378927,56.628340988255616,57.104931554454566
149.34970290159026,105.14766035082813,56.404467668149806,56.54700892037684
154.84061982289828,105.5419606193268,56.0952121659932,55.75840838337952
159.4808018547924,105.68023699783188,57.38368216016343,55.48185562636934
165.63633509116912,105.9945776957917,57.51404440127808,54.853174230449696
172.43638983042064,106.28416216356958,56.30000413475453,54.274005294893946
179.04947436758212,106.27926086117274,55.26258441519788,54.28380789968762
185.81172842903362,106.55279424081574,53.813936042360055,53.73674114040161
188.30090683346586,106.44380426621836,52.22300191875213,53.954721089596376
193.51518247730928,106.20336059175433,51.82665779525772,54.43560843852444
193.15955228305359,106.52306064742112,52.53791818376912,53.79620832719087
193.47868288810457,106.6190968018043,51.89965697366714,53.60413601842449
193.93025772982602,106.92953507570024,50.996507290224244,52.98325947063263
193.85129600256292,107.08319542552975,51.15443074475047,52.67593877097361
191.44708960944942,107.32423245670859,54.32776349165977,52.19386470861593
189.7092500043083,107.53090230358704,57.80344270194198,51.780525014859016
188.0893278339115,107.8845709005681,61.04328704273557,51.073187820896905
186.76180363342485,108.42007864602684,63.698335443708935,50.00217232997942
186.36755513791167,108.80387488102231,64.48683243473529,49.234579859988486
186.22014425224432,109.02540999338551,62.99479717901642,48.79150963526209
180.9796294290048,109.25102636182983,61.17781900747538,48.340276898373446
181.52518166103647,109.32245153967304,58.36498486644872,48.19742654268701
181.76152579717237,109.27120972920585,56.216059172805735,48.29991016362141
181.59412909086478,109.29665080023372,54.90611250246188,48.24902802156565
181.0680859198875,109.36758506420216,54.33455435729253,48.10715949362879
180.7589814932368,109.46558316306682,53.340253245545284,47.91116329589945
181.02985235190735,110.50676069685241,52.79851152820419,47.42274557633959
181.51284281157726,110.17899269168119,51.832530608864374,48.07828158668203
181.08061708510954,110.00466230504733,52.696982061799815,48.42694235994975
180.96654391739224,109.7005716344599,52.92512839723443,49.03512370112461
182.2276326173323,109.28110547183803,50.402950997354296,49.874056026368336
183.62901103630858,108.9811633252269,47.60019415940171,50.47394031959061
184.9454616218491,108.46825080155557,46.51160177857895,51.49976536693329
182.876904714217,108.33937523443404,46.019756756285446,51.75751650117631
179.74596451446564,107.1966572539517,46.12509061477252,52.50381582688711
179.40354231243265,106.84166651390362,45.25753618812805,53.21379730698329
177.88854141102064,106.96261083297249,45.188610599050264,52.97190866884554
177.96650856857684,107.21504859898617,45.03267628393784,52.46703313681817
177.26947824597065,107.82756943905818,44.892424725977776,51.24199145667415
177.00427648486593,108.93846353184722,45.42282824818721,49.02020327109607
178.00709977896852,109.64395724160467,44.9042037351594,47.609215851581176
178.43352588041907,109.96487699164985,44.05135153225833,46.96737635149081
178.89715938535542,110.22700135282994,43.12408452238558,46.44312762913063
178.6389957760482,110.62751696313256,42.230146593966964,45.64209640852538
178.204819055278,110.6646890458364,41.714945998998594,45.567752243117724
177.6079685072537,111.36401921150727,41.53445123712861,45.543287769694544
177.89739046021407,111.40329489989003,40.95560733120787,45.464736392929
178.15995758764288,111.52719221806876,40.43047307635028,45.216941756571536
177.5958066757279,111.81913037385615,40.210523382246926,44.63306544499676
177.63812376269408,111.99668832019562,40.12588920831463,44.277949552317835
177.72513840930793,111.99016003038255,39.951859915086914,44.291006131943945
177.9419019038747,111.98029997157664,39.51833292595334,44.3107262495558
178.26765918507266,111.98754708059818,38.86681836355747,44.29623203151273
178.81458058435072,111.9336895474878,37.77297556500132,44.40394709773345
179.23756971114165,111.92707534925388,36.926997311419456,44.4171754942013
179.22914230831628,112.03613051221204,36.94385211707022,44.19906516828498
179.05273325700705,112.07514799383436,37.296670219688664,44.12103020504034
179.13182681128498,111.37433516839053,37.13848311113282,44.24161384774323
179.1568815112302,111.36220999305411,37.088373711242376,44.265864198416054
180.00852487547726,111.184800536616,36.665008950640456,44.62068311129228
181.53847526693522,110.84314023154778,36.16222007364952,45.30400372142873
181.02990722189097,110.5899539094739,35.89844448911884,45.81037636557648
181.2275006926275,110.6904338996531,35.50325754764576,45.60941638521808
181.51528841884132,110.79417233618736,34.92768209521813,45.40193951214958
181.156426636764,110.91706561918446,34.3830635926363,45.15615294615539
181.43402736612222,111.20767796046555,33.82786213391982,44.57492826359319
181.08133172761862,111.6136333604523,33.30146712250063,43.76301746361968
180.0535278875709,111.91630827888767,32.935444584329844,43.157667626748946
179.65988503806784,112.14426856829593,32.527119833111826,42.701747047932415
179.071277041514,112.39270159826287,32.52234123907712,42.20488098799852
178.20679128541457,111.94118144654915,33.07697835240512,41.933586892555155
178.31227452566665,111.70930177661926,32.86601187190098,42.39734623241495
178.10945696322813,110.92637122977814,32.08877572408756,42.780336053406685
176.1400688298191,110.85347949706426,31.323424805156435,42.926119518834476
176.26347468368007,111.72773588117369,31.076613097434503,42.343316336939225
175.62556425377392,112.61790850008643,31.199623043831387,41.715782012529175
175.04106033493844,112.84461846332486,31.223346275287955,41.26236208605231
174.4823081876582,113.61775337358503,31.202083586254073,40.854859249126385
173.28759842723116,113.34096462428838,31.327089722920622,40.27623005562596
172.41347833757567,113.55687355760526,31.949922459517026,39.84441218899217
171.13229320554228,113.71688525241098,32.254474047266896,39.52438879938074
171.225090112494,113.70921534271096,32.068880233363444,39.53972861878077
171.14657508000067,113.77089642382595,32.225910298350115,39.416366456550804
171.25979458432167,113.81320626647428,31.99947128970814,39.33174677125413
171.4014426175453,114.04215748546108,31.716175223260873,38.87384433328054
171.6025796505135,114.15971151638287,31.31390115732448,38.638736271436954
171.64426321892927,114.29634809831782,31.23053402049291,38.36546310756705
171.8050198972558,114.48792813781078,30.909020663839875,37.98230302858113
170.60848053160353,114.64873810470563,31.135155005608063,37.660683094791445
169.68868227240273,114.8076410215472,30.81039173276738,37.342877261108285
169.23961706126218,115.6723509297059,30.636475592490925,36.68550400734844
166.74367830244915,115.82664220366473,30.332762128641953,36.37692145943079
166.8279182344535,116.01476547893381,30.164282264633265,36.00067490889261
163.84737277932913,116.15051996151578,29.879649786787922,35.729165943728674
163.3651504879424,115.68556150257535,29.811911813637305,35.626900305685474
160.34272755038248,115.80796375488839,29.679668948890022,35.38209580105941
159.77554836124443,115.87567521683792,29.790416931790055,35.24667287716034
160.01388909736733,115.90250564063643,29.313735459544276,35.19301202956329
157.64658278214395,116.55674590315431,28.974353482112623,34.89933042610322
157.77947928663787,116.57045554864885,28.708560473124823,34.87191113511415
156.39454693039622,116.72361158835186,28.478153768629177,34.565599055708134
156.01804479028044,116.77776051718975,28.23950080142877,34.45730119803236
155.2298911389315,116.87589150889858,27.843534869892657,34.26103921461471
154.85887991966112,117.0603623289964,27.608838796361848,33.89209757441904
152.5862177823885,117.08927263238613,27.31789199884367,33.83427696763961
152.68557005916287,117.00566175400124,27.119187445294926,34.00149872440937
150.96146127598757,116.35031826686398,26.723389954370145,34.351181934365044
149.12479324640026,116.24117793159834,26.557017461990092,34.56946260489634
148.578778692038,116.26945525701133,26.688494521970117,34.51290795407036
145.29157234952848,115.69099151877859,26.53009406065561,34.70800498105961
143.46897035542796,116.21592966494788,26.326388830494317,34.6203559933116
143.1185286172767,116.26388368192985,26.069705455160147,34.52444795934765
139.9068076556179,116.39079384092756,25.82975240286293,34.27062764135222
139.5907118753284,116.45739957529801,25.51781781058251,34.13741617261131
136.47574545343443,116.47830823447082,25.188767261887257,34.09559885426572
133.27299180470328,116.11830034787309,25.07745533063931,33.88464045193115
132.4224817224842,116.28415208743871,24.926588113589744,33.55293697279991
129.2655154665065,116.96907916701834,24.811516858080473,33.10151192327848
127.74499436686018,117.33299640342635,25.123527382263067,32.37367745046245
125.83656851297462,116.94189150629313,25.32571361266555,32.25222087538673
125.22508170544305,117.05880729706297,25.643589833453905,32.01838929384708
122.13480386658786,117.04972840192193,25.477425607436913,32.03654708412916
122.17374897668758,117.39319578113677,25.399535387237478,32.25387048370846
122.39481048378316,117.30708684657282,24.957412373046303,32.426088352836345
122.52644180437804,116.789272058107,24.694149731856566,32.55995631856967
122.410666482534,117.31598726843575,24.925700375544633,32.40603560947871
122.3398561164481,116.97675506943723,25.06732110771642,32.183561319495276
122.39611059384985,117.16436030795975,24.954812152912922,31.808350842450228
122.99531012193928,117.23271921047939,24.648690769738753,31.67163303741098
123.59826960305877,117.78817186459858,24.327980472931223,31.445936394604026
123.686306158375,117.87397464006563,24.151907362298758,31.274330843669944
123.71495820798566,117.48892459894155,24.09460326307743,31.173380319291915
124.22756067040002,117.6152032311422,23.93797369358473,30.92082305489061
124.869166833501,117.5491215447956,23.516927984221567,31.05298642758381
125.38921976429418,118.17841450177195,23.334139738009867,30.651718129005747
126.46795719987506,118.17208487773452,22.873097352429788,30.664377377080633
128.0255081562255,117.60394671113725,22.280620039189515,30.959778843788307
129.10206157677035,117.46925131981676,21.798796550860516,31.229169626429304
129.27466540292338,116.90517560906324,21.45358889855445,31.525542848842527
129.35028879584496,116.8899466692207,21.3023421127113,31.556000728527586
129.4786611519953,116.81123904745584,21.045597400410614,31.713415972057305
130.37713656175868,116.78144130731067,20.901833765262115,31.77301145234765
130.41749757134164,116.82280241312782,20.821111746096143,31.69028924071334
130.3929174153552,117.4956546600325,20.870272058069,31.16709532299166
130.4253644206556,117.65794818465614,20.80537804746825,30.84250827374438
130.55046000396976,117.7439462623771,20.555186880839912,30.670512118302476
131.0956487803012,117.19827621194288,20.267571669083576,30.9590898782644
131.22501253254404,117.6031607075991,20.00884416459786,30.951635369067212
131.25318575355024,117.75683861251272,19.95249772258548,30.644279559239983
131.3816794480888,117.33296436499712,19.695510333508345,30.699688369943694
131.92013493907234,117.34213343120376,19.407480334787675,30.681350237530424
131.98585328345516,117.91161198840119,19.276043646022057,30.326182619710455
131.58162472100682,118.17116803971957,19.308224331294635,29.8070705170737
131.59922743902501,118.3946599510025,19.273018895258264,29.36008669450787
131.63435973154685,118.58870239660415,19.20275431021455,28.97200180330454
131.19444200133745,118.77213977917684,19.327842038939977,28.60512703815916
131.58926723414882,118.49100567831515,19.289498537187875,28.41608827601194
131.87455701371317,118.60773410257654,19.466743127212727,28.18263142748916
131.72556582305174,119.15744009376493,19.76472550853562,27.830458348579725
131.81049640312193,119.27281749069591,20.34169928277018,27.599703554717763
132.39796163688027,118.95555523554575,20.672402009557445,27.481411467866177
132.62980861011818,119.29833203195696,20.965138179592763,27.55228799155485
133.1933905087467,119.5670751682057,21.36255724701199,27.777093151395462
133.66180392326777,119.4228733889803,21.97013583577573,28.065496709846247
133.32796103304258,119.12096787408538,23.424321283661314,27.882808072200916
133.37826085160177,118.78442219305565,24.938168175087753,27.748676169987988
133.4190764267119,118.62967030865728,25.685955933065348,28.05817993878473
133.47510899325536,118.27529846717165,25.573890799978447,28.76692362175598
134.20549330208166,117.44607958981719,24.968513627651433,29.569969931139347
134.22185307573457,116.99752978341978,24.077684893387982,30.46706954393418
135.11705901939544,116.64792160222721,23.14477091664321,31.166285906319306
135.53368337303095,116.25122822893027,22.31152220937219,31.959672652913177
135.42448541260342,115.99635411287488,21.678636748962184,32.46942088502396
135.12396847344073,115.85261680692183,21.431188978367672,32.75689549693007
135.07132530788414,115.31330641610683,21.53647530948088,32.98683316493144
134.44243665102454,115.33916177106076,21.940364571653816,32.935122455023574
134.67249438781874,115.43878612224098,22.34008266226359,32.73587375266313
134.29844653466017,116.14252047065403,23.088178368580742,32.191871627086456
133.44673415803572,116.5073535390801,23.92400740310347,31.462205490234354
133.43392703051373,116.86885840824421,24.819823519399748,30.73919575190613
134.01925100382624,117.17734640660619,25.39658125786672,30.12221975518215
136.17218645520953,117.88847536788482,25.458308680129964,29.573481497630866
138.75857077838592,118.14409650175672,25.481758407662845,29.06223922988706
140.52599866214976,117.97220448360558,25.380893829385794,28.547525468876664
141.18944861555838,118.15247271498126,24.90289426182021,28.186989006125327
142.46839896763117,118.1334664896074,24.01631586572339,28.22500145687303
145.3817689174507,118.10460288178315,23.121757137074397,28.28272867252154
145.30920953681044,118.21319960169564,22.458377075554612,28.065535232696547
145.57672164910744,118.39716557370663,21.923352850960608,27.69760328867458
146.2415755302348,118.55110160906554,21.373753644351787,27.389731217956765
148.11605557834184,118.65297771436559,20.690659509635086,27.185979007356643
148.34761448056122,118.7679325511225,20.22754170519635,26.956069333842848
148.57504472807025,118.39606622298272,19.772681210178277,26.958644200722496
148.78007274805583,118.84391541541453,19.362625170207135,26.79669378138482
148.98046375966825,118.45053807984877,18.961843146982265,26.85889071657312
149.53046807140916,118.43449565690634,18.58073669970121,26.890975562457985
149.6358228685313,118.50703942706366,18.370027105456938,26.745888022143326
149.68332662561238,118.67592941587836,18.275019591294793,26.40810804451393
149.5025140161895,118.77128537358313,17.935893662998865,26.217396129104408
149.2626452514164,119.27082691015707,17.72336822316748,25.91057602533413
148.64901325008867,119.47411589667703,17.582396159224718,25.503998052294204
148.3965296574614,119.23618930433788,17.411710497469336,25.30419838996257
147.8448451778437,119.24268305411942,17.17545002594279,25.291210890399505
147.90614109525853,119.31474570015597,17.052858191113113,25.147085598326424
147.72169498318536,119.65794603053942,16.76024758492203,25.122187767896953
147.47578397301865,119.35585226183386,16.595798307949245,25.07010400800185
147.51858092589023,119.38630407427118,16.51020440220605,25.00920038312723
147.6437417319584,118.92839413682547,16.25988279006977,25.274605063133
147.39743195080447,118.5593386080465,16.102278856162084,25.362492624475443
147.4128326533042,118.54456599895863,16.071477451162586,25.392037842651163
147.45236202514698,118.50133839535162,15.992418707477064,25.4784930498652
147.49706684634285,118.4596226793294,15.903009065085339,25.56192448190965
147.48637850421275,118.46848815959746,15.924385749345515,25.544193521373515
147.0752998357088,118.57360628944147,16.097902354883633,25.333957261685505
146.68722058869483,119.02831457349723,16.2256562694542,25.072945273031333
146.67275278390127,119.07366205424945,16.25459187904132,24.982250311526894
146.6998157811183,119.16152327934057,16.200465884607222,24.80652786134465
146.724116807636,119.28853150676106,16.15186383157185,24.55251140650368
147.06587202248204,119.08944419553804,16.10594517336051,24.313094257468975
147.39835986310553,119.52569916430159,16.074200839440138,24.073815667268494
147.7217344140767,119.92267694891959,16.056558449057142,23.908966809591846
148.00063416081,120.09280758539626,16.12509286079778,23.568705536638518
148.0825016476883,120.12013117314305,15.961357887041164,23.51405836114491
148.17577917619923,120.14616849616996,15.774802830019333,23.46198371509109
148.1983531512993,120.14454981713732,15.72965487981917,23.46522107315638
147.9398983417438,120.14593908550957,15.632335033528653,23.462442536411896
147.9455186197907,120.23304410712942,15.621094477434859,23.288232493172185
147.99749745220274,120.57339757554463,15.51713681261079,23.217289554268994
147.7050027360253,120.63496101026605,15.495156026662128,23.09416268482615
147.9725838435783,120.71571644905947,15.56474678272162,22.93265180723933
147.67734707598905,120.78286877965425,15.551744286890669,22.79834714604977
147.92657652767124,120.59941536240186,15.65452229231398,22.564017071766827
147.88396461440726,120.72086827946266,15.73974611884192,22.321111237645237
147.8862545970278,120.83023569540494,15.735166153600865,22.102376405760687
147.91371775184055,120.95651776502733,15.680239843975357,21.849812266515887
147.95453668360446,120.6773841442775,15.598601980447523,21.819054939384763
148.02784915636784,120.3804501304275,15.451977034920777,21.82570770866886
148.08620831788,120.7644917828145,15.335258711896493,21.64252538882461
148.09179980348887,120.85377068049304,15.324075740678705,21.46396759346752
148.17413601273506,120.86048669124497,15.159403322186314,21.45053557196365
148.24748579770534,120.29083469897814,15.012703752245802,21.441034727653136
148.31283124840692,120.55984112431962,14.8820128508426,21.47486067677753
148.59672508259047,120.94702596297053,14.884416114597007,21.27068193159718
148.6376502403742,120.98581381004402,14.802565799029532,21.193106237450184
148.71974392643943,121.00293189591503,14.638378426899095,21.15887006570817
148.82424982984057,121.03094910276792,14.429366620096802,21.102835652002387
149.2421388099394,120.7102581356185,14.150678162370795,21.187128083829542
149.35077564820602,120.99309992166951,13.933404485837551,21.17518046759016
148.9182781070905,120.98727042559527,13.698513977734136,21.186839459738653
149.02549981032874,120.95553396616242,13.484070571257643,21.25031237860434
148.57550192661262,120.40194660371229,13.296927936807574,21.270348701622275
148.62533737908552,120.704023123267,13.197257031861731,21.206929670975953
148.62787081726003,120.7139415091872,13.192190155512746,21.187092899135585
148.3359610871273,120.75541007630417,13.238275909550175,21.104155764901627
147.4819502890743,120.55168957379416,13.33449503141789,20.974329278508876
147.254149363765,119.94456141047769,13.253159749813113,21.114711340695138
146.98574944475024,119.96911801525806,13.252284899677775,21.065598131134376
146.93650404872145,120.61515046888644,13.350775691735356,20.847385073566603
146.68657459459382,120.11257223597109,13.315325579698087,20.78192349881229
146.40021207695884,120.43907867185456,13.354314333269171,20.662646908744243
146.34460667707006,120.5410152821001,13.465525133046683,20.458773688253164
146.04317088440968,120.93037121275569,13.537001179509057,20.21145736580042
146.03673339244574,120.99339073122974,13.549876163436934,20.085418328852313
146.06801389798702,120.77081561917524,13.48731515235437,20.00338459705609
144.77081660694435,120.83158291822335,13.457154669445314,19.881849998959865
144.8428319531781,121.10558227613765,13.313123976977813,19.856432109187956
143.52235715314652,121.19486918590964,13.355033169525665,19.677858289643968
142.33860474699026,120.61796176529197,13.133462236122636,19.796042832593127
142.91749310439988,121.10196437178905,13.007514431486252,19.859866529781797
142.9070359528013,119.8574290548985,13.028428734683441,19.775053958532713
142.64228902537968,120.39105965826315,13.044070996830992,19.735495937194734
142.63830894381934,120.88056635296917,13.052031159951671,19.78351802736524
140.8099595375676,121.11514621838985,13.10812903415793,19.828729859137784
140.75970353347327,119.63867086851744,13.208641042346557,19.685775292347657
139.18453956549467,119.92939046670445,13.265935515138668,19.619841673167837
139.24126534369552,120.70377434039887,13.152483958736997,19.617465812558294
137.3660709637783,120.56158237887996,13.308055184501297,19.388304373586095
137.37031357569242,121.86941253085267,13.29956996067304,19.33600757890613
137.17080213772968,121.15250371433791,13.18684934582392,19.234594739611737
136.9235380478275,121.18158771458967,13.17302915885643,19.17642673910822
136.67729175274107,121.20658907297891,13.158279365445203,19.126424022329715
137.44372850042947,121.22716365108977,13.144138096896489,19.085274866108023
137.21733019500593,121.49939969781663,13.091545367607628,19.046192112790237
137.80731265980916,121.2189058775647,12.919439550043556,19.10325019727289
138.0302637965799,121.57523273403562,12.975475433404117,18.892534641233134
138.81482055465065,121.36909022384953,12.905435102593842,18.80512859982827
140.49301704126714,121.41242237350325,13.029537171189538,18.718464300520832
140.4143926834706,121.48622809439831,13.186785886782605,18.57085285873069
140.3642051607817,121.83043103320915,13.287160932160429,18.38076719853705
142.03821712703612,121.7110288667519,13.418782135204609,18.122479369229698
142.01920865904006,121.78305620422914,13.456799071196738,17.978424694275212
142.5254516780789,121.87459644624732,13.431834917872184,17.795344210238845
144.03707433769986,121.66140694652591,13.351978831133156,17.731158337597837
144.32551740871864,121.83777235977553,13.263374903448927,17.866709725451912
145.06048544782126,121.86447193885465,13.260126009925035,17.813310567293676
145.03660714861854,121.91377902249738,13.307882608330495,17.71469640000821
145.00558954921067,121.9685861076776,13.369917807146226,17.60508222964779
144.57840681218153,122.00309325887744,13.25097519239996,17.536067927248084
143.94163187211598,122.51745363900056,13.073545540853644,17.474666854786793
144.49928262625042,122.56747106499884,12.917892847885991,17.37463200279023
144.50973973053001,122.43076652601408,12.896978639326806,17.172285925729355
144.8113507780405,121.9975139965995,12.766090156361571,17.094123760447165
143.9455909718537,122.03909914308908,12.621597433063851,17.010953467468006
144.25078269487614,122.04933429579646,12.476586693072244,16.990483162053238
144.4976912442523,121.89135474604065,12.445454797241478,16.843757058643256
144.3578982865016,122.36067900863493,12.26509528540447,16.824999388131555
144.38413932523116,122.62696406643241,12.212613207945363,16.749131804816166
144.19720936897286,122.16031202104338,12.13178360373429,16.77305686213886
143.5878551366858,122.13190388581503,11.989317269278711,16.82987313259555
143.41780215389647,122.13334423185694,11.877181009270222,16.826992440511717
143.04468777627721,122.11013155318311,11.72270803677631,16.87341779785939
141.55614966701998,121.85543457297254,11.56026528911908,16.934309048827394
141.8540922218429,122.26248056786258,11.4111140239617,17.01368474802439
140.30616601027643,122.09126432353058,11.388777579404419,16.91066168416123
140.36535864950744,121.82286820426148,11.27039230094235,17.00391949570837
139.0992199543955,122.05716940595693,11.144848822192872,16.97828723714639
139.40320167199206,121.9895406711947,10.977381089283426,17.11354470667084
139.48239065114655,121.94299058644599,10.819003130974462,17.206644876168262
139.51269368821497,121.9822876206147,10.758397056837643,17.128050807830846
139.53640041234365,122.00224539432966,10.710983608580259,17.088135260400932
139.54395982510997,120.96957642424326,10.6958647830476,16.97901275716709
139.59133823845036,122.292936786331,10.601107956366828,16.930338149505445
139.4085737407515,122.11582492303896,10.535944632919003,16.853869557243954
139.4195615019052,121.97616172882087,10.513969110611612,16.704738665686257
139.6221453364505,122.07356795807506,10.534661713141139,16.509926207177866
139.8176008649412,122.13870616106597,10.567042917024645,16.37964980119604
139.17156399817537,122.19962072372222,10.593470682785085,16.25782067588356
139.52513938058215,122.06313290414799,10.727312356638105,16.110300095698765
140.8751162492869,121.28403853757301,10.970920235002065,15.986453619835308
139.7932835762807,121.49791709656495,11.021162333393633,15.9813811513756
140.15468321493822,121.73431673090316,11.145242005562176,15.93202135744102
140.37797589588888,121.934912552644,11.123401190811036,15.95557426110952
140.85269487207339,122.1116724491157,11.0234427338462,16.02679421586823
140.71781158834355,121.83191162383794,10.869046973496165,16.16215353861403
140.77367262131267,122.01229309917431,10.757324907557907,16.225033580383226
141.14978775872518,121.20734622367178,10.850559327430364,16.143997941993476
141.78003569766364,122.03432472411342,10.859252108353946,16.18229248617746
140.97132396891357,121.90479085995463,11.205325269344662,16.01757678232525
141.69115081294217,121.77669362839285,11.473788717963018,15.846741961279921
142.12984891116983,120.60590435644943,11.882986113147702,15.615133321886741
142.44880571454266,121.97599059780768,12.109158451387461,15.467218674126563
142.18177084329835,122.01447463034047,12.20976024899915,15.390250609060983
142.69817895836744,122.19684387783101,12.044791570101498,15.459435889700146
142.96146491897505,121.9626342234433,11.950521780979823,15.495553066382003
143.6545255037371,121.97197602469653,11.858358672475012,15.47686946387555
144.57314890631656,122.18981034794501,11.739240195264236,15.47073289936559
144.9794314921044,122.23463321560844,11.781665009223545,15.381087164038734
145.35392505275016,122.25239239504188,11.886317738162017,15.345568805171862
145.09834080036518,122.24715233137836,13.28310994461993,17.000370443452102
145.09834080036518,122.24715233137836,13.28310994461993,17.000370443452102
145.09834080036518,122.24715233137836,13.28310994461993,17.000370443452102
145.09834080036518,122.24715233137836,13.28310994461993,17.000370443452102
145.09834080036518,122.24715233137836,13.28310994461993,17.000370443452102
145.09834080036518,122.24715233137836,13.28310994461993,17.000370443452102
145.09834080036518,122.24715233137836,13.28310994461993,17.000370443452102
145.09834080036518,122.24715233137836,13.28310994461993,17.000370443452102
145.09834080036518,122.24715233137836,13.28310994461993,17.000370443452102
145.09834080036518,122.24715233137836,13.28310994461993,17.000370443452102
