34.9,103.9,12.6,11.0
35.58077145192366,103.03443580528062,12.838536741245937,10.988248490840714
38.25771664165977,103.04900171745551,12.733834528011778,10.959116666490937
41.06310105363629,102.89256012085427,12.715899203970881,10.899144293032602
42.65923524557397,102.92486293291398,12.868167759426452,10.834538668913188
44.1395772764464,102.38576665990979,12.890902455456963,10.793949180755801
46.77003584573937,102.39601330141268,12.84672338285639,10.773455897750013
49.36444378022548,102.00524905325648,12.860488437112506,10.811758547886942
50.845170015819114,101.95767971275046,12.878572724157948,10.906897228898957
52.74015838310156,101.70612295599933,12.831120577701203,11.03575828359042
55.06586034207633,101.13768271937502,12.686801590718668,11.04586752409729
57.35114960813062,101.31939961569783,12.598455992144794,11.05595314257953
59.448900523391735,101.29779425957051,12.498389708387734,11.099163854834197
61.351920141439386,101.08293252964106,12.406867059700273,11.15743565595229
63.659971945104814,100.1139516412968,12.242294849220347,11.24059268395293
66.29845712103901,100.13041613340702,12.141476319279755,11.20766369973247
68.72117770663637,100.10897923863418,12.075218239439739,11.250537489278186
70.18013012330454,100.14287839553985,12.095532099192653,11.182739175466818
72.7622722651836,100.20464055808957,12.062478598021501,11.059214850367404
74.8028285140261,100.24227293975298,11.985756086389081,10.983950087040565
76.4679680537787,100.22252417180843,11.910251732806149,11.023447622929657
77.81044558649293,99.64592031110925,11.75294844663161,11.093376010362064
80.33549782354264,98.77735778712247,11.739304090035802,11.031765302084318
81.73397901799923,98.50758945567848,11.810791611131666,10.854189487470014
83.45807813852878,98.76456881409304,11.931086869630693,10.697080120596723
89.8642929356256,101.27125638510803,11.942454532430984,10.670737245175491
89.52480166350881,100.91333824863344,11.909492189136097,10.674628630596228
90.08293133341648,101.98655069416425,11.859800370430873,10.661338781754836
93.02824928973544,97.99514352613548,11.996311188544851,10.489778129148087
93.48380000208091,97.90516166159618,12.146948449876785,10.315828962885712
94.8259589993466,97.99027732772447,12.290234993223297,10.145597630629148
98.59517642391636,97.98877154313311,12.163044836174997,10.148609199811862
99.96939802992152,98.0318104434052,12.2226530208102,10.062531399267664
102.40925196367976,98.00831073932075,12.2504403856731,10.109530807436581
103.80188495485395,98.00225123050512,12.278948661392885,10.121649825067832
106.11396076370842,97.81179281871384,12.235426573215076,10.150210530994181
108.78027234210784,97.2669615834606,12.185010721724352,10.183431540439042
110.23131426045586,97.25155368036431,12.098176373366455,10.214247346631637
112.71003209700571,97.23605413199097,12.05562950740743,10.24524644337831
114.14809060599428,97.19643754773705,11.986756273552228,10.324479611886156
116.50467576853222,96.64588713651793,11.838070144195498,10.372237927619965
118.75560178503771,95.45233948369884,11.88073396581445,10.312286234611296
120.0234815386998,95.43837918825257,11.789921230739063,10.340206825503834
122.67096606302522,95.83976045991916,11.719736537139058,10.2340821961774
124.01004917660686,96.06528374150395,11.805822029303513,10.128567097923826
126.38615618934942,95.73819629577508,11.886000449853308,10.092400211376576
127.74603346539836,95.90983931118646,11.932872248206046,10.09494247436014
130.40398524719967,95.93268777596685,11.815859434684421,10.04924554479935
131.82290889003,95.77579236276786,11.730422324555715,10.018985099255836
134.02980550146168,95.09546295361368,11.765816049086698,10.010663318365953
135.87792184892632,94.6103914791053,11.838822451714789,9.95283196804886
137.43157729050102,94.63373836666312,11.81719935933564,9.906138192933224
139.1730482155342,94.63241367106542,11.75194447312143,9.908787584128618
141.77475352846727,94.26423492020646,11.66060906434978,9.963535056900605
143.16982061970103,94.22175702549512,11.592678258494349,10.048490846323304
145.25228068828196,93.76173492386353,11.51482426843389,9.946768512811127
146.97663785469064,92.74903074407182,11.44363230966322,9.94566344796654
148.88005067099175,92.88803042880684,11.339766683823056,10.004296806383959
148.92031495095475,93.00483755540954,12.680542013718737,11.045983734528313
148.92031495095475,93.00483755540954,12.680542013718737,11.045983734528313
148.92031495095475,93.00483755540954,12.680542013718737,11.045983734528313
148.92031495095475,93.00483755540954,12.680542013718737,11.045983734528313
148.92031495095475,93.00483755540954,12.680542013718737,11.045983734528313
148.92031495095475,93.00483755540954,12.680542013718737,11.045983734528313
149.79854846933625,98.2591356156795,12.654839415361112,11.018895148439443
162.48968521820353,92.20189827880922,12.608829525606572,11.210422241954097
165.7205428910476,91.88595252431033,12.52117373146433,11.092424391946468
168.59405092301395,91.86618386863512,12.34961981911795,11.13196170329691
169.74130000388496,91.92098446838605,12.273107864010306,11.022360503795039
171.18495159877565,91.97353115070979,12.319609106982586,10.917267139147551
173.91146180344947,92.05022952603387,12.353115062886161,10.76387038849938
175.44485388838993,90.76371635721236,12.196985917445689,10.790073579756998
177.852912714307,90.60483194119094,12.084676342504421,10.746011021269624
179.85763801997484,90.84202593607327,12.028447957773336,10.631006870287191
181.29589658765187,90.8670413159607,12.005307766224709,10.58097611051233
183.84486463852843,90.67733205610888,11.884548807565357,10.60488197713783
185.3208276640308,90.51611599450162,11.764789960622878,10.573293199844585
187.49896227038036,90.1641131622348,11.628389261941347,10.57398744537529
189.99028055461307,90.68743538672962,11.53938469249977,10.575978424747879
191.6088311933256,90.72449245149662,11.43600070228387,10.501864295213878
193.2144682123013,90.42741635146237,11.333325583650792,10.405216735433866
195.69524978959916,89.38063544402436,11.163419769429069,10.445211118721003
197.09524054089712,89.23077827544279,11.085409515178618,10.404679049840992
198.45699090678792,89.79645225071253,11.068981917561121,10.28848352461305
201.0184170021589,89.12802214115992,10.990358020555284,10.28021619872197
202.2415334539934,89.121611960367,10.888586106225016,10.293036560307794
204.2886070859588,89.10490933426281,10.796869610069093,10.326441812516187
206.80057474186137,88.26605710460358,10.762383541453389,10.340996524104858
207.9572337316324,88.31026933130198,10.775306473622233,10.252572070708048
209.43752704406722,88.35420308412102,10.794818861062307,10.164704565069973
212.0798276662358,88.55487349520732,10.790760702330605,10.093397685747727
213.52840152095285,89.2511640727451,10.853159867822232,10.01617069730583
215.79670929662717,88.98190603672835,10.916731359542009,9.897517191758109
216.57830645085892,89.34485931856054,10.991962965731403,9.826980993954892
217.09594156489973,88.88589985592424,12.037976760524844,10.982826508880066
217.09594156489973,88.88589985592424,12.037976760524844,10.982826508880066
221.64984557811255,86.6490953432602,11.885455464788757,11.106113234341393
223.35815139588664,85.90157507770613,11.727023305413997,11.153073998261366
224.70138637495214,86.20838559234856,11.56257039856333,11.2600292693423
226.72211062292607,86.19947686854299,11.474556261397954,11.27784671695345
228.40128722115614,86.23989887521888,11.340922962998668,11.197002703601658
230.36901033486333,86.10919302132325,11.309664431055873,11.10348825725916
231.9860869513999,85.96952568023686,11.252144906913799,11.029863638439613
233.4487592582562,86.17264912218337,11.13394755164982,10.974510161852661
235.01465753012047,86.06715214610607,11.13561283301588,10.83734168899675
237.60450878378037,86.11540479862256,11.146252469132046,10.74083638396377
238.98996666191482,86.1765107182958,11.132646966612509,10.6186245446173
240.54592349562697,86.22666341856707,11.10337546328818,10.518319144074747
242.24299736989352,86.28128228607358,11.113907345342955,10.409081409061738
243.6414320590533,86.15807336939378,11.028232095207155,10.316599976398374
245.88540212580827,85.62932795752587,10.909492907385971,10.365813658821407
247.76856965653383,85.46634716554074,10.828343168344947,10.356758395299824
249.14458828569394,85.15333148301987,10.745129762131228,10.315583797314932
250.85092552870896,85.13660340332501,10.648930618592786,10.34903995670465
252.0515215818419,85.00132089501406,10.562416407603875,10.288936702572663
253.57419784877155,84.52340994995183,10.47231021573548,10.259676478700163
255.84796152093568,84.74412928134313,10.495554481334194,10.144721502340898
257.01056796835286,84.43401630580976,10.445565427760418,10.114883498761731
259.2781548994915,85.12069772039735,10.44325735231242,10.036625180109223
260.7425745710919,84.52190587491197,10.416935482880149,9.944201104960621
261.90891470582665,84.51418138754873,10.328638710276847,9.959650079687089
263.3378204946337,84.51762399496305,10.346213734156281,9.952764864858471
264.43408922501453,84.54328460159547,10.391253867097344,9.901443651593606
266.18579388318483,84.5772350845033,10.40285897485289,9.83354268577796
268.593811705323,84.59355242093193,10.36660273293634,9.800908012920686
270.0288200008927,83.4899673195927,10.35469235842133,9.785106713780191
271.0084684089549,83.49809487208597,10.298178412158483,9.768851608793621
272.31193627439995,83.15578596517892,10.219152555483022,9.821491954054082
274.0763320095232,82.55688393728522,10.161797930551877,9.756955338817704
275.48044396618025,82.76022385128329,10.176558621098946,9.663940466806158
277.4839932731397,82.77868622072958,10.230955518076389,9.627015727913566
279.0271613552622,82.77528327993281,10.271497332297916,9.63382160950712
280.28638862127684,82.79024954917386,10.260477792383686,9.603889071024998
281.81165535697636,82.8323098584182,10.337763825078722,9.519768452536349
283.85066648311056,82.82327052147988,10.32420075461104,9.537847126412968
284.3572534257764,82.79023581405075,10.249207465683178,9.603916541271241
286.74725559873593,82.74773115072482,10.158298098774866,9.688925867923112
288.181039750023,82.10965807174136,10.103525503565665,9.714940600394435
289.14487516005244,81.94031381902725,10.048375662813525,9.741542275938196
289.95576419282247,81.79113425900182,9.984812027695972,9.72825850990457
292.4824438582802,82.07704655879907,9.898420425247826,9.777304876368502
292.1940543695268,81.92336374947887,11.075060741444506,10.808473977673701
288.000391572,86.92797240174608,11.127917572062413,10.755865073587254
280.0538389278599,82.83628282942709,11.168776716169996,10.668507099526446
279.6854313603843,82.71564721615714,11.2178485066745,10.565906653843054
279.32554073184633,83.62393184871107,11.251604059234792,10.464401650024433
280.164027655107,83.31475669850818,11.284271033029837,10.398895622303595
280.14902579564705,83.1841571818376,11.314274751949798,10.3186986369736
279.2882855351364,83.22059042576882,11.33282256230023,10.24583214911118
279.4531179670018,83.25879123475181,11.342871229261172,10.1694305311452
278.492204659766,83.38474866032597,12.764067029413914,11.534131683199558
279.1711679344802,82.10154932245636,12.818916512890333,11.427403399466016
278.00597865148404,82.36026867626853,12.859247642466103,11.291639264577782
278.5654627827455,82.2280554243707,12.880665108229058,11.175937192278152
277.6168967296981,82.63380794835784,12.884765934949982,11.121644656053395
278.36016747026605,82.49827579177055,12.909419341782417,11.01491024723592
279.2982807880507,82.35894741508905,12.915521016572605,10.917101338527024
278.73300974277385,83.14380516727019,12.921102478619733,10.847333338840185
278.5546182600003,82.98788402922413,12.903935707232895,10.78522587799832
278.18322467598387,82.82005407247661,12.901353958704668,10.748201333212819
278.37986290233323,83.04743111552116,12.880125358006648,10.665495099124474
278.39143157276334,83.09014909660127,12.856988017146461,10.580059136964293
278.58945969057623,83.11555601714193,12.829583437095074,10.529245295882973
278.8028302895292,83.323624078786,12.7702516072228,10.480518540628518
279.01124777854466,82.61770851355305,12.719126337257304,10.429510838832728
278.6686249453386,83.54180049146557,12.67617320641147,10.401823876152637
278.85359811569117,83.92459015193313,12.669218405195094,10.362227634195033
278.8519791590452,83.53370646733072,14.106874675515366,11.474274017636874
278.8519791590452,83.53370646733072,14.106874675515366,11.474274017636874
278.14445178829646,82.80804328784666,14.123950845565368,11.386191094770327
278.5460282722375,82.45047956190977,14.123109319102735,11.299007105224714
277.3521597747906,82.46998147146097,14.11246484878982,11.26000328612234
278.14507444686365,82.49585414103011,14.122374147612954,11.208257946984052
277.95045736992165,83.10229856880098,14.113361195550711,11.190110409280965
277.9581936573835,82.52201885612905,14.097888620627057,11.157226285357154
278.1761326433012,82.73450031911743,14.059054394706513,11.129307105295274
277.9961205442069,82.55467316681153,14.023082856441155,11.092965673453156
277.03007615041446,82.36427530741653,13.980897428672508,11.07890654917242
277.2596582822473,82.76607753319264,13.915713660179486,11.063263087965378
277.66546666500255,82.59903994962126,13.88955285996126,11.004610272461997
278.08112287873377,81.61450262023895,13.840991191649469,11.016808033350047
277.58761312987804,82.17814813968648,15.52757008349393,12.291483572792865
276.3916994291178,82.45919080314174,15.505921922266701,12.260738009777969
275.0874419981107,82.0379987558436,15.495298838169868,12.230076122337264
276.28963662304943,82.10896914118634,16.608654032751875,13.1249357985394
276.28963662304943,82.10896914118634,16.608654032751875,13.1249357985394
273.8882057406884,81.68272564567472,16.493523774208352,13.14419481496117
275.2262992993019,81.90272640883146,17.359507398031194,13.759429137377985
273.2141454408448,80.94260867333935,17.21729630192659,13.826876122916193
274.5121770055051,81.43742353558406,17.062009016760285,13.813556736088529
273.8551631298392,81.1565938457339,16.919368366508067,13.889659981927469
273.93103648960613,80.66154305536679,16.767621646974163,13.91057215307725
273.423331281315,80.88379768569061,19.152161288693193,15.682862368443375
289.198444105017,84.50145757704328,19.67392742573199,15.659824721847055
290.5908619221775,84.49723674409367,19.666784953457764,15.668266387746279
289.9533615835335,84.81181035291957,19.830653444950578,15.594685262992115
290.54162361055523,84.53495028728325,19.76789215593839,15.591524011749106
291.37816332443754,84.58534728374906,19.762420718440826,15.490730018817494
289.3329099417631,84.66188757742279,19.973892348835555,15.337649431470037
291.3100516558194,84.40811443475076,19.903822931415505,15.290308001000874
291.37163929299686,84.44255939102639,19.780647657060552,15.221418088449605
291.14847221279973,84.17631953759812,19.67693845562625,15.20385443347761
291.48407812305027,84.18714322838979,19.55390011487838,15.182207051894263
290.41765460628056,83.8981765492634,19.502982466289232,15.214199239614919
289.2329917790955,83.6437659593323,19.689574790130706,15.17733708684495
289.7477914780216,83.34216970248009,19.755844445427435,15.232595073974881
289.6753337777229,83.35403346887881,19.90075984602482,15.208867541177462
289.0656679342905,83.62414400973967,20.01674777554215,15.220318338129491
289.0084981937677,83.63531131620385,20.13108725658777,15.197983725201102
289.6131511934898,83.65104626571936,20.031792684131517,15.166513826170116
289.3543118008022,83.66346849301135,19.99649283779662,15.141669371586126
289.6904209496777,83.14000154851705,19.876309450342266,15.084533439981211
290.0154694153245,83.17005466432217,19.775482604662095,15.024427208370968
289.7321937810434,83.17507624658931,19.795282133876086,15.014384043836694
288.6804560279984,83.41704180739782,19.71119916845422,15.077342540097643
289.85130156466386,83.38051072229551,19.556046795490687,15.15040471030226
289.5917952996416,85.25962946441012,19.529603036517823,15.210361249194225
289.56648817133015,84.69747249013692,19.58021729314079,15.24261936945586
289.58290110893614,84.10933291041384,19.547391417928843,15.324245501358963
289.59646426090086,84.12777334447182,19.520265113999326,15.287364633243008
289.93632993092643,84.1143294903919,19.387671185404407,15.314252341402863
290.5822001198688,84.07278355699475,19.1870206707553,15.397344208197142
290.63976948351166,83.77079465805791,19.07188194346954,15.457504402227118
290.3690093901738,84.33090927299584,19.070377533915483,15.42332436481088
290.40771235522567,84.03366975788462,18.992971603811746,15.475355090191455
290.3846452653868,84.07056955901572,19.039105783489514,15.401555487929238
290.0533614536091,84.11332306521321,19.160057596965842,15.316048475534284
290.0285017201828,83.86036228728982,19.209777063818535,15.279883581415401
289.9846933722281,83.61596708845593,19.297393759727917,15.226411906209945
290.09493000504125,83.83625959345228,19.076920494101593,15.32856308705314
290.081398598553,83.57598588143539,19.10398330707812,15.30809634810831
288.9727038010747,83.62938121822779,19.156982302588272,15.201305674523486
289.5521453135075,84.6910251988292,19.07845560865923,15.238730375193818
290.4234949619277,84.96182887907727,18.954501550551498,15.236704760941869
289.839868790399,84.47536931376881,19.04645824420451,15.134328242154437
289.7923720639651,84.53968580742918,19.141451697072302,15.005695254833695
289.63013445638694,83.76500272843944,19.465926912228653,14.944771193934635
290.9235114076141,84.59496074150306,19.582823763331746,14.907045619941847
290.611528048801,84.05657103571352,19.664892189976218,14.900028449557439
292.6017156048414,82.6870307690458,19.485761448417453,14.923934432520042
292.3993788126855,82.67916980104346,19.349741878956458,14.939656368524748
292.16148959817366,82.96083344032695,19.286647471230904,14.915201926706953
290.20587635442257,82.94497338070853,19.43529823479835,14.946922045943772
291.87832491791426,82.90039757203677,19.332187033760103,15.036073663287315
290.22312617970573,83.69535602734064,19.40153881148499,15.066679602025616
291.0924659561989,85.04353381157034,19.28805633516278,15.078985828006337
291.11816979396946,84.24779953279771,19.236648659621718,15.049861760079231
290.34678076749395,84.5159496446965,19.162613622087765,15.052499233109975
290.0612575562019,84.50582737888838,19.195812158099084,15.072743764726214
290.3273326865674,84.50635125846352,19.202346789310724,15.071696005575951
289.5036569809115,84.55791548724068,19.23339463503196,14.968567548021642
290.64585925119803,85.12470694132284,19.09925289256365,14.910116038909704
289.1411855222074,85.35227987166286,18.901216961920127,14.989534076333795
289.106838615507,85.08800912319865,18.96991077532093,14.985252455363366
288.0204381819846,85.3668834751194,19.00748880223624,14.961309461554235
287.1351227948886,85.12831766252151,19.176143204451364,14.90444896275772
287.40792664507404,85.17131822127355,19.16618273303146,14.818447845253647
287.1420177366444,85.44094385621545,19.16390555304761,14.813291572212975
287.09296049486176,85.44056002946485,19.262020036612903,14.8140592257142
286.786662412245,85.7037411739883,19.339129152911735,14.823183985602
285.3785379527147,83.8331256932524,19.47131424246565,14.806725585764376
285.15716664760265,85.69030546225393,19.37549618232104,14.862290740341308
282.97513763516395,85.42767758634844,19.435511377041344,14.849541138382651
280.50607110585986,84.62144372900751,19.52522550378427,14.845869209109356
279.6280632988157,84.36535712948337,19.66117639246244,14.818020833020942
281.58693956964294,84.36353689158837,19.534894453529954,14.821661308810945
281.3464722837128,84.35105755564979,19.476055216566085,14.846619980688102
280.50334665474986,85.69703113642734,19.544454470237067,14.851092826224484
280.485557338796,85.16576045664415,19.580033102144746,14.832834146423428
279.69564853029317,85.13718480231351,19.537917910705275,14.88998545508472
280.901030771818,85.34001252624263,19.290893721067008,15.02526508057934
279.2187973778828,86.19843204313958,19.419157474821347,14.926527563843539
278.9411460666394,86.19137636641153,19.434741226258385,14.940638917299616
278.3965757679328,86.17082437525369,19.443508316328934,14.981742899615323
