189.5,126.9,4.0,10.0
188.33799878117276,126.63329454542297,4.0318958866770815,9.96411309281321
187.67065051623794,126.21443024214801,4.074173354848395,9.940228991564243
186.4687415320125,126.01759532571185,4.104062447793435,9.902275392526414
184.95012178489728,126.04106621894863,4.120164283782046,9.855333606052866
184.1801155334856,125.84361008656218,4.1523503878572114,9.819438328326294
183.30579547760922,125.10979740095098,4.1773440179898715,9.778873028131112
182.53629665157703,125.55878855432567,4.209159294695158,9.742137793015447
180.80150476304507,125.57881196448457,4.233261700948066,9.702090972697654
179.93180103250813,125.16525106768161,4.251164401926623,9.668460386255934
179.05428294452375,124.85963026887836,4.286069435395679,9.634652805425063
178.18119171134828,123.90896311054804,4.311126852948787,9.599721442188148
177.41239663048057,124.03290750670159,4.343197773335031,9.566906827216672
175.676386984272,124.05025545938831,4.372648327396979,9.53221092184325
174.79942001876287,123.5280789774721,4.405202853963273,9.500701757893141
174.03221567847262,124.08600864003537,4.432624921680781,9.461261441954482
173.3769198599926,123.24629320927873,4.452083662499831,9.419181775279753
171.74647225833198,123.69280000007198,4.489248826385996,9.385829537542609
170.98304320919752,123.71403784882817,4.510570402680591,9.34335384003023
170.21431026170944,122.97892231947782,4.544241842504829,9.3097904435791
169.555794567314,122.24597952983734,4.571737568448879,9.271217749538717
167.9355666689118,122.48238766544621,4.589656629141815,9.228073043135856
167.17556684037734,122.61170379209264,4.608050689009799,9.183955875157414
166.31279501115844,122.63418543358834,4.620094036321555,9.138992592166016
164.38064236635554,122.12029370268272,4.63713290724553,9.098090937676734
163.6216994065773,121.60614866471687,4.660997382282696,9.05922283895176
162.54758375810252,122.0516108716898,4.676498953967518,9.021390315111812
160.94229361339262,121.43222212863161,4.692310661180148,8.982260368345347
160.19297207104373,121.77307690179681,4.702181139391129,8.93859622479498
158.17438225266787,121.69129327359899,4.7073779865705685,8.88995386068683
156.90531632483186,121.71411689524211,4.706508658976209,8.844306617400573
156.16184710905063,121.31354080237787,4.717169438785875,8.801871573556085
154.4766268687009,121.22919728789198,4.720333225993307,8.76010380918461
153.21386732375814,121.1432906408015,4.727127920568282,8.72202340375638
151.63677295625146,120.5351365097505,4.739585492262465,8.681639200530688
150.7964799909737,121.28676439500526,4.7476417437461835,8.641846899209021
149.3329418989868,120.78554520392844,4.754084646285993,8.601201966564831
147.8720988510441,121.53384118134794,4.7619990670153545,8.561495849303874
146.31226130576,121.65490630484126,4.766549666937426,8.527040568360306
145.4771262898573,121.36299652453391,4.778873556118637,8.489130325490905
144.02079751490834,121.37610000745684,4.795036491011324,8.462923359645073
142.36097324703672,121.38939781430834,4.806211428378703,8.436327745942068
141.4259551188246,121.50776782865552,4.817065804980002,8.406163481672488
139.87236569112426,121.319032675511,4.829545618148772,8.371007248997284
138.01595730904208,120.81724024378215,4.834291442331121,8.344572406904396
136.58340065243064,121.33460803536958,4.819711125146535,8.338298834589354
135.77243281399527,120.72974917284795,4.7988290095659085,8.315903215294117
133.83033027336083,121.45047885936809,4.794378147344351,8.307106558276637
132.39308764466097,121.25802157434818,4.806420480851762,8.283100710617557
131.36529863752287,120.76564555445012,4.818915269383703,8.246311137541536
129.8332195004634,121.29258876199496,4.823463216709831,8.212294831382774
128.31712064531015,121.08766114233227,4.802471862921335,8.21505819549548
127.39667550810553,121.19912285850475,4.814276117052563,8.195366543181418
125.87596660820344,121.20341665720913,4.808606766260315,8.186778945772648
123.63882594322666,121.01465239620816,4.818742345824607,8.158476035921046
122.12232980301927,120.91639049404584,4.811734615199755,8.152333172843031
121.31675807878393,121.93637631069613,4.803222472571093,8.13693102841663
120.30224452745607,120.93890044162106,4.811407283050004,8.111040474389975
118.47914485244576,122.06435997544791,4.8245267344101945,8.080336900362084
116.95541619292852,121.06854859469387,4.847942831827821,8.055932180792286
115.1303786559301,120.78179345516686,4.868595424100985,8.024538712892374
113.91098306709667,121.802495629542,4.889205753019786,7.99828507143214
111.98445624460905,122.41258437902853,4.914315950896755,7.986931818911157
112.30970875587572,121.8028528087265,5.4266982648576825,8.86622355596232
109.35618737689909,121.49794135872368,5.433157699535162,8.820861789750301
106.79427153308376,121.51108326017209,5.430699168210593,8.794577986853474
106.14043956977054,122.06245101505252,5.403670717550754,8.804086124831166
105.26599205309738,122.16924020511692,5.375474708424568,8.812644125011415
103.50962676412281,121.05264605368676,5.339569197312962,8.827934872208775
101.52039644049988,121.29687905321151,5.332594668600463,8.782295003821302
99.87297985473151,121.30822042069582,5.318190611709841,8.759612268852692
98.99726259206606,121.54591828025906,5.309342041592821,8.724287323588193
98.00699288867197,122.33548581172921,5.315640327444599,8.680673132487305
96.26233079199785,121.47796528600968,5.303908363479909,8.645186105269875
95.2757066893502,121.49921013141797,5.3143501758163625,8.602696414453316
93.64935059710675,120.85207695958027,5.302593881642754,8.591175366664492
92.2327429185886,121.0840510094096,5.31140519926798,8.561750965376758
91.37045347955076,121.30818701159461,5.300218814511645,8.54742027671471
88.99214900364377,120.88463542455032,5.292310921755658,8.528247660881481
88.45638944837937,120.78991728799772,5.28308008573519,8.501533944676828
87.60748821796236,121.43368001391116,5.256112710425199,8.507585869957971
86.64615564089148,121.44173046877268,5.241673538565978,8.49148496023495
85.25646632326499,121.5552344889445,5.229288794461,8.479227949072659
83.55486947096607,120.58367857196457,5.2027209022954075,8.493098884853094
82.8000591549925,120.81625530094036,5.213498463887674,8.456186304145756
82.04732968065136,120.83415374524304,5.222700089762019,8.420389415540377
80.5515534099974,120.74787432101971,5.227053743265279,8.379576914858157
80.43600228326869,120.44897825482724,5.245321017635999,8.338864109983033
79.69906198293869,119.93083735845498,5.231471689936444,8.312481668185033
79.58706825393367,119.95211179370173,5.243552711019397,8.269932797691528
78.84915997048914,120.07200738305522,5.239062461223058,8.241614021368164
79.05279901224571,119.45627643204813,5.2537314917698446,8.20723458120255
78.52501182120189,118.83787234690261,5.255784892923161,8.179817574372374
78.64070670080544,118.42082588946604,5.234723004198176,8.172599007317173
78.65116513330194,117.58557763948751,5.2138061392051585,8.164152654229706
78.76811746840319,117.69269314298387,5.189293235158692,8.159313413392985
77.9488368377416,117.78291964441482,5.791482690336229,9.025730062565403
77.9488368377416,117.78291964441482,5.791482690336229,9.025730062565403
77.9488368377416,117.78291964441482,5.791482690336229,9.025730062565403
77.9488368377416,117.78291964441482,5.791482690336229,9.025730062565403
77.9488368377416,117.78291964441482,5.791482690336229,9.025730062565403
77.9488368377416,117.78291964441482,5.791482690336229,9.025730062565403
77.9488368377416,117.78291964441482,5.791482690336229,9.025730062565403
77.9488368377416,117.78291964441482,5.791482690336229,9.025730062565403
77.9488368377416,117.78291964441482,5.791482690336229,9.025730062565403
77.9488368377416,117.78291964441482,5.791482690336229,9.025730062565403
