155.7,128.7,6.4,12.6
155.51385933288148,128.31408914399105,6.36268761567307,12.667024852735866
156.70384790376718,128.29209859377616,6.347035115121635,12.711005953165706
157.76088310936797,128.28934714166746,6.304361361185748,12.716508857383047
158.81212425322602,128.27296818005615,6.268667379413763,12.749266780605694
159.11943253669912,128.42799176439843,6.244282560251189,12.734335485812938
159.1253987932814,128.59441818328003,6.232350047086658,12.695957255591354
160.3103934974512,128.4267020725546,6.212013422676497,12.737682879051036
161.35620359431684,127.82982462479062,6.17813735465938,12.755583988456605
161.78788487389394,127.97530498415257,6.1956841106730245,12.758259708121972
161.77995887518858,128.232463122737,6.21153610808374,12.83190426890966
163.13062945469198,128.23403250368435,6.168177148283353,12.828765507014978
163.1178793492636,128.25849447538684,6.193677359140088,12.779841563609994
164.14170371183081,128.28580080000364,6.205853786140281,12.725228914376356
165.30715507097966,127.86215673572457,6.224347369950583,12.69149342964403
166.3060107753972,127.87865493068526,6.281153560784533,12.658497039722652
166.8565242325236,127.92327691387823,6.356145501853574,12.56925307333671
166.9707090988744,127.91437997098255,6.421770907714189,12.58704695912805
167.2507446199833,127.78896175842102,6.4524777743067805,12.54249442984597
168.26595540241507,127.50404967406294,6.488910067701838,12.521788924773944
169.17235364334505,127.61757463194952,6.449643979050581,12.590327407868887
169.50130435167415,127.73171107622903,6.38357823604935,12.657972356138373
170.54657617875822,126.8034339599098,6.363418258771583,12.739912008585128
171.1536317922401,126.92677744890493,6.335788948340339,12.78984550972799
171.14638447544405,127.07800749438623,6.35028358193247,12.784258235604426
172.16576613192203,127.1938511022283,6.390815260082833,12.849613161506943
172.43852064977253,127.17340227361123,6.442706978894815,12.890510818741076
173.4733371195862,127.0061362905439,6.474454480314495,12.924845579011842
174.20354846319947,126.5342865275998,6.5202776122045965,12.964797613430092
174.65934110766557,126.51730350772607,6.5165723859895195,12.998763653177551
174.66895496143988,126.34116337014642,6.497344678440853,13.04798385778142
174.8449417601988,126.00531871488586,6.448818995986732,13.112777338175116
175.93028902917737,125.70574998133337,6.403008648854678,13.104805036472918
176.2352236262804,125.84891983127977,6.398426492848146,13.121108855679903
177.47375058304027,126.30157998454827,6.343790115699622,13.124195125282107
177.4871517203882,126.28171268098163,6.316987841003738,13.163929732415387
177.50329522559204,125.55955047062899,6.284700830596089,13.098195300986033
178.6958976884781,125.39001646839921,6.303421801168899,13.136772568402483
179.75440910490101,125.63308756171283,6.296054948959135,13.253389233385544
179.7640912301071,125.59345645495598,6.276690698546925,13.332651446899225
179.93189431447075,125.41821345114865,6.244854078504735,13.379367905828842
181.0265178263491,125.24744214159291,6.182865556719277,13.41701645323011
181.0356070840519,125.11853609659234,6.164687041313677,13.37147054552307
181.36307538071554,124.97802527049656,6.114505221780005,13.350114810817816
181.3884418343287,125.11109735204612,6.063772314553699,13.385158871187482
182.3279187918304,125.11378746242299,5.9896670962388345,13.379778650433733
182.3442024308394,124.93721400400372,5.957099818220859,13.433496722357583
182.66769572933998,124.79948333054855,5.909384158218602,13.409322600768448
183.70451562342646,124.62137142634823,5.9248593725117,13.467101408816843
184.30569611650773,124.17500181971113,5.9207185543703105,13.461175496075201
