255.70000000000002,75.5,51.2,20.0
255.6653014384469,74.8232748697796,50.269397123106195,20.353450260440823
259.4383185683326,74.73768845343693,49.244995987824424,20.524623093126152
263.510212811973,74.20226416147335,48.62767358274512,20.52026223673878
267.1127142797121,73.13094601287706,47.81996791468198,20.53046611145964
268.20036605227847,73.14023749230654,47.7541018971887,20.511883152600692
272.0283357170024,73.15149405658734,47.47222425851449,20.489370024039097
275.95309908416186,73.14957521129797,46.96542260454359,20.493207714617814
279.4030655281727,76.35680734451557,46.31563327517297,20.32888700683369
282.16421740595143,69.14345956672216,45.94022876849124,20.344264665568616
285.08209859160525,65.11558556634931,45.22551081669013,20.206341595103975
281.3725041063497,54.50323646296597,44.55337397665547,20.191309549188276
281.5529944971281,49.099042757803986,44.1923931950987,19.98436738572949
281.7185008743513,45.748860689288506,43.8613804406523,19.73709473736225
281.9778386025949,41.74367608213922,43.34270498416517,19.880485548308904
281.71547711453104,38.35418405517383,42.889076780990116,19.811011347120235
281.0242340558837,39.80705950023557,42.330487398316535,19.816873706949004
281.0866544962566,40.338771212018045,42.2056465175708,19.715960227885226
281.2436584494423,43.696398733664864,41.89163861119934,19.71321203680374
281.80715462124573,47.54911501441002,41.71895449372951,19.6422452844095
282.4815646910979,50.93948526639535,41.32068840058585,19.515383106363807
282.5840313751279,51.52385337244542,41.115755032525854,19.289184637616817
282.7067478678177,53.475072652519486,40.87032204714621,19.12916598446146
282.8375820282413,53.95664286577599,40.6086537262991,19.095262052655904
283.46028575345565,54.47592220698406,40.28807965114886,18.981536745518337
284.6118556541715,53.20842912033431,39.82129679151619,18.761987506119468
287.0890095822314,56.85411415016915,39.40472318606846,18.730992247525283
288.02134620148246,60.48996864297383,39.34191948494797,18.66676141144221
289.5405349594984,60.968207704715454,39.000241139156756,18.609183011372522
289.636741688146,61.01448525774441,38.80782768186151,18.51662790531461
292.56034473713083,60.63368944260655,38.29159798782253,18.38972346826852
292.64193543825377,60.65503056855411,38.12841658557674,18.34704121637341
294.97951517897474,60.70631121148263,37.831416357652486,18.24447993051637
295.85759681735624,59.11938795261699,37.814279078479935,17.94027445306693
297.1919974427348,57.08805851803659,37.737377819825625,17.683100002056225
297.7446964117237,56.732821247025,37.490339459003366,17.535214966923853
297.76628411583806,56.81650423078409,37.44716405077459,17.367848999405687
297.5752752167876,59.80386532963635,36.9805556699355,17.333510054281813
297.273871181363,62.42710041651533,36.74213046941381,17.1344395087487
296.8912344166963,62.47936137629921,36.67311951198581,17.02991758918094
297.33064903350305,59.620680044635414,36.62574344304415,16.927108099805267
299.20278344333144,59.64743276544312,36.19733780298337,16.873602658189856
299.60764893370873,63.411288550279714,36.209402577715096,16.74205288789365
299.618041714527,63.95863741749774,36.18861701607857,16.467026533821358
302.6666267903063,66.83313013031191,35.79331508390764,16.419909327580577
302.7656530131057,69.70948706999776,35.59526263830875,16.32306409352202
305.7621785337596,72.52365200349212,35.22605069544438,16.318573324976725
306.2334091367379,72.96726050501347,35.081546315299214,16.229313147745465
306.66912231558274,75.41592915950166,35.0044130475955,16.097734378684702
307.5581650186544,76.20356028149811,34.808064768794594,16.10420926203423
308.0085259743153,79.03977579021193,34.6954686809727,15.948659009106336
308.10288036795265,79.45751875089374,34.506759893697975,15.896939017401065
309.2809413494582,79.51814595649884,34.49098634814359,15.775684606190847
309.82610525575404,78.40025276431136,34.1784220017972,15.678180591829591
312.9814431402491,78.4156968061247,34.03983815985925,15.647292508202932
314.59623009691154,81.11710873863487,33.88608630531321,15.6271572460455
317.8184141684532,84.20826354214896,33.57265368576572,15.575783162553156
320.67857623642954,86.8794835612234,33.17868661398052,15.559700188571664
321.27974652167865,92.51986802845457,32.731237616975,15.602304856499973
321.375139737694,95.54602392394719,32.54045118494434,15.542900183866848
321.1172266303299,98.58181451965015,32.310981199891984,15.433688590704387
320.82663458789807,95.68162290675049,32.152117924550886,15.313692934865587
321.72794553035675,92.76841762141025,31.820776920482466,15.254979982150683
320.7105104777847,88.11387282417017,31.66629202930201,15.076864592557836
319.41972699009614,84.48155070434939,31.350138762575032,15.097208226939394
317.1064117169548,79.14615620177926,30.935566058963374,14.965418839448839
313.3201168291033,73.47481542027501,30.678044842086493,14.918848049613915
310.9789161221479,70.72180879689124,30.40963883401076,14.766795671253899
307.9236899575384,68.36108268604686,30.213823784516,14.583373265054167
303.5300862099621,66.33118496432039,29.9705934464266,14.475274323933963
299.83729502385967,66.35849774472658,29.77477052525881,14.420648763121584
295.73322833431826,64.04683011126968,29.75798450481419,14.246114380311056
293.4551993492219,65.78555422946992,29.539138997415883,14.17931148504702
291.4455090509227,65.79555854922349,29.49187940358609,14.159302845539884
290.82121464782256,65.78354323847982,29.386997053960865,14.183333467027218
290.9572745343295,68.17212729770853,29.11487728094695,14.135525140842542
291.0366270241366,68.22096137977728,28.95617230133277,14.037856976705033
290.74411747064147,68.2706732670808,28.874387783298772,13.938433202097999
290.12190028446634,70.0026855200155,28.791059697159668,13.793814842451955
288.21290972827813,70.03015733550974,28.64814574022308,13.738871211463477
286.7110393408709,67.75113573391981,28.366347800715577,13.697160214592774
284.45404725461447,65.17553897837738,28.31444614122281,13.630198489099643
284.52331073107126,65.18000200804592,28.175919188309184,13.621272429762575
284.86327991660636,65.5268085542342,28.14415069972582,13.575829219872876
286.57023236634603,65.87957508079336,27.96482565414026,13.51721213753329
286.3503336329243,66.23028440754919,27.761344258994612,13.459072346010723
286.43013251497723,66.92415512105191,27.601746494888715,13.349925224182568
286.7873629536483,66.89464247779804,27.522355289747612,13.408950510690282
287.16973783961106,66.89671014893752,27.3925412179316,13.404815168411359
287.67157757808013,66.58176053795225,27.021828819904158,13.40174731147118
288.1963068717063,66.573049294475,26.59986335837883,13.419169798425674
288.87922119588194,66.91220858305843,26.47726787907893,13.3624678057845
289.34547806240016,66.89117769934653,26.16359468841887,13.404529573208283
289.6566778776656,66.9218743130236,26.15616285038566,13.34313634585417
290.3868278572924,66.94148113029581,25.923462593455636,13.303922711309735
290.7350660929175,66.97013120437579,25.836696245670215,13.246622563149774
291.152174109753,66.96009772598512,25.609929437382164,13.266689519931091
291.57868962172074,66.72108770702287,25.361364936673134,13.140243034629062
291.3812202948352,65.84701729810504,25.157663997428354,13.092465073417225
292.4016804370926,67.65105703066077,24.90122021635827,13.053338615195221
292.5099364574645,69.47168486240712,24.684708175614432,12.954388903485519
292.32101379613437,68.08986487369215,24.477052460356298,12.790523691323422
291.5533102599768,66.96971752489004,24.27356331807647,12.712290102801122
289.6529936838614,66.6998504643821,24.047121443308306,12.676727791388604
289.0594612790475,65.63623526239391,24.09147382448833,12.518533338469494
289.4234267348992,65.64175586264587,23.93283139506363,12.507492137965572
289.9130033435692,65.63074038371361,23.520445999241822,12.52952309583008
289.75346330166843,65.6755804297744,23.278445096847417,12.43984300370851
288.2685802747001,64.36478237949301,23.468307447787335,12.281535401274533
287.74678545033794,64.37354834306691,23.399784850494044,12.264003474126735
287.92676651372466,64.42645953037552,23.59457032799194,12.158181099509513
287.70258622163203,65.01753624932432,23.487143303393673,12.087602879179043
288.90877915342327,67.24310561919208,23.286736671563403,12.060422602948064
288.00631725802185,67.27313613424143,23.442906450905134,12.00036157284936
288.0706961180197,67.55368586101424,23.314148730909437,11.990103924856044
288.1589532707849,69.46792796570428,23.137634425379115,12.003050312929789
287.89022255329354,69.48929442289548,23.12868841447943,11.960317398547378
287.16191383011,69.8036918474805,22.948684778847237,11.877062910043765
285.1564304262387,70.10915891728506,23.16940473123649,11.807592606913692
285.45162893860163,70.69924028343893,23.122512782635777,11.714440026856199
285.49212734266007,70.74339104704727,23.041515974518923,11.62613849963952
284.43645198613217,71.03139083375882,22.998878082775317,11.588636077416291
285.0173627015051,72.93374492823085,22.91150537447532,11.544498417032395
284.767401163399,72.96947438137921,22.87624694760695,11.473039510735681
284.74198724086875,73.01228303222463,22.92707479266743,11.38742220904484
285.424199955934,73.86190162923434,22.62803310967013,11.28626063572519
285.5019243068089,73.88394623557534,22.47258440792031,11.242171423043201
284.9656290521304,73.89894875187733,22.498124213784575,11.21216639043923
285.00511771651645,73.92959959989932,22.41914688501239,11.150864694395235
282.9520891659743,71.91166108737106,22.355901526657952,11.017439260013012
281.5571973828226,71.68890938643308,22.03813002531752,10.94501681728167
279.4529076206077,71.4922939599363,22.15052831677911,10.82622501615417
278.9783429453318,71.0071020130029,22.076444521105852,10.773395763795943
277.99362874964305,71.06272491680174,22.007445108215105,10.662149956198276
277.98409546925757,71.11796481407204,22.02651166898601,10.551670161657675
278.0714547570715,71.39480479435514,21.851793093358175,10.503013620201733
278.1770631397929,71.67640860443245,21.6405763279154,10.441433290243726
278.1422265878463,71.71531304916323,21.71024943180854,10.363624400782182
277.5638825635475,72.01720243665909,21.872665631452588,10.25698155026723
276.5173715699985,72.29205530787779,21.975113315033727,10.204919383709065
276.54367580756434,72.31542148943937,21.922504839902032,10.158187020585896
274.2588194974981,72.08289532353953,22.022431990700866,10.126596522459648
272.3165324500971,70.3954608274138,21.92665669200677,10.018659795401991
270.1118410849994,70.4325822658274,21.887692851647948,9.944416918574772
268.36900857210253,68.46541468980253,21.926606443467875,9.939607574654502
266.68172831286347,67.01730967492918,21.851048756383857,9.87857342820508
266.73883517245116,66.54456147855132,21.736835037208444,9.84265842002762
265.3068431508098,66.55923992954419,21.670319199375978,9.813301518041879
263.817160323734,66.60014332446589,21.728072224170415,9.731494728198461
262.5965898547124,66.61145653871324,21.73752524787188,9.708868299703752
261.3858159549575,66.64191483610551,21.72868755563205,9.647951704919212
260.46790268543003,66.6687103111137,21.625003570981807,9.594360754902837
260.5570183991853,67.16099814978232,21.446772143471236,9.574647120683512
262.50317699125264,68.35320437569243,21.390446036399325,9.587729092027512
263.89185672048353,69.80595268774451,21.48655505733602,9.555700947321808
263.8612793152828,70.08678739227612,21.54770986773742,9.473774411168831
263.9902870478532,70.56153301109053,21.28969440259662,9.482657966832507
264.6122632804307,72.45123570645995,20.996947101135603,9.50807323086934
265.6998556592763,72.4798254618992,21.180759785201126,9.450893719990853
265.9394408459744,72.25466753196775,21.175053070461008,9.427745921197683
266.743302204298,72.50887131062217,20.98625189295911,9.392312210270596
268.43578433891764,72.28955262891817,20.88856849600049,9.361338020495664
270.44445116145573,73.50287359872075,21.08008134481048,9.272944133049393
270.66635577893726,73.0667533107073,21.10514420323654,9.207440522297949
270.608163141168,73.80206197099491,21.221529478775132,9.14106516459307
271.00795511786407,74.52949793087915,21.359133491383737,9.091975193825844
273.0910039673346,75.4861751887164,21.42048294341645,9.057486078584086
274.6563382260408,76.22118239234501,21.579762064465,8.997449230667248
275.12097883958614,77.88924560367063,21.592938199998635,8.959923577201225
275.9136396051674,78.12609155141865,21.419874625458025,8.956984333912526
276.14677247280315,79.05189062521583,21.421811043141354,8.978194798137004
276.6365556810155,79.55022230603738,21.37945731330442,8.918744123081657
275.2255583166345,79.78467777487135,21.39981164452194,8.916773251671152
275.63404157209635,81.2017396225992,21.517243011391447,8.885843189595017
275.60405912996526,81.46945992584708,21.57720789565365,8.818746917769277
275.566091421952,82.23702364506246,21.653143311680093,8.687667141831142
275.1825450632145,82.00790478508314,21.486687788390064,8.679130741407237
274.83224026649935,82.23343564638354,21.258848025955626,8.692293696738794
275.96313941086044,82.2187753388366,21.302928487137937,8.72161431183269
275.6389164595587,83.41846912889547,21.489041363861407,8.633891861115517
275.8825027362952,83.41092749012753,21.465320665515108,8.648975138651402
275.5004910834004,83.38780493761011,21.3025854254532,8.695220243686235
275.5313825891329,83.40595625062791,21.240802413988213,8.658917617650639
275.38953040561154,83.38135293762967,21.0641852470824,8.708124243647129
275.8155574793085,84.97977370674302,21.12943053585736,8.721830732011766
275.8317218706242,84.95069215053287,21.097101753226,8.779993844432049
276.29362659094073,85.4177513282564,21.094094704998728,8.76667788139072
276.04294406200984,85.45289880321917,21.135338383152078,8.696382931465196
276.22472222420896,85.48066871220192,21.231249518087534,8.640843113499706
276.03748261504313,85.48260136293374,21.14586671147638,8.636977812036061
276.0644055149272,85.50188806611143,21.092020911708225,8.59840440568066
274.8660054480465,85.5162355588332,21.20332270845305,8.569709420237139
274.4716898360006,85.2817669878543,21.07556928387861,8.580454237861854
273.1660723517516,84.12804108652082,20.94754658401226,8.605191316891826
272.9337679918646,82.3064738496142,20.957017881082198,8.607226409072661
271.38792274156276,82.31353284418095,20.861536929729866,8.593108419939178
271.3369193273213,82.31743273628662,20.963543758212698,8.585308635727845
269.78219766012404,81.63431001582033,20.88788609054687,8.586510790063128
269.23545764560737,81.42454868359489,21.07347654010005,8.552088664773942
267.6995926199891,80.2755164247996,20.953153504473708,8.570115263176755
267.08701963799325,80.05073302086281,20.814516630609496,8.565087791765057
266.8307482508653,79.8362799909742,20.87455374878133,8.541488195458186
265.29712278107604,78.47937297855498,20.771143079686237,8.537592270004993
265.51441043511267,79.39930398572713,20.787958943509707,8.503294943247749
264.174012877414,79.4226979681788,20.76261280193705,8.456506978344406
262.786795030192,78.29673327345546,20.838096459528074,8.459309670413624
263.28073918340095,78.30352849926018,20.752134318031143,8.445719218804191
262.71678936607896,78.0596427360324,20.5315872773279,8.484008520144029
263.50237434291995,78.50601857025512,20.301366491531084,8.485222963621963
263.36196374370655,78.08114796125662,20.138505963955037,8.447600729613331
263.3349013071898,78.10901095971579,20.192630836988556,8.391874732694994
263.0867885582652,78.15000055225272,20.248401180045953,8.309895547621139
262.83860381161776,78.18818355487754,20.30496778409607,8.233529542371496
262.897676639889,77.97734499659431,20.186822127553576,8.215947811406473
262.975139985891,77.55118383711672,20.031895435549565,8.193783837371916
262.840658479835,77.33437173516728,19.86624309185895,8.19279268546805
