198.1,94.5,53.8,18.6
190.76876355994688,94.78499571751384,55.29695801227164,18.13596446204818
205.14002334437245,92.67316752005637,53.40547278958047,17.884448465936458
209.0465918447018,92.73979129006295,53.20328034354713,17.75120092592329
215.19974207480482,92.6757301898793,52.79856901071868,17.879323126290593
220.97647647891935,92.7054579925144,52.03051987633569,17.819867521020385
225.47820397407025,84.74194542449267,51.5591705206661,17.749194592128504
238.64676659474412,79.64146866723455,50.62618090434441,17.36509159621718
239.92900782629093,75.6250749820679,50.13810804408507,17.092240555213323
240.5996867683853,75.80656973141299,49.82302321806425,16.729251056523147
246.53822330266647,74.54551811405489,49.11267150368671,16.205884831007154
253.57667851119325,70.6823566655086,48.97233949788354,15.968448635956674
261.4431253776942,70.82009035811575,49.065378211564074,15.692981250742381
270.0206732574692,70.48853593942461,48.661757469039074,15.370709204770243
273.97471499468253,68.24707015260454,48.54341723371242,14.985051253972948
274.78679304975697,68.33470253396747,47.88418316349303,14.809786491247081
271.24931417207404,74.72541385001783,47.34042111179994,14.408783545617208
263.6582180592191,73.00095433489633,46.58990038161265,14.10882893917853
256.4404112341722,73.04528968734796,46.28895186834233,14.020158234275266
255.94425301831296,73.03873615834287,45.45100554831231,14.033265292285437
258.82120977078654,76.25569366199704,45.118120705402276,13.923883724020346
259.8608957725101,76.22062222696862,44.832279607705814,13.994026594077217
263.17220498756103,77.70720463956314,44.46772475123572,13.702889014730367
266.13365743713206,77.71727490248767,43.845600117730115,13.682748488881316
269.4615824354613,77.73419169821909,43.309659117009794,13.648914897418466
274.0214533167731,77.81768173261906,42.85038862246455,13.481934828618522
283.730490293112,77.9048391768858,42.27428521622443,13.307619940085065
292.3290725855082,78.77129037459224,41.978452885277235,13.264850770056679
295.4325447431414,78.72956486439058,41.65207611464164,13.348301790460006
293.3518053377091,79.24120008532125,41.628631734360724,13.162015986827795
285.5138378077057,79.28075458911097,41.47334152754884,13.082906979248339
272.26168617702734,78.99009971223023,41.43168935719809,12.834655625768972
260.08564521378287,76.19295050238738,41.052091967684134,12.65822887172066
253.74185820757216,77.49873610494716,40.687683614761745,12.493904360103064
248.19037864715403,77.90775854881652,40.48498664572027,12.483406335927043
240.70122898983482,77.19404108616024,40.17815297719224,12.301879894590492
235.93215881033322,77.3029353202908,40.15498087591793,12.08409142632938
233.64364134046934,79.76043650200894,39.97753485911748,11.923570019421279
232.68532749784396,79.76264306336228,39.533390481902,11.919156896714618
234.84737873569486,82.87153687464162,39.11207483624386,11.945828202225668
237.72026364540932,85.98114184309952,38.79190762002954,11.927306954697928
234.28231500403575,88.77110681927559,38.73593402560789,11.738832129032668
231.31370304248267,88.84751503435379,38.5457481799055,11.586015698876261
228.46841479954944,88.84469892965758,38.153115399906824,11.59164790826867
221.79728248208318,86.61949266695869,37.90632525062293,11.512375505594303
219.54413705984962,88.59276824901728,37.91270814027784,11.315747637153887
218.57405836639032,90.10721912392043,37.61357953194987,11.272560547676354
219.79236039696812,93.10636809295019,37.40116019050886,11.205421862189075
220.96232829173852,95.75220731954694,37.27265462917943,11.073747274822157
221.36787656786737,98.33219680627498,37.19443885784947,11.043933767860521
221.49827060240884,98.67217671029591,36.93365078876658,11.095194654105846
219.41533597413886,99.46947455843866,36.72862312350377,10.957564598421264
219.4615577076704,100.59032150321562,36.63617965644066,10.884953867100467
221.31129852808988,100.9676161681704,36.5385560965436,10.850736153379316
223.96057344000508,101.35774908806995,36.26849281817809,10.788825534360887
226.95928687146912,101.65254890719032,35.978149578768615,10.912611349059976
229.92382123478868,103.5085918418616,35.74166384985216,10.758389853294066
234.2687531355208,106.69869378578468,35.516199474349165,10.726485534918854
237.12186686980115,107.41835975333187,35.422642454442766,10.690321211988056
244.59802920041528,110.16681296058903,35.16168852444311,10.790127456989387
251.64411618345537,115.41461414420841,35.024353971154255,10.76065464934408
256.62190809542193,115.04392046592956,34.80228568582853,10.806790896001237
260.17272174564494,117.8264455642161,34.63022516515663,10.785394123247457
264.74904477542964,118.11418137709073,34.449168209590134,10.900044736267628
269.3055932297316,118.43494925785508,34.30176361480689,10.948177614263585
272.1685374083269,120.14666332909579,34.08357721152629,10.967063192975965
274.39884567118526,120.39456186947768,33.73723173908595,11.156977954424896
272.06562966037177,122.83586651625819,33.61374699914635,11.06428542243049
270.13449072403915,123.47516881289161,33.39111017165509,11.147319062549165
275.0034029904407,126.16254379099016,33.1616951457961,11.205945967462991
278.12597021405384,128.20972267621357,33.00935750234657,11.173452732867311
282.55196006025596,130.2526999245008,32.92216282042456,11.132783625746214
284.66023269678783,131.89961947277757,32.7389951108436,11.200092498761581
285.1436725579191,132.85429069541354,32.44296347871037,11.303294323877465
288.18813462658596,135.91816551967003,32.37059341953668,11.192098753524672
292.9155007328734,139.94041132791094,32.2321615092649,11.133007396159702
292.7389247531007,143.15029183098184,31.922913692631464,11.337244151805276
296.74443369908914,145.798934266729,31.852274857748764,11.333545318373707
302.12380021460575,148.76327471965396,31.663494428125166,11.350462750816682
306.51262762045644,150.7135502549043,31.442844100942484,11.399298365478455
310.2354175413877,153.3604801831094,31.212829477806807,11.35312230450603
315.1889278246213,156.28947563536798,31.0833342652116,11.361646612312166
311.7883763784319,151.25871918194676,30.732937886047367,11.671115057959462
314.0966304319037,146.03699592654556,30.67128773997723,11.703457658193772
317.12861434360366,143.70666792095273,30.460836461007773,11.811378579266915
319.2036227771407,135.49419730988672,30.20665550623525,12.00367016680883
320.3029420040613,133.5066012823707,29.955295999929522,12.084304326770019
320.367492781479,132.1666298548934,29.82619444509415,12.176593125648674
315.2909568426016,131.7987959922068,29.632109662008876,12.26556355971934
315.3968160900297,134.93733967262196,29.420391167152708,12.443278669429638
309.3638888872106,125.12832470196952,29.220312528834835,12.694045909751127
312.0027494606266,127.96510837923633,29.119508068549635,12.844509827582819
310.78965475471654,129.2110261926335,28.952471544040208,12.945900137117983
310.53139234426766,129.53104402262224,28.8213288276306,12.953532014447894
308.97704100231346,129.8653411876433,28.700540400418177,12.930835906629898
309.9355169773214,131.78895582508065,28.714826601093712,12.946082933138117
314.80472326069713,134.6963978510563,28.639731514937562,12.929189369543995
319.6995747885917,136.9410182789255,28.492540910221642,12.939787657639835
322.0228436234536,139.53108029245445,28.332178366503648,12.886720917445663
