283.7,94.7,31.4,11.2
288.6692810397003,91.70902007980776,31.54098951409477,10.968053208151334
294.22840003584287,90.88389786123969,31.464905861777915,10.669682173528377
303.95799228140186,86.11783141090226,31.296204135925507,10.556573691570458
308.82364644699965,86.18557731632892,31.143110041587615,10.421081880717129
314.94810317195396,85.6064617741747,30.93813158977768,10.311530333646786
322.1755201082173,82.23705267523829,30.9496040452333,10.13168028770196
329.76152325632745,79.81366972511223,30.79771529029305,9.971740340860745
334.7735173304394,79.56522256594099,30.705628200813063,9.847890843031774
337.62042220171486,79.60309700729839,30.56625331188006,9.772141960316954
342.01145966004,79.63776126988851,30.377195699203124,9.702813435136711
343.94167683599954,79.37619582602345,30.175723728799408,9.616117259280909
344.3056157468685,72.16683728285008,30.05321716844435,9.50592407244041
344.6862017957553,69.82464863106544,29.893648286045266,9.377475653013521
339.96088172976863,66.5823764095704,29.792744881739804,9.295333914811929
333.51139701776003,60.70984893994195,29.62316789438725,9.159892116459934
330.6841789608055,57.78834286535462,29.386410173919487,9.111710431257794
330.7715575650195,55.479891465559675,29.211652965491396,9.049626248330782
330.2812959818642,57.802305270496156,29.02967754242917,9.054792995949779
330.14696750838925,69.10519921847056,28.71956960844001,9.020835456622814
331.05621686254784,70.57201071420519,28.62229207698075,8.955914426583455
333.9805266630889,72.00642098682019,28.485303528755765,8.942909407781976
334.3588993829635,74.33284196163396,28.297538374887132,8.84190974519987
332.74702754460435,77.17789943379368,28.13455825644035,8.79633445948905
333.4077833303623,79.4022560373661,27.93565010531477,8.838034933905426
335.11870966777917,79.38567023384032,27.869291320037167,8.871206540956978
335.1998081089652,81.63992495009434,27.70709443766506,8.83404199222971
336.6771521982016,81.92099930264679,27.532063886400564,8.827824812566464
338.6746376734606,79.99565789568548,27.41041689152932,8.80518367084236
339.86940637945514,77.52234504948191,27.22563182878435,8.791116577450309
341.3401594921099,76.73486079778402,27.025649753132157,8.721170591051719
343.05563982363014,74.58263569315142,26.85976079513803,8.672191860254964
345.01925516277447,72.72568935998694,26.718984217227383,8.599630426205968
345.08670335036584,70.85461885859377,26.58408784204463,8.578650445879457
341.1471320798175,70.85449811340308,26.433925842113247,8.578891936260804
339.06951242803865,68.73200080836152,26.323901638505596,8.558623039178663
337.82988022615393,66.3568930898945,26.14705470405616,8.527838067318653
334.21139789838736,63.735010619858976,25.990006770477002,8.49016544373804
332.46670445415305,61.63649418835069,25.802852645633934,8.485437148684204
337.47654558075624,61.63218460115588,25.710147979539606,8.494056323073826
346.92787994538173,65.29305122763246,25.574710168132643,8.47069064928225
352.9688281291497,63.48215775480738,25.42883316296067,8.45977604986511
354.5890187621861,61.42784100428615,25.288543873463354,8.434953582140317
356.48013599336866,59.36620172041712,25.105928669088055,8.444381569318494
358.57208161881243,56.83780405420327,25.01647042406259,8.3831356444185
360.6966459658521,56.61062763422581,24.842628951704143,8.328077581658325
361.9907182105267,55.36283263701535,24.784131562914475,8.294020475519629
362.23406267603264,55.09723357994029,24.801916558805594,8.320744662766742
360.77348639268723,53.325394214066854,24.69177458400909,8.327913096111725
357.0736279640012,55.101602648179124,24.534814463870752,8.301945484058724
356.41084873284063,55.61120377523932,24.357166882495196,8.28488059240278
355.976749943196,55.85851136648198,24.228911621350562,8.288491830134394
354.0801300875901,52.143529623451954,24.050434534981115,8.271486320729608
353.40547967524503,50.95435919871357,23.918904079716306,8.181775036948096
351.7133498087278,48.76312437751681,23.8724622784702,8.153342706695112
350.7932312531154,47.302336254745754,23.757020089583328,8.141400002069737
350.3800780374266,46.37715684621653,23.60921316718502,8.043532111576393
348.9760386475162,46.39075172123701,23.518299950367336,8.016342361535429
349.07952610103274,46.39005407852016,23.311325043334215,8.017737646969142
348.3828316133093,45.46376200026374,23.26936665011075,7.956525311921404
347.7155422852463,45.45854030983794,23.17373964213904,7.966968692773012
338.3239548721592,49.2694467673516,22.934416249191088,7.954155065394474
325.8953277897275,51.14780007330001,22.780112520622588,7.972777946845896
312.3969609435321,48.09372424106352,22.51375599780929,7.970236976876601
294.64825849357777,42.63314765174704,22.11342732046793,8.168690515551752
280.23340827246386,33.51843731985139,21.706659033726467,8.2993448233145
277.29328478750404,32.63930022826494,21.599211364786843,8.215251425299892
277.7399062133604,32.86174045346605,21.621046823120835,8.227910129921122
280.98164392364396,34.262596416038484,21.55069066536421,8.174677888837858
282.34654209215535,34.041206493470206,21.557576522406578,8.161344034963559
283.82942003915804,34.01309332186661,21.327656717811216,8.217570378170745
285.7522123522915,34.02125320716012,21.111537914493315,8.201250607583729
288.9548735954254,35.572260374491606,21.01022650423196,8.251241810923958
291.4725894147895,35.56902043772078,20.9217779249917,8.2577216844656
293.53352585951103,37.81427542981809,20.837033175945532,8.252909634045205
293.633497959174,42.95269804016356,20.63708897661952,8.263155125743795
292.0920520027921,48.09260083582475,20.607987687945666,8.208470053431228
292.20597543927767,51.64714053364685,20.380140814974546,8.190194567229545
290.30323591155775,55.17649429079795,20.22949793302817,8.164592719391816
290.11993012954895,55.43410944309775,20.15916649284456,8.086305418993462
291.2919502106174,57.4146555498832,19.98779570692087,8.036018082606597
293.15772378016715,59.15251348199241,19.705601890012538,8.009655540579278
295.01240545759606,60.65141555759198,19.409311441944855,7.998290182821518
298.8835559255599,63.835621017703076,19.265890231152383,7.962279033545421
