307.1,69.9,24.0,9.8
307.32538837672763,68.76213856651502,24.11044579148558,10.0349078370094
308.11400316470593,68.65961726146115,24.11174525988109,10.239950447117137
301.7793926282435,71.74863615006609,24.065047484090385,10.419872094265003
299.98799106987116,71.92879426084431,23.921504388090703,10.591891045957727
302.1730992809306,71.60525777924029,23.8175895081679,10.70567631639128
303.5898417937611,71.5428165551199,23.6530071047807,10.830558764632055
305.48564883768876,71.5145427225281,23.5964533967428,10.887106429815633
306.2969870523344,71.4693766548442,23.57502006823588,10.977438565183467
307.95974795478196,71.46006086519154,23.45959126417174,10.996070144488776
310.4384003204197,71.20327353622814,23.305229056845207,10.975984521976802
312.42606987848933,70.9273224314119,23.04731785970644,10.996825600323511
314.84747943929295,70.68186231693177,22.953482311003008,10.960080987850022
317.5611011138127,70.41620015972171,22.782802032218616,10.965748995244635
319.48257906332134,69.8927864196241,22.602699006663748,10.966047083022
321.3483223917025,69.64253475522332,22.515695483912832,10.94590996410764
322.9850055624832,69.383310745348,22.356448356151986,10.945338114891536
323.52848262460543,69.38271897936174,22.302860630450255,10.946521646864067
325.60714999531,69.40883476654238,22.27288960731449,10.894290072502763
327.4417603520783,69.44615226463515,22.205701583923933,10.81965507631725
329.09332315189664,67.8761008849882,21.976367930914787,10.885965888983531
331.17021483988935,68.11400090720925,21.903353779424783,10.920261997603388
332.96894571165257,67.89344788344914,21.873243565490093,10.851746398039074
332.96598839477156,68.15039680587732,21.879158199252007,10.845843196285195
332.7167188859799,68.17024298897181,21.869718296741414,10.806150830096222
332.5226707229701,68.19102848561877,21.750661550400192,10.764579836802287
331.3907798049281,68.16901979506879,21.490987270704395,10.80859721790225
328.1207620138552,68.6930056307471,21.509546813013895,10.763929552674307
327.91090504523044,68.6957977368812,21.428109442837705,10.7583453404061
326.47286930093446,68.68258897002947,21.305007772367496,10.784762874109552
325.8065111650525,68.66908840330498,21.142178304484222,10.811764007558542
325.6455639016918,68.91869808145476,20.967478923489338,10.80913855897527
325.4821736422936,69.15492319197122,20.800274179988598,10.830673600239468
324.0918418660024,69.16575700157686,20.629533508715973,10.809005981028173
323.649200233602,69.1559390223862,20.536778522968703,10.828641939409499
323.4552166217566,69.14435302484434,20.43675299417195,10.851813934493238
321.58704043703324,69.15403869113248,20.27775326199577,10.83244260191695
318.44264344719755,69.16815866435948,20.27134384326657,10.804202655462952
315.00195203639316,69.19136140543802,20.381376217036006,10.757797173305875
313.00801620207915,68.95209666845044,20.49332276673347,10.751836007414745
312.53636860386814,68.72828739292576,20.464549339477085,10.713420246624867
312.6143462282786,68.26809988257708,20.30859409065619,10.663893116575608
311.67109331265095,67.79411960780735,20.267870368908028,10.64823888961333
313.6709242252795,67.79663205655272,20.115726107557304,10.64321399212258
312.2227531111029,65.64937298963531,20.14037302042197,10.630189152724585
314.1393926736255,65.64181841745604,20.1371324289153,10.645298297083155
315.9225167924059,65.64514448930007,19.923650131417535,10.638646153395099
317.92793925320564,65.65687927154424,19.718491336345433,10.615176588906724
319.8584442472454,66.15320017314366,19.635777893097075,10.5671089219157
320.0743692684091,66.18163123671586,19.67417319054374,10.510246794771287
321.70697372441634,65.96154326869924,19.697820530100596,10.480586123437188
322.00171568384246,65.4815830646663,19.57801274045329,10.501154273093169
323.2124324086976,65.48128880424439,19.4979029426918,10.501742793936977
323.65925857172465,65.49093567480165,19.538439996382262,10.482449052822465
324.35364596430225,65.50424652681694,19.55174946145218,10.455827348791862
325.50205303379624,65.27497202307092,19.590441552373722,10.44727511030203
327.1161816937524,64.81588038053944,19.634854319429294,10.430409799088409
328.9880253506007,64.1319620532565,19.63427692319749,10.394580234604998
330.16631455997833,64.13557588910268,19.614025611339105,10.387352562912653
331.6530118536257,63.93033376103414,19.441691621598597,10.330993386124032
333.064067910093,63.96711210254057,19.39962302043181,10.257436703111189
333.0954172980322,63.97371303181498,19.33692424455338,10.244234844562357
334.8106275608426,63.98471380677838,19.128676052897184,10.222233294635553
335.78548864734734,63.082114940096915,19.006425588134817,10.199959319751322
335.84868937354065,63.09106102374911,18.880024135748172,10.182067152446923
336.41883284175117,63.094591142556254,18.64477180751006,10.175006914832636
337.47568396367006,64.20971323840631,18.326782085466437,10.189403375375184
337.84306335832974,64.22136956485285,18.036502550967427,10.166090722482105
339.2846399410611,64.21875903488929,17.792092436922136,10.17131178240923
339.62896926804154,64.91200526944544,17.53969487464514,10.093602588348583
