134.7,46.5,7.2,3.6
135.54901100709574,45.99482563599737,7.185176375623725,3.6103487280052513
137.56788262916913,45.90550822102536,7.1713169423458485,3.621321732496418
139.41981254494124,45.482961773322316,7.15572306496702,3.628172365592195
140.76838602698635,46.06579634133045,7.139188207073142,3.6352710260368277
142.53468377448985,45.393257660138886,7.12237907376598,3.641001203010498
143.71296580731936,45.63925167812797,7.107605537091478,3.6508254232433064
145.39212582589948,45.716920825761854,7.093753711956205,3.662710538576783
146.56810060430038,44.957573874296784,7.082952711002956,3.676380369889994
148.33132752476607,44.95149416199063,7.069833890331773,3.6885397945023106
149.42601810378065,44.69581917403027,7.0555888090634795,3.697935291170517
151.4415533941311,44.191410649492525,7.0390067466610144,3.703130210671401
152.78654533301747,44.52186994813236,7.0228763560831275,3.710674985190457
154.71421895816565,44.7670021278192,7.008717549839112,3.7214352054757827
155.97382964826562,44.01026874703451,6.994264511608329,3.732040961863647
157.89693816788088,44.00175518498098,6.987983086814947,3.749068085970705
159.07327604503718,43.99518436926097,6.975449899675567,3.762209717410726
160.1652669784665,43.90748428403617,6.964982900557398,3.7704164364956725
162.0131376208112,43.40375107916392,6.947193708882586,3.7748050026907403
164.0244559964182,43.81718287260601,6.9323756060130854,3.7829036342116438
165.86807754473216,43.14639439173776,6.917204357540096,3.7891817420736302
167.12381645515518,43.22325305304855,6.907663473111912,3.802260215213241
167.87622613620925,43.21604439793608,6.904748845655488,3.8166775254381804
169.88399395105026,43.20965401155884,6.899164378323454,3.829458298192668
171.98051632866716,43.123478704571866,6.886539267968397,3.8345921263714584
173.65929762984877,42.62052328965979,6.871331732895064,3.837796436008631
174.8357886463854,42.032627671328,6.855615907903514,3.8449545686313207
176.76143084964625,42.278717693330755,6.841585654814561,3.853285935943126
177.933748393334,42.43943949192378,6.831750537371931,3.8653851916046276
179.76930938251292,42.43187455309217,6.830926108525836,3.880515069267849
180.94236117485048,42.426246238212805,6.8238963179786225,3.8917716990265716
182.9516582287375,42.34045702321596,6.817234705308285,3.896186275057609
184.879635746754,41.75472896378882,6.805503266743788,3.89766129903017
186.14019760977803,41.16734874678831,6.789250620684625,3.9034818957030364
187.06479454171313,41.58265561034878,6.775399547515455,3.9071148916280247
189.23748016581393,40.911620260968654,6.764375259360002,3.915540371912537
190.15078689955456,40.9886753259078,6.771297164289136,3.9281152758897364
191.48802409577902,40.982709251238546,6.7688356678637,3.9400474252282476
193.58169011491324,40.8959127170221,6.760664217355137,3.9464740701507477
195.67551422963245,40.47746519892006,6.751865525602706,3.947599198817639
197.01932335395682,40.97505270494939,6.736926120813934,3.9546787532064718
199.0281807346401,40.305539874814016,6.725781363878381,3.9581810786668834
200.77236215324217,40.38614552418031,6.7409353883935434,3.963803916206637
201.7793791292525,40.46259891373123,6.732753086951812,3.9780514413197077
203.70029074591503,40.45967902044981,6.738223328452484,3.9838912278825322
205.54368795017072,40.29200334881253,6.7354082629663266,3.9843353581548135
206.63931629220505,39.70287302036773,6.720602212291158,3.9906610586017353
208.56843235959332,39.11367794383014,6.710409889401396,3.9979086602331346
209.9865901063618,39.27971976116172,6.717801947717777,4.00037885519979
211.99872635100917,39.443284213949134,6.711814355158262,4.008107024352897
213.8381896842218,39.43819223824184,6.717226262931017,4.018290975767488
215.0042203522529,39.354557383481236,6.733276821140162,4.017838407126444
217.2761770381848,39.015655371108586,6.724104846760551,4.023828891503711
218.12150453651364,38.42928415297041,6.712630237960007,4.021145056280078
220.39205395674117,38.677293187336204,6.699486754948754,4.028233138375579
221.48426912645502,38.003616137137975,6.694194375011871,4.034579263700731
223.2345189765896,38.083968868989956,6.714432747031055,4.041527993915266
224.49340171869017,38.07738122227992,6.717756043260056,4.054703287335346
226.51566706459965,37.99184928279729,6.713484052476787,4.057423053757453
228.6216365353072,37.49005181281595,6.70970332151383,4.051060023211628
230.05630336720336,36.81418322471951,6.699137678204344,4.057494601530236
232.07701035550573,37.14820321604985,6.692456882650535,4.061910149044724
233.99899260087983,37.228222755415764,6.714533111976172,4.069959797272616
235.50205300452114,37.3098720255884,6.742368475069379,4.0752143775037855
236.94447542067363,36.71406142613317,6.731478681574166,4.083442325139648
238.4727779628378,36.88240070230062,6.717459937113688,4.084828921678948
240.67349891882165,36.88384331650226,6.70604184308025,4.08194369327567
241.5220561034392,36.713376330853826,6.695211208634681,4.08562091761462
243.53859854603672,36.03955379544758,6.70681862093034,4.08503522259689
245.72269741164587,35.78615950888565,6.724612333974451,4.085747859844324
246.47393216272204,36.37156328139072,6.742864755713646,4.097724033416486
249.01879509062965,35.77782279871544,6.736418459249348,4.099106434918487
250.80403933323302,35.77815968675281,6.722697338882517,4.098432658843752
252.16254618502734,35.69425443846983,6.712148674412513,4.097089090464802
254.09969772991778,35.52633079766893,6.724253109558778,4.094987891638146
255.70723506480834,35.358593227259554,6.722444767496512,4.09222447164439
256.967350173424,34.84815885207291,6.737901929864315,4.098818270178042
258.735857630752,35.353030761927556,6.758016711708696,4.105397220897432
260.67917936462845,34.6733916301597,6.776717336188028,4.106294930613234
262.3881098169057,34.58467231614,6.760681546997885,4.113642302884415
264.8542846741276,34.50009698831638,6.757637754352939,4.112816892262734
266.1188371309902,34.24452877809925,6.777285127994433,4.114202855223657
267.9015117408149,33.7274923403312,6.786826306968061,4.1268784740103275
269.2656901493359,34.31871691878484,6.787884176011545,4.138548242265484
271.8341224272057,33.376397570422725,6.775037099239779,4.14438053003485
273.1982641618892,33.2899650771479,6.778068885213632,4.146538313125708
275.32102593474116,32.94813895096894,6.80226267256933,4.147035792194081
276.9398337521666,32.43173977515286,6.816643116685962,4.152888013625956
278.3087675834365,33.0278758090305,6.82230307413145,4.160909279614281
280.2741725810136,32.424409228504004,6.84035854433498,4.1660138207757855
282.5926683277754,32.33874214906823,6.848576043856727,4.165303202127129
283.7132248074036,32.250699679882686,6.845481524010921,4.169232875928176
285.5988899826498,31.906216476797724,6.8620076327577575,4.169498107690954
286.96547557903546,32.505452160087906,6.887652430957511,4.178008737160407
288.9418549041623,31.896212574424894,6.91277432805157,4.185828611467546
291.01649072516426,31.97959275674539,6.926475647134186,4.192525453538495
293.0908190928395,31.11245005181352,6.948396384737983,4.189070249671296
295.08535709605763,30.936424411515624,6.9622921034444945,4.193037032428595
296.90938790935,30.499327364871245,6.974865768856638,4.195651294289528
298.2899539819208,31.106996805647164,7.006488723582656,4.202142768929734
300.20489608174347,30.491640984384674,7.029404382210791,4.20696354745857
301.9485415844015,30.933986465686996,7.053104011404008,4.200020243481228
303.9575236183742,29.9707455995273,7.078191407162005,4.192868667072905
306.0557219911478,29.88290090828373,7.106683098188379,4.192521031369491
307.9022750145537,30.58459050730325,7.119121911406273,4.20077797048467
309.65629443800543,29.787831205072333,7.146660993200064,4.203286507032763
310.97549207716787,29.7836429281657,7.166721650398878,4.211663060846029
312.39080688897945,29.691592070086074,7.178812098669108,4.21809477251195
314.97217988490695,29.06506886957047,7.176858180994184,4.225432741844534
316.4828471402785,29.239969603180963,7.182431885506635,4.231738123477155
318.7083497649054,29.32442633935524,7.18749745505808,4.2410674838808085
320.4826893950703,29.3211677462291,7.208334340164901,4.247584670133096
321.90878443704486,29.315857951989617,7.218472865515813,4.258204258612059
323.6928873769973,29.04754995340958,7.234780769486765,4.25714318819075
326.38501517193095,28.412142334084848,7.234025192099601,4.271808423928183
327.8223048975749,27.688429440155424,7.2344331481062225,4.281740508139798
330.0604357041151,27.681755683077952,7.254687109008499,4.295088022294741
331.13219375604626,27.680010243425233,7.275816835744576,4.298578901600182
332.66807573501694,27.58873968423954,7.276975182518642,4.300359884400074
335.3715253200625,27.319046784566403,7.2942994336426565,4.297323341624826
337.0848323801107,27.59001736735441,7.306941859744448,4.298422683343271
338.8025570508102,26.860935015399317,7.314670223292458,4.306828353591557
341.2459557023639,26.948003424227895,7.327746875469872,4.314168349093103
342.6088797998667,26.940383725842146,7.3288261794841665,4.329407745864602
344.6950205876139,26.934573017407942,7.344127661795311,4.341029162733008
346.8825151484268,26.74932445979948,7.348961008481694,4.346541072257242
348.33864777219986,26.01379394118658,7.359216923078721,4.356341528411463
350.518545155566,26.106308030194246,7.390836257503704,4.354288937944355
352.34102145063827,26.197787346838993,7.414097641203106,4.3547410033470495
353.98764194578786,26.191399584202724,7.42860573038619,4.367516528619588
356.08783445635595,26.19030943315894,7.464714534716436,4.369696830707155
357.9305687860994,25.728546656178963,7.474614784612046,4.369380157321478
359.69429143054964,26.27834383647283,7.4604605236294175,4.379246121339368
361.36327657336506,25.625204062107336,7.4500936100250446,4.39145769206007
363.49534752652806,25.43784452230303,7.4390977669713605,4.396337983558048
365.3417384582735,25.161408837389025,7.443086283301351,4.394693796412941
366.9159097736718,24.696970098452056,7.437533536849311,4.399221308303182
369.3221780972094,24.87842442787037,7.43146092385534,4.406040652088184
371.08465499392906,23.859172313053584,7.4193974955873445,4.410766249254184
373.8522641595293,23.585328902030955,7.4278626667752325,4.4040847210606
375.79545342916856,23.57755480829247,7.422335413692323,4.419632908537569
377.083900836041,24.131855371326935,7.435200381395383,4.420928831660613
378.75619285355776,24.68344175394599,7.424144487972784,4.4289321136261535
380.2200028641431,24.409269107419167,7.459191958048954,4.421777252071019
379.95199242810446,23.66081733232491,7.438511872131425,4.434144914273718
378.83605512174364,23.287135715036207,7.444765990843679,4.43963465084801
375.1210505267833,23.010929888053987,7.448613303756079,4.435084164036832
369.3641413402487,22.44910515715615,7.453096185849601,4.444926965415495
362.6782613527286,22.713665764375207,7.442413347354531,4.473407534874687
371.3028428261,22.6770592307159,8.266667031372736,4.94736152571911
371.3028428261,22.6770592307159,8.266667031372736,4.94736152571911
371.3028428261,22.6770592307159,8.266667031372736,4.94736152571911
371.3028428261,22.6770592307159,8.266667031372736,4.94736152571911
