296.9,108.7,26.4,13.0
294.2198860000142,110.2677780776421,26.48017986033294,13.144491984354445
291.77368355289065,110.21792651980194,26.45168684120829,13.244195100034771
290.8834902221311,110.52246201205107,26.382810504104597,13.251545115077427
290.29773710838435,110.48219591963844,26.323237754895917,13.332077299902654
290.0950743727157,110.75763466148787,26.11250485354642,13.397258188890614
288.03414058676196,110.75507511552726,25.935722349467497,13.402377280811821
287.56354521748335,110.7679763970518,25.653740094948592,13.376574717762772
287.9340989915552,111.44040902173579,25.5196335266931,13.245711428171
288.0591627417271,111.4612954909555,25.269506026349177,13.20393848973161
289.005628232228,111.4871810961861,25.17173342502926,13.152167279270374
289.3634168333989,111.84620702468997,25.05221533970537,13.03017453928058
291.31028284872093,112.1741360686799,24.711711690247068,12.966521181498324
290.57133625882886,112.19349741988964,24.431285374346743,12.92779847907885
291.23163083226365,112.53443933643341,24.27333131570183,12.827232190103643
291.0882904208916,113.10843976660215,23.982744524179356,12.833766558299288
290.01552480822147,113.15859973801369,23.835863793561707,12.733446615476197
288.34924213055217,113.81231987821907,23.753104514777966,12.564447879772862
286.5040723572585,115.80942145871536,23.4877173167041,12.525971463441465
286.2776522051846,117.79472156887024,23.38001931737735,12.479139367453861
282.4865536682562,122.31826993358575,23.14811829694228,12.362440460070781
281.68540510534206,124.57776610493858,23.092210247534865,12.265328584660217
280.0776976100406,126.53639527413945,23.00614489137025,12.19979731748712
279.8777974030993,126.57823848757937,22.858089400755258,12.116110890607267
279.15848764228133,128.78539205434646,22.66398475901163,12.055734859418514
279.21995289917567,129.11834722611079,22.54105424522303,11.930173690777291
277.69175530721566,129.42689762547144,22.37913419299992,11.849458764746513
279.43044458378773,131.31775889685173,22.09746584921878,11.796064799576136
280.7477114326053,131.90904876189552,22.10071767741411,11.668599279820695
281.8821427049341,132.2164345041695,21.933527254427325,11.579245825690403
284.2227670184318,133.03184010210924,21.945101039935757,11.512708767312224
284.5270131827258,134.89333691207702,21.85706062345082,11.432878532098776
286.46235822791795,134.6615143551855,21.610869998735172,11.378738007929158
287.3811249561762,134.6641121416531,21.31304477955743,11.373542434993917
288.51476391924695,134.70362016602834,21.080826470525842,11.29452638624342
290.05458551789553,134.75504353807736,21.025130925872183,11.19167964214539
292.41160791731045,136.55526474269848,20.82375988614791,11.101094601096403
294.2079444865795,136.84164475738856,20.709321247795167,11.025225214599828
294.56258746215093,138.35091321372983,20.493940366892307,10.970118723357416
297.083675219141,138.40253732871665,20.349658913504566,10.866870493383757
299.3798033234897,138.42908440524212,20.130460128238404,10.813776340332836
302.8098852494728,138.44365006263675,20.014899670499613,10.784645025543552
306.1551181213616,138.4647933130535,20.038218160645126,10.742358524710069
309.77157155409435,138.50524003907952,19.992940359452483,10.661465072658034
310.2473332247059,129.2559070846103,19.99566116837434,10.552370053769792
312.417614705339,129.28876196949176,19.93270972052387,10.486660284006883
314.05848219484255,129.2928013927072,19.96362564127619,10.478581437576015
315.98443002667943,129.30204374854878,19.90014253867614,10.460096725892782
318.05984428652056,130.26491544396814,20.000019765261456,10.42355588895075
318.06729008450617,130.50911397899463,19.98512816929021,10.408299191056114
319.22758149910476,130.7308630956888,20.027841037492177,10.437460097147682
319.75001836604116,131.22671417700815,19.930543892402127,10.39333452329177
320.43536679454473,130.54059649630852,19.974646372776217,10.350770547309795
320.1337046422717,130.55663781084755,20.106455530642425,10.318687918231754
320.13192117510266,130.55389900360015,20.110022464980485,10.324165532726548
320.14406091871075,130.7816051779804,20.08574297776427,10.34179716920138
320.1243732762447,131.26762196112162,20.125118262696454,10.315746729907946
320.5611100711822,131.24135845511145,20.197885333130145,10.36827374192829
320.7659807551691,132.45170779377202,20.263237506521442,10.323042771432924
321.16820717747675,132.45686539911765,20.4093286803921,10.312727560741688
321.58253970188525,133.17080968186735,20.535134347710816,10.316545069445835
321.5411612101469,134.37300619502633,20.617891331187458,10.307873878419596
321.29839799797764,134.1281929690448,20.623211536047346,10.317294110903932
321.54619642708235,134.3497658592573,20.608061776273722,10.354595428914667
321.7518966592402,134.3550338957889,20.677531714477663,10.344059355851499
323.35543226287257,134.34548391530436,20.84239882482207,10.363159316820546
329.3681502550907,132.41785396333626,20.928195071148135,10.3428249069128
334.20734199315444,130.45357857602005,20.956856182449847,10.388557846573553
336.04598727683384,126.55795830846655,21.17207686659256,10.39477587867769
337.42370713613855,126.55652617839465,21.35555194010583,10.397640138821476
341.04593680441803,122.83697112246041,21.499343404058067,10.448499450178673
339.78191854307175,122.83034134794394,21.5497105777881,10.461758999211607
337.7699121712228,121.83604478014661,21.601724326745845,10.464352637436217
334.2329735364585,120.10732318581243,21.713338028977223,10.440664042455918
