287.5,77.3,72.4,24.8
293.01124322772057,73.99109921078087,72.25041810627943,24.481349297577967
299.224371034752,68.81005096294089,71.63350710617922,24.510269256040637
308.9738472278115,66.69281525708323,71.21732516871637,24.341024410373755
315.58225622881133,61.61361197323157,71.13049539700751,24.28721791007308
321.31503184580674,61.587013154704735,71.31829464540368,24.34041554712676
316.417005877891,66.72789794755958,70.89213849579525,24.28085404685701
310.58954334162615,68.351636956625,69.46866341012213,23.939687174993445
301.86990677800065,72.62279589809266,65.5082676962154,23.95723682852122
275.7600074419987,87.06646224031219,61.542020876789216,25.218513919971457
245.11910342648477,82.19762203747126,58.694072674878655,25.603938208349792
221.98415687997945,80.802077550176,56.800788412437086,25.791612190753725
202.96000535072554,80.17751841773708,55.24522184430275,25.763186274126983
192.4897854050191,85.1863834477275,53.60603266757122,25.78084691109921
183.95135719456994,87.22551084527488,52.220303751188624,25.39510918346062
171.44548114494998,89.74902444377102,50.74623008950761,25.163686670272135
158.02259444231478,92.17054339207807,49.311895113227536,25.03400017058312
141.30219936231265,102.09295122829391,48.09999346577844,24.825709855708336
129.34519523883327,108.04880176750481,47.07216320832629,24.251208097473327
116.60353049658517,116.58051384474723,45.9458355503997,23.81881965700273
106.25715932423557,106.86110470510414,44.9435146908317,23.732081052448475
96.03122835621332,108.18631014025172,44.02475542452695,23.218732302388254
84.48107173759786,109.43588119326516,43.06239370485644,22.811996714352812
73.24063545638921,103.91879116255949,41.966783236774106,22.570467500307778
58.98916435346641,97.16662167487002,41.3307045147948,22.007692924322996
44.61067660350945,105.36235038573616,39.52842307419709,23.360320177726457
28.600754909690384,91.39634035706213,39.13707189881304,22.80977531605504
13.373708470017732,95.93086421989993,38.64612209110699,22.444020846112647
3.1356686291088423,104.24781099838151,37.19047827016861,23.927638008817613
-4.623125676588298,105.72516970401543,35.48552771239617,25.756959255651665
-4.855114714672791,103.80521254665089,34.0267024976042,25.751266988458806
3.899184279848722,96.05678306970648,34.361526651720474,25.282958761626176
19.6537937351295,84.06369300368868,33.75875756164688,25.855161756928457
10.707579627651757,78.47246986474862,33.85318470443258,25.79676525238556
2.3290165218542462,72.2424963779162,33.74026293159182,26.07278868173568
21.77280209581396,44.67775423195571,35.27273434305305,24.80221358847434
5.619197163640994,51.40264447178465,35.536203258864425,24.546914675860112
1.4456082597464537,57.033187688927086,35.403347798179,24.59253926620793
15.065263767290674,64.57763498046486,36.39327500982655,23.61826379650037
4.394632475737307,63.11588742256602,37.061247073056144,22.78297881777496
-0.595268413527215,65.90431775122914,36.74836315332061,22.820310359502127
6.8172827749287634,60.34569947273307,36.82976772754213,22.757666703144157
15.881796171109414,64.08152489651968,36.40532088738469,22.74057583544625
28.511381939714344,81.26725287453509,36.126440010572786,22.601370043664467
34.20662816027913,88.60995542282187,35.760292049577814,22.615090920603702
38.0579987882153,85.4215594410476,35.36516550037333,22.597720015817867
39.175106494295974,78.29347641675909,34.945447046782235,22.337910395832772
60.19656050693702,105.28925065398447,35.0437387417114,23.040259430592382
48.9088680291182,116.75646181891926,33.96400010294842,23.760960695123416
37.29759515635207,121.93812337046965,33.64361048789765,24.263607758445556
27.529860304186954,126.13810238090687,33.18264608071277,24.952937970077993
18.300637661166817,126.01309030071,33.376595020030834,25.20296213047171
11.492788540212846,128.24055322656085,33.18831899151542,25.349361035577846
4.558312625235857,127.17299232270567,33.2605034266107,25.644913857307042
6.602954944904823,128.09669462559884,32.874035525174975,25.64891762047182
-0.4584972310396651,127.8193117314315,32.27912015114851,26.203683408806516
9.618537017824679,147.1999436400257,33.27920478985658,25.151996921787962
1.0801619611095994,160.82991650512486,31.99698527556189,26.348454114563168
-0.7772788173486074,171.3517797144012,32.04087195419977,26.41294824611197
5.8345368135154345,189.810464403526,33.52868610302764,25.354727056092507
2.409715367506884,189.8267802818763,34.82795979164611,24.3970337654921
7.0675193428041645,189.15610827345418,36.66099529191372,22.951216919620762
4.447593486091176,187.33733708768327,38.17065650862388,21.926021170267816
4.328514628407113,183.85527783729452,39.34653493791658,21.388373959648703
1.930352865030038,175.2181084962783,39.4131335858581,21.63570307795568
2.1749146346979416,163.66196353057427,39.87516392827536,21.920299847290025
-0.3128846413547066,162.75977825120393,39.07376584389019,22.761837633282312
2.347465221565539,163.18365663640975,39.544754408842095,22.87936224466936
0.2814602139023563,168.97177952888154,39.77972687377312,22.994229110911796
2.4868764389637583,165.53088939898888,40.267349501533836,23.018172261660276
0.9764418776058577,164.95992350356914,40.326246084663495,23.17277987263764
0.8605602676446438,169.42194727904658,40.55800930458592,23.166121613289548
1.3101141625629005,173.7710806393572,40.65304337648762,23.415131648312148
1.3272446128149618,182.90323150530523,41.618558587174505,23.146799917854253
27.922437317513538,171.31801015558997,40.92232350113748,24.108179018940138
30.1345413593322,170.7628457911541,41.5756574811188,23.187490922364436
28.965876552358818,176.19074169121112,41.89386240755312,22.427322559812602
9.362169058203783,178.1885086879226,42.05184460409586,22.436858596314487
22.835297815885077,200.1645604845062,44.214542523228005,20.642552528967194
30.68307646577955,170.84144172507004,43.58446898426041,21.035586172663614
54.77321078259034,165.11899571679155,44.50367609885958,20.45611678149306
61.48786307687385,151.5718091950242,42.13280488118826,22.417686709355692
56.9753087598027,153.15510705332616,40.107092921335045,24.274191262749767
48.92446970486481,153.80861107465978,38.09744906947542,25.985736880371743
52.75968304727372,160.72131425738039,36.455029184096944,27.230347513528862
49.823415715116,163.84108816925752,35.32556467701557,27.99279886117141
42.15958394818173,167.1298944284518,34.72576354328481,28.383452134857606
33.910730389828245,169.97809306393134,34.34943340354426,28.642597424997604
25.545859678226456,171.8632319271575,34.232477221853,28.836248546755826
22.523784653603,173.8300061543243,34.322833324038335,28.871896057129945
19.477770581062803,172.80753912173844,34.44926179506259,28.928296897616306
18.883535642828257,173.85773723175456,34.640607070604844,28.822149879437738
17.792325859969406,172.41735710962172,34.82630096181534,28.7078216119426
22.42068283282571,170.31997804153661,34.563978231949164,28.905072541069973
24.02239152583677,169.2640770680145,34.35611757878589,29.01983666620826
22.079401972090366,167.2980097020788,34.25345009035361,28.96332480215461
22.16109230808891,165.8796769039959,34.09006941835652,28.815986567497728
21.791308525074243,165.41126794608084,33.83986125393902,28.763028752881
20.402715829842688,165.99131045016324,33.66186215142803,28.588005242374187
14.066159540815491,165.06507586093426,33.60149500255788,28.48147753976684
15.1185042754418,172.4477864036469,37.11108362999615,32.40299399349246
15.1185042754418,172.4477864036469,37.11108362999615,32.40299399349246
15.1185042754418,172.4477864036469,37.11108362999615,32.40299399349246
15.1185042754418,172.4477864036469,37.11108362999615,32.40299399349246
15.1185042754418,172.4477864036469,37.11108362999615,32.40299399349246
15.1185042754418,172.4477864036469,37.11108362999615,32.40299399349246
15.1185042754418,172.4477864036469,37.11108362999615,32.40299399349246
15.1185042754418,172.4477864036469,37.11108362999615,32.40299399349246
15.1185042754418,172.4477864036469,37.11108362999615,32.40299399349246
7.523270722141255,149.93673780618872,38.777137759262104,30.450703573268214
3.160326268988623,156.36168997492177,38.79719430345405,29.571318733707923
-0.30072267957329757,159.48565613116762,37.12556442608015,30.842898223901802
-6.54977224546403,162.55343995553505,34.654503846888346,33.26113612429449
-1.4574455428303175,159.9198884085137,40.79859183040032,35.02792561201815
-1.4574455428303175,159.9198884085137,40.79859183040032,35.02792561201815
9.193933555590245,172.99700559356705,44.09081556096451,32.8472874251638
4.693796444365045,173.12191552023143,47.0491653167495,31.389082678502028
2.134446905479635,171.0861034115597,48.48063028083146,30.544394744260316
