55.1,74.9,8.4,5.0
57.32290495689535,74.08384462854032,8.396471905158304,5.004355148425248
59.839614088615114,73.24008283836797,8.387203831852037,5.017161998725516
63.19027874120536,73.13781730463093,8.3872463619625,5.012275196346772
66.33124246573014,72.29385609607091,8.38540036079197,5.025509227365711
68.11190379886557,72.29262719580447,8.386119177123588,5.027967027898607
71.57706513471479,71.55199414595724,8.372068586771247,5.042145110337829
73.87736303868424,71.5497913082142,8.382979660930442,5.0465507858239205
76.9280151092325,71.44475257929403,8.36734376348144,5.046777614572935
79.45172631931825,70.59693661274203,8.350841837682896,5.065436049552629
81.86570354170507,70.49369769597044,8.345763186957964,5.062223631180634
84.79864193252124,69.75400647479988,8.347580598655991,5.074682525189202
87.31694554206373,69.75459835929209,8.346109612436738,5.073498756204758
90.56970050159441,69.12367386017957,8.34302017536481,5.076814757915755
92.35452415863573,68.27620042936763,8.339382690732979,5.093639346856882
94.77005559006771,68.27936178236774,8.338185966430919,5.08731664085668
97.81806415654242,67.4333990445183,8.32839797881967,5.100282352324339
100.34389017474881,67.33232534711063,8.315357625976057,5.09248759365764
102.65455537766843,66.48266199383768,8.30559343593244,5.114881130823279
105.38555020508048,66.38136938782881,8.299637600893156,5.107618888233904
107.69259959391374,65.53416842108189,8.297543469595269,5.124928223048245
110.63440981272458,65.4319057950667,8.291014911486215,5.119557336524584
113.04324315102016,64.58379208809652,8.296643911282738,5.13811668911273
115.8825799371491,64.47902775368351,8.290783462822551,5.1375411681684735
118.2927693349968,63.631832878953425,8.300566864121457,5.15187450128279
121.1287867918778,63.527516438929965,8.309162075158282,5.150113673003827
123.54863825698041,62.674430373899575,8.310785737201531,5.172346118804271
125.34301474884393,62.569968194954996,8.307159953079744,5.1703806414225255
128.7130526960791,61.717285429285326,8.31277088596914,5.1893244659219375
130.51041549820198,61.61566734897072,8.308518283271578,5.181356332342439
132.9393127384147,60.76052752090319,8.303887748883803,5.203578963768709
135.57593656114153,60.556868324341586,8.313404622113833,5.188276195397224
138.00451178284956,59.70294333783796,8.31376630232817,5.206556734098224
140.7545367312391,59.28231739892215,8.312927251857758,5.201776174036182
143.1859675186188,58.43417581730069,8.312620508469458,5.206735917671779
145.81880585637407,57.801554520087386,8.334293643099038,5.203014557664779
148.25822457706658,57.796225609479066,8.325830228766575,5.213672378881411
150.79935190204688,57.051068396398676,8.326959345282946,5.22133320648641
153.0168462825461,56.1035243931434,8.342982409895194,5.208844716306674
155.6649853382532,55.2461752044154,8.346278318398937,5.227679407388929
157.78874966393656,54.717151461684836,8.345709838431933,5.223986850000131
160.3390807346083,54.711792350634894,8.339710368745864,5.234705072100006
162.36147169778113,53.96138593378323,8.32991312028533,5.248944603424625
164.7995346035965,52.90058317887807,8.340361107775765,5.245952809269178
167.77167069959108,52.04719331196838,8.347931589885432,5.25220606477463
170.32322445601238,51.29444435934785,8.351633898444113,5.268217772106973
172.96960423751935,51.19221318833489,8.386556628289092,5.259572822418545
175.42391917426312,50.32805893362402,8.38807026776413,5.280005327331569
177.1284696234226,49.68534171894401,8.400561319112441,5.2823427755663666
180.31786235139978,49.68667017501977,8.444037398714704,5.279685863414847
182.0321680092762,48.92614072892947,8.45031503317931,5.297980839875319
185.2505785896043,47.421549749092854,8.465925787577378,5.296027905856587
187.81588078020968,47.412097122708495,8.50207943624128,5.314933158625308
189.44151538148702,46.54738698741761,8.49289092437296,5.315243727507698
192.13558623601133,45.90251561754256,8.504915208597357,5.308946628872256
194.51803228230074,45.78859072706091,8.493798123403979,5.320715727681673
197.32686997909386,44.9237633931073,8.495032894947673,5.3214749601643
199.59399829296666,44.16647455630609,8.499781521157985,5.323050882448074
202.29196417366674,43.949578911459376,8.50986179237966,5.324361209531765
204.67889054557153,43.080942807627515,8.497096446310463,5.330328908926225
207.26553422749322,42.3236500841391,8.515545496586334,5.330657901784918
209.63809964991816,42.10532372122573,8.535692794612872,5.334103523713809
212.00787424221394,40.905560967254594,8.569314905771419,5.3470433837810125
213.97373865370864,40.137576147805724,8.555854661731741,5.359241908642762
216.45206056537552,39.915172997861475,8.605966747703272,5.368678129461224
219.61848671388447,38.927361207884296,8.612280078038555,5.376974445754278
222.1344804179845,38.15819478604239,8.613276111777836,5.383529720152205
223.9707976455316,37.823327553526674,8.66279466057704,5.396413655084799
226.47503570766338,36.72033790154363,8.712154791643439,5.40333371760309
229.78692398308593,35.82909314539976,8.711150069417773,5.419750742258985
231.55006650029677,34.940659666225066,8.721178405011319,5.428461015600769
234.31547444630482,34.04565328152923,8.723249646928467,5.4479499021337885
235.94981034356994,33.70461260469746,8.779677834013269,5.465011259474322
237.03694548045027,32.814199309365264,8.833430762342704,5.4634192884666675
238.71045465915364,31.57616679290534,8.840083270293736,5.480125686790803
238.6914750462579,31.56433355098238,8.878042496085271,5.503792170636724
238.67053254281666,30.776040201866486,8.919927502967706,5.505926303463437
238.10981634288848,29.634802306624348,8.91344622360932,5.53257473551822
236.62218224812858,29.622482740227024,8.951579404822882,5.557213868312863
235.57810401962985,28.70864749148093,8.997488969577901,5.569553794922874
233.05139999129975,28.024189352216574,9.039103675427274,5.571617341412274
229.49229145497173,27.093970417441252,9.074923429892692,5.604339774010502
226.01383708706385,26.291165703857175,9.145374872584195,5.603109166116324
221.26402244918123,26.053497390830085,9.191275211125214,5.617288283037617
216.96757507690967,25.346671021358965,9.21861333293296,5.641931839914661
211.95060355775792,24.184683103099193,9.262642718471902,5.642671943233133
207.74393566891817,23.24326253208682,9.288255579443002,5.661574659322675
204.11606064864137,22.40407466557186,9.299550631660717,5.704105717567086
201.39690486585198,22.286740624355968,9.342617681257877,5.704197951477927
198.0833759114216,21.331721544888676,9.383530349454398,5.732480327365589
196.40932029741822,20.48775795730256,9.423370230079946,5.766271828847208
193.76299599770198,20.00116839892275,9.491736405825701,5.78958141402741
192.78815328018374,19.876036180849695,9.530393194596384,5.800967269390297
192.4086463155567,18.317907402602238,9.570468326192353,5.801823369366587
193.83089219620067,18.182038017272856,9.609069211374457,5.83330441948618
193.80757874090182,17.202199964466782,9.655696121972143,5.862077950508031
193.91150704822263,16.220733514124625,9.690381395800163,5.884675743435094
194.24309926787095,15.607166199671035,9.757514188770449,5.894614985230712
195.19329376022839,14.490800375862403,9.813975978428074,5.925889511678932
196.1367896514463,14.47532091196723,9.89477618941702,5.956848439469274
197.11772254866483,13.235870352019678,9.914499648055722,5.9587629930196755
198.9742548888285,12.237421157287432,9.921802448449222,5.97146539276636
200.93205896979336,11.242126065890307,9.979751749507344,5.9752768440667
202.02148644799883,10.349964014199577,10.04436252023375,6.014683159674661
201.9824380277376,9.456930259543753,10.122459360756173,6.044450788030706
203.9556189265134,8.558836240043119,10.217121306964032,6.072690939137197
209.89978542546478,7.648253672262324,10.287862206007636,6.1127174091961365
214.88593258460557,6.743091660779518,10.306432608496346,6.129809302792725
218.0681108295813,6.355054318859823,10.360594467730865,6.135661784729794
221.12488856655244,5.458096174054408,10.430511909604405,6.126065140561014
224.6000744898361,4.019143160704582,10.460211992587169,6.160238158925445
227.4219488700055,3.8776175762575367,10.52634828245409,6.1837490982647285
230.49867282055334,2.827939798624929,10.634983475277812,6.195743622223481
233.60275414063588,1.7666451096820301,10.732480475294992,6.216446453381845
237.67510479287978,0.959681677507406,10.788300278395896,6.24317568400424
240.14326942031767,-0.7703652060241004,10.902433591320513,6.247689799414384
243.44960350329524,-0.7554073201184712,10.979320770713965,6.2177740276031255
245.31611088703946,-1.4147729594592526,11.001282351441052,6.195442324779142
245.01511399638449,-1.38785936287979,11.06696068103647,6.141615131620217
244.59250192696044,-1.495083535125662,11.107549337989461,6.087851648813601
