145.1,55.900000000000006,62.8,18.6
149.10782970135455,54.78355010996965,62.4205235948491,18.599159351838097
154.29042816906488,54.795481364031865,61.882187982461275,18.575296843713673
158.76196820611253,54.8381739072347,61.48119531093353,18.489911757308008
162.7189356387826,54.85042167247856,60.845498240085625,18.465416226820274
166.5558256177634,54.859239922601404,60.393239417136435,18.4477797265746
169.23481594262273,54.86485701062904,59.82268143726591,18.436545550519334
170.11834880951332,54.35004361552372,59.244180428365425,18.27760761584926
170.20837846735975,50.85351213616963,59.06412111267258,18.206098492305724
170.3883286370956,50.85016585332307,58.704220773200845,18.21279105799884
170.62590595346924,50.783708242332594,58.229066140453575,18.345706279979797
174.27424254565506,50.83741331942522,57.91814777172708,18.238296125794545
175.69374443494604,50.86597335370088,57.39494678397533,18.18117605724322
180.40434024661096,54.512284988121195,57.16915609490661,17.78510348909841
184.42456171618198,55.16786840599485,57.101135885227364,17.612854186131493
185.7363143239796,56.43190238921551,56.74717263276516,17.35432818282323
189.23047718551274,57.027403710518406,56.50869279607201,17.28829985461296
192.21092802126878,58.25331130811817,56.14966294901798,17.077233389196632
193.00254884857415,58.87992028448388,55.67780336456654,16.93539750662454
195.4319564308447,59.481600922602894,55.227282059045834,16.834109695141592
197.13510304063047,60.68169592897982,55.102442455988225,16.621555426730364
200.02590492352354,63.53275527863017,54.76140023055723,16.359998267784807
203.54563928261803,63.567690232573185,54.19253512963829,16.290128359898777
206.35339624473357,64.13617813373502,53.92246180026055,16.222240676545805
209.72469826580254,64.15676938245065,53.56389867902814,16.181058179114533
210.90162549311654,65.32760148364662,53.32638041116536,15.95573016348781
214.21882291188007,65.36398953162983,52.99574969591066,15.882954067521379
214.82071981425705,67.05766948592348,52.8365545191383,15.629390042878798
215.96110193997953,67.15954616208914,52.63106590429564,15.425636690547496
218.71852703787314,67.15666445088965,52.270932632036704,15.431400112946488
219.32263324276687,67.23883220439578,52.08867976655884,15.267064605934218
223.63175906806708,70.89869740477535,51.633039546159196,15.089619206600782
225.3533104239387,70.93330362118108,51.221689362132935,15.020406773789317
228.01470702075912,70.95975328066486,50.916307779791865,14.967507454821778
228.0886178515523,70.98070898677366,50.768486118205466,14.925596042604143
228.7794075270835,73.61500160661448,50.382219015883486,14.633572046624344
232.29199749087826,75.24652578332031,50.24795949919597,14.32377529788501
233.91685301402066,75.26078079719035,49.92847641040137,14.295265270144926
236.43286612292445,76.31463899931073,49.75495244028466,14.130949764980558
237.0847345370796,75.89459681075205,49.417398235515094,14.004851518557233
238.56238375901899,73.58784182685149,49.33928828214593,13.82304733550896
241.59827627019848,73.57826250443904,48.99486708979928,13.842205980333862
244.5585863616173,73.5737917286658,48.77461085401947,13.851147531880347
245.59243068937676,75.5107391378832,48.601161921652725,13.765732159749916
246.67181865830628,75.54817771008976,48.328538093073476,13.690855015336817
250.0706081633731,76.04904731500822,48.09576698096258,13.626945505217442
252.95935088288087,77.03377464771998,47.91838560451518,13.524192193983303
255.75907818903698,78.03167724802523,47.89249303056158,13.386241006159011
259.1593906298236,78.97990516602214,47.57373249834829,13.34174641283945
262.58007924039043,79.45048955183097,47.176921944744095,13.321230022297442
263.71654843283824,79.04790902897928,46.73332587886554,13.211719908492313
264.7583413306531,78.13227967774756,46.462470261100044,13.230248433091532
268.0438477263024,77.75940651401973,46.211681298777265,13.073105642122087
270.8381009974701,77.7863731519535,46.00165682964571,13.019172366254539
273.638553464165,77.83860105113159,45.75540449219844,12.914716567898365
273.8122867293651,77.8836824377712,45.407937961798254,12.824553794619149
276.1447047960847,77.92651470218674,45.14523571113651,12.73888926578806
276.6602015278907,77.95354576873316,44.98936095314486,12.684827132695203
277.2287931981185,78.01817893214645,44.72408629438418,12.55556080586861
276.89196823806367,77.18775741209588,44.531987633155666,12.484906683293287
276.0872256805322,77.14539364524603,44.41803869102746,12.569634216992977
276.1101595883937,80.63978297789606,44.37217087530446,12.474410187206097
276.1235366888383,81.06305254016362,44.345416674415176,12.487137547096046
276.29800880565824,81.11849597436589,43.996472440775364,12.376250678691509
276.4276227688911,81.1340951493593,43.73724451430957,12.345052328704682
276.08124477214307,81.14465382892767,43.58211026059166,12.323934969567947
275.68933734888464,81.12683605335255,43.52061843363267,12.359570520718197
274.9352706918593,83.68267911715182,43.33854177193802,12.318514320355812
274.6162845236994,83.71220245372481,43.134745752838434,12.259467647209831
274.5986697614846,83.76567528576771,43.16997527726802,12.15252198312402
273.4634305484331,86.26405248169212,42.93159295195383,12.173489094109405
272.719194596125,86.26878302211969,42.753433539884156,12.164028013254269
270.3474205061033,86.31334051472423,42.51323387738711,12.074913028045193
270.01897359074707,86.35100643113881,42.34455783710836,11.999581195216036
270.3889403128114,86.76313141141759,42.426406267864415,11.997113109543221
269.63822926598834,86.82811117172778,42.28204710746769,11.867153588922836
270.49577488266993,88.5616875077091,42.203802813089666,11.67369479493031
272.488000151602,89.4431593164266,42.287836382071504,11.538144820233711
274.2900109182643,92.27705938468814,41.93316484269027,11.556707173111267
272.44432184418116,97.56156343939338,41.58609847353705,11.487654808731325
269.3615002460848,100.7930858029105,41.33971971682699,11.436632034599935
266.6278401029278,100.85535119047796,41.22752472500985,11.31210125946501
263.90629381521705,102.8962316925753,41.11851978837964,11.196124192450066
259.29711663452946,108.81108380260187,40.86354932622628,11.208076001807669
257.0887938987522,108.85712155962534,40.563736238022884,11.116000487760756
255.919125819752,108.88718169872018,40.56269946979255,11.055880209571065
252.51478739332438,105.80279132001485,40.36054816595954,10.992813716592153
252.53878575585892,104.69888720210001,40.312551440890466,10.875774759164182
255.7298905792627,104.3304469153937,40.10692938571571,10.840581883622725
257.40528495908666,104.34852569740733,39.83020744538733,10.80442431959544
260.63550022588026,104.410093880998,39.481301299054955,10.681287952414086
263.3411415368959,104.44360849212637,39.367009781456204,10.614258730157372
266.5269524166226,104.50867801336162,39.02613590104457,10.484119687686881
269.69198481204876,103.4340027283956,38.668845829461986,10.393679737892779
271.34873766275365,103.4442580871424,38.31480390285893,10.373169020399164
276.2793273955142,103.45524020573313,38.00207046270231,10.35120478321769
279.63217715927635,103.07909958182938,37.86348185503434,10.373807039930057
282.2319106049299,103.03619528948796,37.76107302976618,10.459615624612882
284.6239173597139,102.95085044832776,37.34696452140895,10.630305306933298
285.5360469768863,102.84558294721134,36.97404627920382,10.84084030916614
296.4839444279737,102.79601776601007,36.808107108718396,10.939970671568702
299.91825479823984,103.55884004110709,37.17773942387227,10.861976732511875
301.9917785571135,104.3074890781693,37.39629624182216,10.819880103619825
304.7804048504231,103.90514117620744,36.92837437333948,10.894671519238335
305.15611838428396,103.48546884769515,40.830688038040556,12.096431607786437
