304.1,101.7,15.6,5.6
303.620302054818,100.18647872457542,15.559395890364016,5.680402394370356
304.32766647049453,100.14104262920445,15.44592399976191,5.771274585112314
304.2054319800107,100.0980193075419,15.365063726843914,5.857321228437387
304.881783573207,98.94598461583044,15.315232533278259,5.8813646244132665
303.6295152869006,98.92118061148852,15.216292223641839,5.9309726330971095
304.28789262251206,98.75483430788165,15.199150025851207,5.938762121952776
304.0170901111602,97.59263990672959,15.091162486401418,5.989576956719727
303.0725867656056,96.92644567383977,15.035254581560823,6.025355691866125
303.28289696456636,96.89933444940387,14.938620887626875,6.079578140737949
303.9587628954823,97.04077447092412,14.881134313346276,6.120259419585272
304.97187729698226,97.01126613851251,14.795643934080868,6.17927608440849
305.3052600921279,97.16024611488686,14.775420347464927,6.204587133497467
305.30855974673364,98.27163180145548,14.768821038253451,6.245810957310967
305.292092573847,97.46028730106308,14.80175538402676,6.248184521651911
305.4670264140653,97.14496885627139,14.776468759191093,6.229659300033537
305.47614951161324,98.26814463129871,14.758222564095117,6.250519853479436
305.037209011732,97.62422457836179,14.664123621546917,6.242386702938842
306.1752529306114,97.47143782485347,14.645459234705616,6.225471145538671
306.19185101514853,96.6502891720973,14.6122630656314,6.258169237232556
306.2020620159279,96.64310502409226,14.59184106407271,6.272537533242613
305.8952661324986,96.64431029486249,14.561479211434094,6.270126991702175
305.46572778997347,96.00305090354863,14.456071223231048,6.266666209992126
304.970766080829,97.12472986539612,14.486270359113917,6.262664945244564
305.10365673000706,97.12216647168663,14.540763678942067,6.267791732663551
305.12017492172464,96.97205056064549,14.507727295506978,6.246869696161893
304.1868257880063,95.85630389752072,14.452588631940605,6.236219936241107
302.4365324853461,95.05960063517956,14.440654417020198,6.233026088086744
302.265010518841,95.06926629269866,14.46460741029554,6.213694773048552
303.3886124882595,96.82534265775152,14.451075457013216,6.211598020243113
301.18533814285087,94.73961842649064,14.393539953580781,6.237825445247288
300.57065146930324,92.51994575874457,14.348938520088915,6.218259048684552
300.5510236779464,93.14894352118048,14.388194102802691,6.23027387668408
299.4589350057014,92.18523849390365,14.344390508202428,6.247985983446081
299.34135026233827,92.16270088393118,14.261598687303119,6.29306120339104
300.14862805386707,92.32466975582176,14.23482358218961,6.2866795551987105
300.161676090038,93.42798346728068,14.208727509847808,6.2994411173959755
300.15746251207565,93.41824415075175,14.21715466577249,6.318919750453865
300.29692291935953,93.43118171016245,14.255600575562251,6.293044631632446
300.6197424106588,93.26899180955337,14.244899292181806,6.2999555832415615
300.7954165612875,92.16024734491982,14.210986358796905,6.295396937400568
300.80631159868824,92.1481247678286,14.189196283995487,6.319642091583011
300.6442384921928,90.8824140707811,14.196368623988596,6.3152725016968585
300.06306093676136,89.76695826643879,14.09071945955444,6.327176628611442
298.68190844201433,90.23135731835445,14.011929037819154,6.345410328523238
298.08226351842893,89.92394032480605,13.95180574745836,6.330537746854247
297.00903321763843,88.6666031816603,13.90223321114272,6.335459875549559
298.3322063787164,89.74187370224872,13.760567273600282,6.376514170909532
298.06065173152,90.20338342881087,13.680188958967676,6.388726131323347
298.713709686523,89.12431894082692,13.61722228876644,6.371343937633111
298.2969572864514,89.43609312088265,13.522026559548282,6.366929263762521
298.8035477510884,89.1243327681635,13.433155191031696,6.3742435953626
298.35907473566596,88.05720245091375,13.401294563560057,6.359955360456944
299.1686555387623,88.05077060653608,13.313243133062471,6.3728190492123
298.90704190578043,86.9872621633582,13.226146363584089,6.3637018115208015
298.9356442011797,86.98858229496008,13.16894177278558,6.361061548317019
298.9609496382573,86.09764222972606,13.118330898630306,6.325832289468856
298.9730969922865,84.89749892701421,13.094036190571936,6.314117660453952
299.1580887664118,84.7466372426976,13.024994438902251,6.314899232506277
299.327370859501,85.78957152080051,12.986377607023957,6.328662156401335
298.89787016813534,84.59574090166888,12.946511865562771,6.319344396817773
298.6222995243736,84.58928241243811,12.899896891772235,6.332261375279308
298.4949948922177,84.00605679633404,12.856085134136796,6.305028519698581
298.3371969566236,82.10546679955365,12.874372855262273,6.241202562444485
297.441561866736,82.570761551513,12.88684048503438,6.200014333527359
296.30751599235225,84.05770572156199,12.787468512252241,6.185455645366338
295.6121433478775,84.05532791368505,12.70706777997627,6.19021126112022
295.3447408416675,85.3857706484863,12.655597627078123,6.167564035449632
293.75160349889273,84.22909382878615,12.629956368050031,6.144978806066201
293.49293277820004,82.05389896937952,12.564846729826566,6.126985427812843
293.51995209967083,81.04225791957728,12.510808086884943,6.1205343810420425
292.83409471461954,79.31403523036505,12.437221532622473,6.108256580990522
293.55320838080854,77.03292772190392,12.43785248276839,6.066125093836587
292.57702960652915,75.74409315033093,12.380862079182897,6.060346869939868
292.85813405593746,74.75297755380723,12.390886425297412,6.039761705728384
292.02927807941444,75.46983498703267,12.33316382619454,6.035575632734894
292.63521615144043,76.18548456497092,12.261246224053206,6.029224654246771
292.7760791443511,75.63814557265671,12.263348439698973,5.988589833007151
292.7766433192934,76.6292484664556,12.262220089814399,5.988461030429377
292.7910179795617,76.47781972211125,12.233470769277774,6.00818338764034
292.67588382042885,75.34812776927744,12.180681901872129,6.003109807938016
292.705318786114,75.36238810744138,12.121811970501861,5.974589131610133
292.8697228323133,74.53622756482136,12.07384592245525,5.941857950738091
292.59996637224214,73.41809559606833,12.054212555764755,5.941536740912587
292.309457586134,73.41913722084462,12.076669147429712,5.939453491360023
291.3639087602139,74.39977500972964,12.010757732414378,5.935186980445441
291.2570897002671,74.24060620423352,11.945860943379634,5.974989682509351
290.9513614206917,73.83673704103452,12.000768557463307,5.947904591306552
290.97721119353133,73.6865574364254,11.949069011784038,5.969654650630364
289.9955016328312,72.16966281954444,11.964884240907567,5.942923482243186
289.87745184079733,73.14098067405386,11.922985981336955,5.9462726786924645
289.7516526404408,73.02618725325918,11.897141728361843,5.898416866593568
288.53915706494206,72.05883772543244,11.836010734290033,5.899465364971047
289.5322361170844,72.05654205529038,11.777368391517617,5.904056705255166
289.278630518109,72.1776530413338,11.735418976988429,5.936415039408256
288.2951467587558,72.72653867087703,11.780710815515041,5.9367441689959675
288.4339123328706,72.86621619185404,11.778374084309961,5.932583544066452
288.7172577957654,73.68925786310291,11.761859703927062,5.937029837788873
287.76328792054625,73.0045166821619,11.745337299133478,5.931896374505254
287.63576762645647,73.69538057391168,11.725785514338884,5.923130455876025
288.7485053337799,73.81813241290232,11.693545527124726,5.951781206323844
287.79646749372705,73.6955934977686,11.67838489280587,5.9226824202448904
287.5345695769141,73.83478371985149,11.655276697660806,5.917753990464571
287.83181268934777,73.82851349943863,11.60684684285997,5.930294431290299
286.87494339914406,72.89188983809917,11.612844155745785,5.895800486447438
286.88691242639476,72.90363077370448,11.588906101244284,5.872318615236817
286.75369309228535,72.64318558550796,11.584074001605245,5.850667455913946
286.7571893019741,72.65241565352584,11.577081582227738,5.832207319878193
286.7521751808813,72.64159343260458,11.58710982441329,5.853851761720715
286.4954934772002,72.52496056545573,11.558622320898607,5.81619204057998
286.48950608960166,72.67881476683888,11.570597096095751,5.778340895413202
286.0623812859259,72.67923065189655,11.616712898747611,5.777509125297897
286.05332183636904,72.68571978864102,11.634831797861308,5.764530851808917
286.06202029147045,72.15544016836292,11.617434887658533,5.7447747418169195
285.4022856660223,71.0715416480069,11.589493947730597,5.756715477210253
284.8837502254911,72.29401523189533,11.549444315396816,5.735289464574861
283.9719884940639,71.50168733216674,11.494706510955021,5.7100070349210155
283.969906130024,70.85129077734435,11.498871239034745,5.675378956300051
283.8702039390633,70.69930279790763,11.431730427922512,5.712809722139771
283.24492278043897,69.62467938899889,11.351237617541521,5.732368335749957
283.3979192544824,68.56063787910809,11.31061496704938,5.737488974773563
282.35026941809963,68.54717729993601,11.287007402267072,5.764410133117694
282.74290726794646,68.6798218302262,11.29667739361665,5.764102969551745
281.1816188662423,69.59571778356573,11.237833188615344,5.788139984444989
281.85447801066306,69.72801456892186,11.215462600910755,5.788215953960122
279.7729603913015,72.62707929873322,11.149018051605557,5.805621202876214
279.28394970058537,73.94404712273187,11.072373985836297,5.808349172882883
279.3111397508303,73.93565417274182,11.017993885346423,5.825135072862987
279.3039259950518,74.33082515666507,11.032421396903421,5.82101993373337
279.31118979664166,74.86282020701752,11.017893793723745,5.805898495880585
279.33282010855845,73.81575536124811,10.97463316989015,5.806077581583075
278.9616446574623,73.93867299820214,10.933652250231152,5.821352914958795
279.89990836223564,74.97804312677255,10.882512488491,5.8287699695968405
279.2725677525215,75.0934137189265,10.836474269092486,5.858172673054268
279.02635467832187,75.35326206263447,10.808962168676956,5.858414234453111
279.5531700589196,76.78206639930522,10.793602274481074,5.856050445360055
279.0589399773832,78.85449952855299,10.744859100843048,5.85999753370755
279.198058705966,78.07877050734567,10.725271157765695,5.859558491592951
278.5690244930952,78.07767701959429,10.691574279130405,5.861745467095702
278.5627148424797,77.95780922607375,10.704193580361318,5.843587825047975
278.1924839544594,77.05843458683137,10.671347748443733,5.837952684963797
278.2093791776001,77.18176692437594,10.637557302162366,5.848476350598249
277.9683436000064,77.7018390362134,10.605889646753534,5.835809748115814
278.89411836124015,77.70824909532189,10.547640053095416,5.822989629898851
278.89902653082385,78.86079855479663,10.537823713927995,5.813852807649338
278.0160026124514,80.77839546401431,10.520229235253908,5.8007496651115495
278.1579793114282,80.64743091241847,10.490598491624391,5.808356113979158
278.1704481457112,80.51644077578703,10.46566082305842,5.816321531170288
278.17681220669704,80.52161276402997,10.452932701086798,5.805977554684411
278.0696231974717,80.5112092194718,10.413892833665226,5.826784643800735
277.95501162640267,79.6325684421299,10.389920530698191,5.811698082749009
277.3311430499394,79.76956037701683,10.374737192843325,5.79029831113143
277.72980209767604,79.90683647684293,10.333404481259947,5.767741239442598
277.7252487388022,79.91646453765657,10.342511199007696,5.7484851178153145
277.86688021032296,80.54885335673598,10.310054578474862,5.737739092200012
276.9988533229309,81.18766249905302,10.295103358783805,5.710838660762452
276.98234994960177,80.20270000974955,10.32811010544205,5.685050968216544
276.7340532488647,80.2062926036928,10.325680389759441,5.67786578033003
277.48874991333645,81.08169116137162,10.312405254149983,5.67253989052874
276.7345628174849,81.95786125251657,10.326382544258653,5.663662760099075
276.8743138191991,81.82808506456888,10.296001413048808,5.674094263775974
275.000077945475,82.83950517394183,10.311715420002908,5.642058173293509
275.26649042401857,82.82519151359502,10.275961272345661,5.670685493987138
276.0239544156133,83.4589772528912,10.252012007205545,5.645596280435907
275.9026284194357,83.46085650411366,10.24694932486252,5.641837777990999
275.52745973049116,82.85769016549806,10.254559361010207,5.61029155231994
276.3876965057765,83.72699602569277,10.264131483356321,5.601725504847276
276.64728233239737,83.9898097075412,10.239248280263322,5.570386591299118
276.54177617550823,83.86688865489701,10.20401909033818,5.569987192884223
276.66747532446743,83.36685894241178,10.19833586553971,5.5871863253753835
277.1739271972756,83.85714086099571,10.16913244698655,5.590322815270662
278.0503228901335,83.74232784911732,10.135174582667819,5.5744011931136095
278.0701905705815,82.76623426579302,10.095439221771825,5.56839179339442
278.58342167699897,83.48695587432917,10.045318511872402,5.5914608307254525
277.7386870018173,83.84909130627632,10.028618690219531,5.598405326266667
277.7475565655946,82.15305916122843,10.010879562664988,5.579929969007007
277.51772155816485,83.24623423575517,9.984483567921323,5.580876863168016
276.54863946317045,83.25597855048844,9.981375934159743,5.561388233701491
275.70901203056235,83.61420731057223,9.964663671690463,5.571773768256238
275.72393389612864,84.58228485665364,9.934819940557857,5.573306102218989
274.87802618824725,83.8582767755463,9.93406499310246,5.57054766738948
274.5342844924291,83.74756768412428,9.89633546400744,5.550228209989759
275.2573707596376,83.75452942140384,9.895165608287947,5.5363047354306465
274.42729868581375,83.63766427285066,9.871253994952285,5.5294556381108455
274.5727827723022,84.59535440922448,9.820395048551001,5.534949177967894
274.95722321069604,85.43195034516971,9.769865770349966,5.537911036113066
274.95306543792844,84.60960058792799,9.778181315885174,5.511338300278318
274.97620400732234,84.48855046437482,9.7319041770974,5.5150142228337256
274.9712353567492,83.54049706039807,9.741841478243552,5.508704676663752
275.10625638125487,82.9570607571807,9.709641264496792,5.4863681067763075
274.8857558690486,82.94684670809805,9.676671336705088,5.506796204941596
275.1393319441429,83.88780522821708,9.643208583613875,5.519636753092826
275.75122126834333,83.6479055859543,9.602265717127409,5.526301724852639
275.0602799128716,82.69770088653937,9.567707183415573,5.53812279747545
275.6760791425239,83.5227865366713,9.514916762990538,5.538282751643103
275.447487230121,83.76713858720994,9.50213815360314,5.519541084759017
275.46285925881574,85.52941473505712,9.47139409621368,5.512101234349478
275.47527810074695,86.35219421291315,9.44655641235127,5.503786317015408
275.59514174286903,85.53768608035823,9.440211761002708,5.499124151855664
275.71471440401893,86.356545606064,9.43427597110234,5.493871827240378
275.6040453308395,86.35327497072699,9.422581613444006,5.500413097914407
275.61540458367944,86.23570205634576,9.399863107764077,5.502589210549032
275.6309224582256,87.29021997376742,9.368827358671755,5.487577232264809
275.5292324467909,87.28851052303732,9.340252866440151,5.49099613372503
275.3130919465475,87.17209037449996,9.309357779892986,5.492248387282794
275.3155508043114,87.98022319264741,9.3044400643652,5.494034802042065
275.33313127821356,87.16763215145545,9.269279116560789,5.501464907381211
275.2152042478849,87.74971253862785,9.274422756627542,5.490856235988816
274.87619252004373,88.3238299615676,9.260623237345182,5.495659681717375
274.5323682387618,87.52440738643286,9.256820706613588,5.481118947630967
275.2300626825686,87.6474267391922,9.24252105794344,5.465261781936204
274.77561930273146,88.33854606624544,9.232603462767418,5.461229660105232
275.47682540938143,88.23408142242131,9.20710469357061,5.440673373736314
275.4949719961104,87.32434322514506,9.170811520112652,5.43007552924783
275.51296414876,87.32808810704184,9.134827214813516,5.422585765454269
275.6478106318766,87.21811519010342,9.092513731733751,5.415152116177586
275.66455788065656,86.42371130091094,9.059019234173846,5.4175859113874845
275.65832590503277,85.87043126224827,9.071483185421439,5.393307141066782
275.67294713651194,85.19542876472003,9.042240722463161,5.387652202470315
275.8956557474422,85.53627174138767,9.047649575221874,5.382205361063978
276.3468838041976,86.09652951809267,9.046799484011109,5.388697335528941
276.13834394925374,85.98803325579804,9.01288225126337,5.380191388800472
276.15057548876405,85.2070698008177,8.988419172242773,5.368164870835067
276.17243878139715,85.20396603034196,8.944692586976545,5.374372411786557
276.5250109323314,85.2038691059741,8.910761723937176,5.374566260522272
277.4383084192145,85.98189951370517,8.870054851037278,5.3811575333181
278.3416165032799,85.10046135017697,8.845365364145788,5.362107179135169
279.35804069322324,84.98213559754639,8.810987435273983,5.376706412061343
279.48662040675856,84.76296356208451,8.775613795619549,5.371478908152755
279.6075172267796,83.77119687239028,8.754990702967003,5.364477361035587
279.8281896719441,82.89872085850523,8.755136457150556,5.34346681075563
279.8436156472733,83.66933336145962,8.724284506492129,5.345000532867218
279.85992111004117,83.55976629596077,8.691673580956348,5.344174690572904
279.4224544829679,83.56131771651555,8.688767770123789,5.341071849463349
279.98632954291566,84.32679829606394,8.657839025443137,5.345660615667146
279.32512833328923,85.43118126475336,8.666361616643503,5.326694391709066
279.66459782266304,85.21797115946818,8.643787942502195,5.315537732541848
279.78035971127235,86.20393517003544,8.630528394123083,5.307987770962847
278.26236738625715,86.201486501451,8.615359145899301,5.312885108131737
278.59623220700763,86.09983287846345,8.601016192541396,5.298396791392481
278.7066180485904,86.09782444223997,8.597582667896708,5.302413663839446
277.41343546597614,86.10339104769253,8.575694773845427,5.291280452934324
277.41916041365994,86.10223561514393,8.564244878477817,5.293591318031542
276.9856175527802,86.10434194277136,8.564495475361081,5.28937866277667
274.8240134208947,86.76359072677617,8.554868400444775,5.270731696373232
273.4285658033562,85.7970683251961,8.535360289836996,5.25811264482854
273.22180970175646,85.90732821712224,8.517508863071669,5.2532746759585915
273.85454472148626,85.16344930493727,8.54404405105492,5.233693068311868
272.9966410136313,85.06151302481337,8.536644624022761,5.2221647732169165
272.7943934687642,85.92195870549868,8.510946391101957,5.2220467024662325
272.6938872573374,86.78118094901029,8.49724730648935,5.221294275172573
272.57979965532195,87.76039124464192,8.510927953015418,5.193324701452752
272.3732212097349,87.76979532443671,8.495628491932322,5.174516541863169
271.8297629164957,87.98173221710506,8.514126676543427,5.178010117273326
272.1588623513326,87.66410359781553,8.497982162840842,5.1712129998813925
272.59514434815685,87.87269850812292,8.480070783910467,5.1813494866257255
271.8501397779058,88.19805725547579,8.475112513738548,5.171332310780307
272.2804373057885,88.20381053598494,8.467814840544918,5.159825749761995
271.85772486597426,88.41396736924948,8.461151842056449,5.165556022291407
272.1752509987148,88.94280426582014,8.465156821989014,5.172977638172665
272.17359148227456,88.20033313246458,8.468475854869492,5.165494494598197
272.6089991771605,88.20669466193938,8.450169298133504,5.152771435648597
272.3006734179931,88.31755961579434,8.428899939175363,5.143681820369671
271.88877790454734,88.84093696273504,8.404009549423865,5.157778897292017
272.4298587565127,89.15962750605198,8.382029614598618,5.1565068721214775
271.8092174765784,88.00249096205523,8.353189261056718,5.142221285529021
272.4582263093867,87.37542557072116,8.321272876916115,5.130250786721126
271.938944122791,87.4856064988086,8.308139204524446,5.120228539662902
272.042690676808,87.07303831745332,8.310621378639919,5.105463773775716
272.14040528297454,86.24320839028564,8.324956348992337,5.087010166626541
272.3615440012138,86.97348998244357,8.302014154837453,5.094120330443473
271.5264654583443,86.34745361864894,8.296610180149939,5.08952226271287
271.6442420493343,87.07725244342265,8.270344241839565,5.094935318852
272.07956381005374,87.08269470314183,8.23564656205043,5.084050799413665
272.29285591025337,87.60847835989307,8.225634199767518,5.073913081202278
272.41434523326166,88.33431066555166,8.190621783224026,5.0780120761969405
271.701624216194,88.3356703494008,8.163475992311795,5.075292708498634
272.1264063028472,88.33884930602437,8.142158339044736,5.068934795251489
271.7211068537669,88.23880871265361,8.126210751624358,5.062379360597784
272.44959376152417,86.80202106582304,8.113256291100935,5.047915944276836
271.63054188663807,85.87628137248846,8.104541159580437,5.046724089491761
271.7448246901063,85.876997551504,8.081677770132819,5.045291731460684
271.75947597473726,85.06453720682237,8.052375200870983,5.027518749022167
272.17845905051234,84.95652840857976,8.032812744330522,5.0389354217549585
271.468001009621,84.96259389232148,8.022228521784616,5.026804454271501
271.68355056469244,84.96180613978632,7.999406499772292,5.028379959341835
271.7974156616789,85.06662788947082,7.975500170287113,5.022560324460551
271.813206275017,85.2738542661503,7.943918943610808,5.0148455545232435
271.1100036327143,85.38511774782057,7.930951190513124,4.9950861679974246
270.2167209964426,85.49239902042493,7.897331699064973,4.982766374343336
270.33512420046327,86.09904042694791,7.862059030457232,4.978685997899149
270.4517195160392,85.29818911658309,7.82980629126292,4.97288548296847
270.56867747597994,85.30070237904918,7.79624867002853,4.9678589580362855
271.88386841228413,85.50059756604222,7.762903023661584,4.967612618856613
271.096119165029,86.30218885389559,7.744252048916946,4.958579512404829
271.2088549767526,86.20268202799683,7.717618850833308,4.958754738838652
271.71804087045047,86.88695640627719,7.691459328739119,4.979303153700102
271.1387665287469,88.47415718959735,7.6596470445632505,4.9791975006145295
271.7432499573363,88.571121999935,7.638168519802529,4.9831826020089
271.1602584761108,89.95842731335082,7.618197604129977,4.975797690798884
