223.7,71.69999999999999,15.0,43.8
223.19111191250542,67.69937896263514,15.017776174989137,43.61894627667557
223.2053287157804,65.07797784808368,14.989342568439145,43.48856941749826
222.45120101861065,65.03051613128224,14.711292229819477,43.58349285110113
220.3654726908865,65.49177944689728,14.435581067161024,43.55039978349244
218.2746764663471,66.52289614231982,14.197573412692545,43.25600643406625
218.22962668415053,66.53959664295688,14.287672977085656,42.34723361045578
216.64634127476617,67.14424191714134,13.997888224808786,42.002031954848256
215.46895458373174,73.75871931724024,13.791032500774358,41.58122268516696
213.0478994647088,79.11433337507428,13.56852911514683,40.99922181684567
213.05877489399683,82.26594859643251,13.54677825657074,40.518226405175156
210.17998935163368,82.4102851848977,13.532812055553936,40.22955322824474
210.18775268996103,79.78602650100915,13.517285378899278,39.73708833117207
209.78132663352804,82.52674343778739,13.517295130384655,39.1327086258993
208.60589099894779,82.39189098447616,13.455484204364888,38.59818613412829
209.8434435708657,83.68091339294128,13.36681185046487,38.40657410713386
210.66419166077398,84.21827010957661,13.307577086656684,38.12299138186742
213.3881858290155,84.41352278990193,13.361637622357948,37.732486021216765
214.24795715214708,84.99969795334272,13.204923435519124,37.34154992404736
216.2351074200215,87.78280534297554,13.095555103506001,37.18624023001174
217.05425459620508,88.26208729351416,12.994826373606928,36.996459140168554
217.04423202586705,88.94290674318552,13.014871514283007,36.39906379391161
217.03701721969622,89.53445505512049,13.029301126624645,35.97204193627979
214.89456427393588,93.11601349980467,12.812819760462304,35.56100593343604
212.34320074385826,95.73075484092068,12.732501594165747,35.514568477655786
210.0966317397046,95.48452189542223,12.795741335062626,35.26871799075094
207.06894024446967,94.4477360952536,12.96355580244089,35.13445139492888
201.51861771193566,94.84400850971113,13.00834801610483,35.078963422774095
195.91999575593036,100.12644322341777,13.149536281133171,34.83307926587759
190.31337408350655,100.57513731195999,13.321430979124312,34.67178099858354
189.2069082211207,106.15039381401527,13.323768643842904,34.57423829473845
189.24116992669414,109.57079763357055,13.255245232696037,34.35298601628409
189.24918388361712,111.88924063467364,13.23921731885008,34.10269830299731
188.86717477728877,111.96363888782389,13.276018144872518,33.95390179669681
191.14887402749355,112.83124175885479,13.067050829129581,33.670173116190526
191.14605179264814,112.70564527980493,13.07269529882038,33.203448235006334
191.2153600795388,112.84197281571625,12.934078725039086,32.93079316318369
192.73765868715077,112.72912413038021,12.709122867734065,32.451580194376014
193.57167777330937,114.2478845696571,12.429074398262427,32.190038721513446
196.37409179988714,119.16242787134912,12.30599665452397,31.95401515960939
199.21115733625913,119.18332128682039,12.06883780267296,31.912228328666853
199.68425749159954,118.60045056360019,11.797398677606974,31.728447403877503
200.1606704077157,118.41713582879052,11.511811494983196,31.427838223888266
202.25048763427182,118.53434368717467,11.278856612820702,31.193422507119973
201.03743408428414,119.87219238744106,11.104108148872655,31.118580670510543
200.14729532791392,119.91636478940748,10.946450024247461,31.030235866577712
197.66556280641052,120.3591925442079,10.775067501205527,30.786436302732955
195.13412881121158,120.44340693107347,10.755841202745708,30.618007529001822
192.55521910130375,118.98150826181471,10.853594543863267,30.379263568333023
188.6556400622074,118.09769870963342,11.082283325464171,30.25426534854762
183.90470088647425,117.2762485978086,11.085810111697866,29.997495259150742
179.06518135075584,115.4236571803727,11.320681957827661,29.925011203899743
173.86072486772807,115.25318693688496,11.604733717554284,29.63314786547967
169.03247837294214,115.08215281558584,11.75557005283516,29.34150566445848
164.59953574207006,113.25991348030504,11.770500411293508,29.192717947897584
160.22344581983597,113.30595578540431,11.697992040071245,29.100633337699072
155.58054147010296,111.17170312476391,11.568066777919787,28.9751294768917
152.2466571122452,109.06826504531887,11.37634446019763,28.81687497813965
149.85887056757727,109.17666545690344,11.208818437423272,28.6000741549705
148.75294390210323,108.99801530345576,10.973580509086002,28.345601647044543
147.03920306124783,109.07750822393639,10.777651047053848,28.186615806083267
145.90987636809842,107.02354525411647,10.643891951272984,28.107819902083627
148.06976982756987,109.53455952296035,10.486085144847276,27.8423400644155
148.4297642131836,111.40969849949346,10.354018771086771,27.619596496151118
150.82844505011192,111.76782458425251,10.215469585721152,27.48569588769443
151.48208905452285,112.69995066403185,10.064053918212972,27.355252240106203
151.49863066031335,112.83625297012397,10.030970706631953,27.08264762792198
151.5505232249297,112.44350768580529,9.927185577399253,26.730467116210733
153.8629661937138,114.54762053336404,9.797653493659915,26.45567604319352
155.33899273280633,113.79882622824613,9.623835570042326,26.286323560688835
155.65103125217257,113.91408716696239,9.549842907521638,26.055801683256295
156.82107148427298,114.25667597362443,9.391555683749926,25.916072380039516
156.83709311933694,114.31952320757578,9.359512413621964,25.7903779121368
157.17359475332202,114.92486931445087,9.224719049030004,25.65610550514291
159.07483348425643,117.1847635449115,9.15919142633384,25.40711686041897
159.07231330032204,117.80950022299265,9.164231794202621,25.21585071022588
161.20042412838836,122.35544203893637,9.11968545544513,25.073777127760625
163.0632379420469,124.31927024774711,9.059407389926717,24.811470271937814
163.89536116267308,124.48222137841934,8.951496789331044,24.48556801059338
165.68323127173392,124.13601521580392,8.960909736653747,24.15365085998296
166.72687668934213,125.01827588341378,8.903949302821887,23.91187732580167
167.26835985851216,125.12092465753919,8.827167079957569,23.70657977755085
169.02939299084247,124.43913046497987,8.796467358167972,23.573868215724787
169.79308222522567,123.20261947124676,8.758024383559249,23.565331046261427
170.31286646439668,123.48335727384658,8.709448995979026,23.499351986442683
170.57547160325453,124.51647572523527,8.677914150710388,23.407816813453394
171.07867562847693,123.81817061276487,8.655097247697867,23.32904031724577
172.58343046080302,123.61428921027158,8.587121768528718,23.246547424651844
172.58920851753874,121.93988978961131,8.575565655057282,23.180410694148197
172.86735107028733,122.02199985951808,8.505972860193495,23.016190554334678
174.59520559519976,125.50551254973695,8.431857902125675,22.81235335741097
176.30325862327848,127.91588234340269,8.36755129263023,22.779898693882416
177.0440602855859,129.59231094737862,8.317556836462797,22.767462178974526
177.32216772887756,127.9733155306916,8.237463691636483,22.672600820049702
177.57489218287083,127.12166118135482,8.205331240692281,22.482643690554152
178.30873460127296,126.02247658519016,8.14769972379096,22.33092401637855
178.52687079325767,125.16576019415628,8.178232449363849,22.177136360276933
178.74959845085274,125.19650651490788,8.19793253029035,22.115643718773725
179.02906328502928,124.0476525852137,8.103633108210044,22.090200346798465
