32.9,190.1,12.2,26.4
31.21706762781397,180.42981865200548,12.175855157719388,26.815290796094025
42.67160163558086,168.2614228232497,12.185231500349925,27.027404181853697
44.53005655230941,162.05789028342792,12.106495212623212,27.307224109062588
41.52555418452049,154.65951740921363,12.025111428982296,27.48703741136613
41.243758498097826,145.47718459029034,11.978491043677206,27.54535030470015
45.479453988430244,141.14083621259252,12.050378013414326,27.674769109693816
47.573237881726996,141.436227761651,12.156446505978321,27.697362622885127
47.84715156040952,143.62285305297738,12.22419317877204,27.633130251343786
45.68267037548841,149.2094383569647,12.242302788652855,27.54500959755562
46.369463571789204,158.3760493360793,12.098470089455844,27.65809304039536
46.08008298861463,167.69980759531055,12.063248073961974,28.044055159066655
54.79382102485483,173.16952382843803,11.966360040864528,28.245715003843593
59.75825035066766,177.108664218813,11.959932231944105,28.429409282791664
57.225592886193574,181.0574049140646,12.043708141732935,28.62692879842242
59.4026199449477,182.62427094583472,12.078869284803464,28.62835049243842
59.36822198326855,186.39920899193584,12.14766520816177,28.61056744110809
61.86798561521166,188.45942497929832,12.177224682431682,28.26195052000017
62.471063406367655,191.03216449748857,12.219301942015829,27.485286430256224
64.56354509272056,192.6802105372061,12.329580501189515,26.643618311895096
64.48399466340945,193.41800704005695,12.488681359811743,25.771338806697386
65.21621386681997,195.0184013624261,12.804362502168356,24.944042894195967
65.90345595323943,195.3940809067542,13.19006113211006,24.192683805539705
67.19817658159957,195.42355075547133,13.512095299948216,23.551449023193815
67.88448295874818,195.73046160649577,13.874382678032491,22.937627321144934
68.0275614644282,195.96990912402444,14.16353306696135,22.45873228608758
70.44581618820153,195.86390534970735,14.484185518643496,22.09772184591856
72.0314356626376,195.37341886401634,14.750738622633515,21.93276413301315
77.83050083458875,194.9767834557452,14.65097500644446,22.151116613169787
79.96089714364543,194.5843141487546,14.425988859578457,22.359511445544243
84.23973531511103,197.19223410930024,14.507130757196268,21.751041252745793
83.85861418937989,185.81068712709362,14.133095415762481,22.924860952133507
79.65307929161021,176.8841568923103,13.852123751093508,23.973307931963976
72.8988343028529,175.7821478998115,13.783232112471147,24.99668403729751
70.80339011066174,170.5060722781525,13.744084338104523,25.88018120347496
73.3013102403386,166.06827433025688,13.681394245143224,26.739408078878554
77.1408060417705,164.7414077980326,13.540673270436509,27.50857348628786
81.98314461517633,161.8558527269556,13.411297018826591,28.183523151000987
89.41931810563297,152.21492112838897,13.365358779198907,28.77121880477415
94.62924446624848,147.16175501884268,13.383682745496428,29.09176037930869
99.5332663708287,147.96671220902803,13.436188119586333,29.45395583558811
102.47328881524753,145.49333562927703,13.528140638856748,29.755822122117188
105.0373223104047,142.14116609141828,13.756504207734837,29.764622998844093
107.26760597128376,141.8933640843724,14.011707301755749,29.586545524967438
107.94977775040608,144.47536338169476,13.998454448826713,29.826909751585205
110.68881352823922,145.34077437702317,13.950914379386907,30.132537068263318
113.4428905235738,143.7936095476945,13.902240324916221,30.497126758821416
115.5029713374952,141.2648425479238,13.903384706458786,30.746470414079916
117.86492029753883,143.22538465637933,14.013174955785665,30.968547485238076
118.540257279627,143.4781828312099,14.053858669417469,31.158629974481066
121.2328097351148,141.4738463526383,14.261980423494359,30.9723829328349
123.91573595868185,140.14457912227988,14.496887146883218,30.830537808290217
124.53025412560386,141.58175299716555,14.672122629215357,30.764733690871154
127.70763830544286,141.69082132955427,14.655442091842353,31.250829006349843
130.59984572595104,141.0913264793604,14.559232284844093,31.73879307748528
133.4473117137424,140.40942011339519,14.59585388424344,32.38616161254291
135.98848405890698,139.1066906307531,14.598955901208946,32.81214341755797
141.45762499591274,135.41482098484784,14.651609988838846,32.86859206827422
143.97581575724078,134.6623864941852,14.756545803188446,32.90451323902641
144.33675751431318,134.5752624106105,14.771501789380022,33.078761406175815
146.7904102439788,135.77317794809784,15.041613556017367,32.901823428044764
150.06554636311893,135.7075682761279,15.167558313786337,33.03304277198468
153.8507639021757,133.28852933924566,15.056279488106277,33.39562689428905
156.49524127786097,135.44508630197677,15.01195622651629,33.57791138863881
156.86910768331066,136.12269647676717,15.015323885395498,33.724891978615176
159.5174416682188,139.03827777855918,14.991701164479979,33.9200668023463
159.45776706046502,139.0013383131364,15.11105037998753,33.99394573319187
162.0814289701287,136.71362103880506,15.175876899477887,34.016108562867885
161.97372970369312,136.61454793194827,15.391275432349058,34.214254776581484
162.27054045020628,138.9355339778403,15.564654613355263,34.17428672899251
161.10771367477145,137.22718487180956,15.58192153977095,34.51313610844871
160.05422910086256,131.18165547168925,15.36482835537526,34.98388324762179
157.7410647174331,122.28246995081635,15.324965336428235,35.67288440807911
157.69586502742118,119.09068508555265,15.415364716452093,35.76068030440268
156.91676091665494,119.0479351072745,15.393893992370835,35.846180260958995
155.76366755268606,117.83078904667124,15.327989030340214,35.90838069219718
155.64749140637753,114.2997238528371,15.560341322957303,35.856627002050296
155.13126435409816,112.71629949673216,15.79900718264021,35.84832273475693
152.64815168971398,115.20294501506362,15.977978440263561,35.66228576923901
155.7017878061833,115.68137792552756,16.25731119748525,35.50374557208117
157.28506736166918,115.54262732374563,16.294445589446273,35.78124677564504
157.71396154873895,112.5327870167614,16.242264675732027,36.161675166636414
158.98071038805688,108.41203589875539,16.13941812124076,36.30100698883322
161.75881215734,105.73865322727674,16.256232008603497,35.97475490586151
162.08518839769593,104.17217269919006,16.41122781940068,35.876722795998774
162.02273977717098,102.15320894414296,16.536125060450544,35.86944155450424
161.87036999608046,101.33829776821392,16.840864622631642,35.877018178709605
161.37937999560285,101.77950925073013,17.006285062898336,35.81115477436574
161.37591388144958,104.56768092498697,17.013217291204846,35.964207001888795
161.36511379555824,103.54971585858449,17.03481746298751,36.35846320473456
160.95586115505523,102.65714197132631,17.026364894802583,36.489695280869036
160.19998476069452,102.47291701092561,16.88067544428555,36.85814520167041
159.7646396334382,101.98020465615444,16.919832947886402,37.01203716030099
156.74480662763534,99.94785255099761,17.11830803632872,36.90446213978364
156.69976821132374,99.98711806762275,17.208384868951903,36.825931106533375
154.5498973895527,100.17876632151307,17.32414447345074,36.442634598752726
154.0957179339857,101.03125459756654,17.399272171040145,36.40412047373506
154.04485889259388,102.60350568162286,17.500990253823787,36.59553106678992
154.00555062280228,102.7537393075766,17.579606793407006,37.133605198180845
153.95056220931616,101.6952077453338,17.689583620379214,37.555154230792
151.36721697196924,99.09434113924848,17.72136405094234,37.621977398831916
151.3202875118711,96.78219289519463,17.815222971138603,37.95954166301254
149.07253902864846,95.90189553163324,17.99120973755105,37.99233231012217
147.6917074019511,94.9341078704072,18.15052273247839,38.193007460262685
144.50941375121675,94.78861563882882,18.403042837154683,38.48399192341948
144.04963412299017,95.33656684453035,18.440807442550167,39.1516788141317
140.86157357847142,97.22538807144166,18.571621546329204,39.834969921208
140.84555705975492,97.22435234060458,18.603654583762193,39.837041382882134
137.63742396035087,97.69050643483013,18.684837138374498,39.80974514360186
137.676129903045,100.81446743565043,18.607425252986282,39.90404805272973
140.85592551901186,103.3834232914714,18.590207664421804,40.2024566068329
140.775723656973,103.31867103373503,18.75061138849952,40.331961122305636
140.29296413546675,102.79170501342384,18.801345769504675,40.471108500920664
137.05192519770566,99.39328972076535,18.859546409253866,40.84406185046461
134.38964552669685,96.79481922463822,18.639258078368695,41.42029644863321
131.6257705389404,94.06857952009534,18.595083403184006,41.30085120702138
129.8608783153312,94.07484279556832,18.42029079394611,41.28832465607545
126.13522991751181,93.67659299355435,18.488456791902898,41.161932910393105
125.64574390627811,93.48319880904482,18.545173835073452,41.54872127941218
123.27329114315042,93.28604934298022,18.645754565041532,41.94302021154139
121.29579502248012,93.29128113995189,18.855331729525915,41.932556617598046
119.82390667023434,94.19555696909457,18.979452083690862,42.00377585953044
115.81148544970837,94.13296381961243,19.459505657431777,42.1289621584947
111.80580902856272,93.45788695073267,19.844217542993178,41.57245565707176
107.8149474835704,93.6747632076929,20.210425854029705,41.13870314315131
104.31312261081587,93.33796937811596,20.55028245782937,40.86032035348954
100.9194177527445,92.69884616114365,20.661218642304984,41.18478485433886
97.94867551355547,91.79502034962866,20.83998942860753,42.03198419535626
95.9135084838699,91.22019459579224,21.006534227603765,42.20568838793538
92.87955832673597,91.12047594797122,21.186194688202935,42.40512568357743
93.02918772537555,80.19239674970285,21.87433812735496,42.53843487862768
94.77929437592432,80.22343366048388,22.379083797188564,42.476361057065645
97.16916296886302,81.70802155437754,22.644405893083842,42.534220838341916
100.51983446715786,84.7128767878587,23.043980355218135,42.611011050285875
100.3924793509478,87.36588139029513,23.29869058763827,43.4393601495631
101.37594736313311,90.8856557776918,23.4096727432978,44.71148409489029
104.48949357989285,95.32143521400202,23.54006292279837,45.37614914179995
104.2801198693661,98.98552723111445,23.958810343851862,45.549084793844145
104.71257867837446,103.19135608403498,24.17522331277226,45.78807178349995
105.17513154550245,106.66774194155143,24.338679550209072,46.455233870316725
105.16243875432741,109.6330480256531,24.364065132559162,47.131699572589284
105.14380866264494,111.83783031265548,24.40132531592409,47.168349809444706
104.64920696156202,116.00383506794194,24.277795272974625,47.73820785979417
104.6355877031148,119.02543364202253,24.305033789869086,48.40879846192911
104.61657161827836,121.09952581571426,24.34306595954194,48.7776606303533
103.46484217364367,124.9200623675674,24.375884060829005,49.08383028458506
103.28909228012081,128.85276536999,24.727383847874744,49.20101026230572
103.22423805943605,131.99266237700033,24.857092289244264,49.81022035302614
100.14278868331606,132.14510872704832,25.22333395735703,50.66465906975559
98.82449267579287,132.39423885543226,25.503571593964576,51.34457600220712
98.07632348517856,132.7878378679287,25.80693048982234,51.750357462585114
94.47579096408339,133.7271318487204,25.782973870375695,52.28011005488065
93.86693075821236,129.6828653997796,25.789188432640064,53.09960785589618
93.27476337527047,124.9833490684274,25.749932827366877,53.933507920501825
92.06487850493191,122.36284475745471,25.699545188747855,54.2342017838549
90.93043179635535,122.04025338790682,25.491268296235372,54.87938452295068
86.40737536513615,120.6137140973004,25.82695719318936,55.243770542596565
86.25726480125398,118.3362517773293,26.12717832095371,56.03214492184356
82.85886691311961,118.81853621317981,26.562774344763515,56.3398160006343
82.64146689125819,120.6716858746997,26.997574388486356,56.48649530854152
81.16696988519375,121.34082972443665,27.358482882502905,56.442250368123844
79.7017247459673,122.54435642322522,27.68962300145222,56.63454713005029
75.51966632264508,124.01014740961506,28.204328109292682,56.31943573687191
75.39497403587063,125.52384685248872,28.45371268284157,55.91712587875688
75.42442115669931,126.19921257692255,28.394818441184217,55.87735336835124
75.34931181335686,123.88802746180299,28.54503712786911,56.571645896980186
74.71027893711462,122.19207153527178,28.500973613096622,57.319299215528666
74.60161239077117,121.4982713895819,28.718306705783537,58.70689950690844
74.51197253231231,121.59146889304189,28.897586422701234,59.87687887426174
74.38574930792622,121.74110501259683,29.15003287147342,60.954184266081285
74.38407773853322,122.08310418237991,29.153376010259418,61.66687687201612
72.83083847027035,122.53026339295992,29.44557312016909,62.179699164164134
68.34818552847138,121.63013437731985,29.89261822230117,62.560247065199974
68.23342004397357,119.75956897971687,30.122149191296785,63.43528132942815
66.14509878684495,119.53523327572097,29.949370015964078,65.33375996728329
63.13897202867636,120.14198196385044,30.063911569487182,67.06911857243142
62.99029414411006,124.60995761078811,30.361267338619783,68.6446861184918
62.865886509696125,125.58794568814008,30.610082607447648,69.74817173212932
61.06154349441361,124.86229399719153,31.118552471676402,69.6493670308583
59.35104915223039,118.95223814562789,31.424292698648,69.0084849044062
59.1456321364613,113.78843378343606,31.835126730186175,68.46029742573268
58.79765645477203,108.04262768385621,32.531078093564716,67.52867330193669
58.5452800389996,101.46381249723248,33.03583092510958,66.7231588211204
56.83551420575507,90.26602689578401,33.35845751951827,65.89194198341454
51.06383371692385,80.53786264834098,34.108777726949796,65.30405190501463
50.00931104158822,74.41236491725684,34.67165632218808,65.18571332371911
48.962120252241306,73.19947052658287,35.21194435987894,66.05740856406408
52.67103984564595,77.6783089625232,35.67505533855265,68.13306192385961
65.23529043137707,84.1549794777862,36.38130727120487,68.09709744539083
83.63640183471935,90.78262337659794,36.98321457206202,67.8519418590862
102.24503287818659,96.9290501406158,37.323963478635726,66.9897873290747
114.98429452435266,103.1055198056687,37.862140960245696,66.01915458756854
121.27394506925202,108.6558613576191,38.24950190734506,64.64346801134131
126.73344530581616,115.51510124640492,38.5793517700409,63.78081718899723
126.82592399741952,121.69054263874189,38.39439438683418,64.22761893945838
123.66003619968039,127.3228086029476,38.31320068578177,64.1857832799756
118.59465698027374,132.73548892009495,38.83645969094292,64.56917198494173
112.05299168093052,138.6529466844251,38.993547231154594,65.66049951475622
109.39866078598158,144.77632796063304,39.398215594980556,66.49105276519877
102.33373951054837,150.5818109202011,40.29729319415367,66.45700617879436
97.0435885148026,154.61871178637398,40.86657366438889,65.05721879395281
90.61076801508855,156.78981164190407,42.131952384239234,62.37219940854655
84.26512983019491,159.85474981796293,43.35723051704079,59.51832255271053
78.5315705712657,164.84512867167598,45.13385660631942,55.9978931310043
71.66322890463651,167.27720219024826,46.14792434448043,52.72407304324693
71.4481747320182,174.3877608476964,46.57803268971706,49.396202320888065
66.2871637958622,170.0057010309215,46.321357979543464,47.58162537195222
66.04002304235378,175.93662376170073,51.98929417896586,55.19756942485876
