211.7,89.3,15.8,4.4
210.48429102862235,90.11848331409111,15.705503575292546,4.509679233250774
209.30201295222327,90.21205433548998,15.62285983288209,4.628437177354114
208.28967145996555,88.63354549084708,15.498938210284209,4.7160197136208595
207.12601277351672,89.66715781914262,15.371738667478308,4.796497358270381
206.42438101143864,89.62845105829686,15.242501838363633,4.8739108799619
205.56986037297858,89.28095222021012,15.114985490519954,4.956722681214099
204.55871428634964,89.23752859363107,14.996662000589023,5.043569934372206
203.24510471278197,89.34629252908424,14.87250418303381,5.131750615098147
202.08671708936467,90.37587071631724,14.744893896387145,5.211431582428206
202.08421535482773,90.04002348265226,14.749897365461054,5.272773954531736
200.88890522771067,89.86175731447705,14.689635253176576,5.322945995067326
199.5050424376844,90.60581235188408,14.699694579248675,5.3668727280201605
197.7176495073463,90.7257243521236,14.586332834632774,5.4343943613154275
197.15657574480403,90.68606901661559,14.480715469326576,5.513705032331475
196.51163719243735,90.82462505278932,14.543175146821154,5.543447316793718
194.9750412084003,90.49635847370381,14.533516980500838,5.583410448085872
193.9357352581031,90.60771665533605,14.450080225875418,5.669558178424226
192.9149421216728,90.71821773569954,14.32720011383785,5.757765501254151
191.84816587646006,90.08827542108696,14.297629629288389,5.781579859065044
190.94194222084295,90.20185755576121,14.255979150233937,5.863431888097972
189.75839511022662,90.01763692626324,14.144088739297938,5.9220000680728235
188.85990274417998,90.30208716767555,14.085283020533126,5.9716964022008865
188.1332445629185,90.92098433352396,13.991951761836633,5.971220167479658
186.66906190620074,90.28686458731067,13.840599568633571,6.007572657250821
184.75516262744313,90.72694074851117,13.684885828025385,6.046692403647563
184.46191751658915,90.59939437073868,13.66166101311218,5.996927640881966
184.60499928001536,90.60482419091971,13.67914186150065,5.986068000519908
183.97621320019977,90.61871152356682,13.72188897463476,5.9582933352257035
181.99277353736076,90.64185393274599,13.738906875446299,5.912008516867366
180.36876555986277,90.64246510362842,13.651013547799614,5.910786175102474
179.65459899313214,90.62397610405823,13.569492656617722,5.947764174242881
178.47302016846257,90.75475942186601,13.521110881095424,5.987639966735009
177.29345611179684,90.89837785342745,13.46869155404966,6.001846533659301
175.8369929032875,91.17811099609824,13.372287368622596,6.0442463688068635
175.1319235644834,90.26411964045147,13.28103326867084,6.070557747028495
174.58336551074493,90.24999166779729,13.180493061451571,6.098813692336834
172.98376796827216,90.3899455675487,13.096775036814199,6.117352539159766
171.83348189232754,91.12735199271093,13.016929459672024,6.1303007694799145
170.82643660979477,90.96263545256271,12.95471265704813,6.163118511535012
169.80460925675936,90.80266832674646,12.92440234477331,6.186772046260988
168.77571712240498,91.68165961741516,12.908432423406644,6.206293056416758
167.61959551017875,91.52033033918549,12.849817169520243,6.23259430308377
166.4522488867003,91.23591964057967,12.816839200845482,6.20949789638753
166.44172142918407,91.08635544619803,12.837894115877917,6.213550336448957
165.69774340678765,90.92891309050987,12.848581026820984,6.2329812210553115
164.44692090070822,90.79552760503272,12.982645459634513,6.203804619591473
164.3878230690104,91.7020919845727,13.100841123030149,6.175056466956521
162.72567474698357,91.71841791870602,13.140330882734046,6.142404598689899
160.52456460350064,91.70183189889671,13.063190947887877,6.175576638308516
159.166112923488,91.70598117362495,13.097381204200676,6.167278088852032
158.38490408818546,92.02783473235189,13.167635462689077,6.120436336244829
157.7014431138555,91.46443400105085,13.340006848776271,6.052687236274215
156.15339128951925,91.61853789290518,13.436532842706331,6.044437218039766
156.42857951372036,91.91008309586749,13.488585951612471,6.063776369423514
154.74633434257157,91.75666054738409,13.527665355378744,6.06831138106928
152.60891160553845,91.45135888193477,13.561112608879574,6.073000680458593
152.35593606865493,91.73933162448476,13.460013978736516,6.104104899268703
151.06355219041902,91.4203597517979,13.321354702470007,6.136842637367219
150.33734304786884,91.39349455136275,13.267967288006185,6.19057303823752
149.45399905235368,91.38614477757342,13.226712201374685,6.205272585816175
147.36043938214692,91.39087044048246,13.20011417406829,6.195821259998102
146.93540427821372,91.37543175551805,13.14890216361893,6.226698629926905
145.47460718244645,91.34811181497962,13.068297476494347,6.281338511003779
143.54703126296752,91.32026646654153,13.023501921657628,6.337029207879966
142.52048689878853,91.29058338547483,12.97442050468708,6.396395370013342
141.47022661070812,91.27510312510772,12.970581282270853,6.427355890747574
141.43415608412857,91.25676761257012,13.042722335429968,6.464026915822798
140.06878179132474,91.53874522387294,13.04832559701492,6.505659542999988
138.24928964372793,90.94229197041503,13.044147645714075,6.484178634417642
137.2042087047971,91.23870317818202,13.012162843168204,6.497683841857263
136.31094011369427,91.39004404696638,12.98112322668413,6.4979315707368235
135.4081177035452,90.80946364704991,12.971892119370303,6.449175085495123
134.9541288471475,90.8309981422826,12.975368851962916,6.406106095029735
133.14411279003716,90.85976543688587,12.985740579943958,6.348571505823197
132.271949740809,90.85708810655,12.930314397100865,6.353926166494935
131.27904201610767,90.99534298636245,12.821439431474198,6.3766578947313866
130.28068006006845,91.13388507537736,12.73186274043506,6.397616660004049
129.23075264998377,91.28691860226282,12.752058411845102,6.3886437703416075
128.06944215529344,91.27473482428631,12.696801424232708,6.413011326294614
126.47655461648095,91.4095067694208,12.617263806587998,6.440314044686502
125.63523339825474,91.54864148866183,12.52299411913224,6.458196626855813
124.77190772603095,91.68004503289085,12.479182468377758,6.490466704264796
122.87851674535966,91.8151781134208,12.43110183847727,6.51518997330052
122.0301677296522,91.36191399454036,12.359551248623372,6.5375939004270025
121.17071331849063,91.33835332726144,12.314215283748203,6.584715234984829
119.98944853037875,91.91856517118589,12.32329030247788,6.60101882588296
118.65936944718608,91.6266792972533,12.332094731223284,6.595600854272601
118.08870089525234,92.35352447411967,12.294905182728183,6.61506881599312
116.48507237881991,92.2079583865788,12.26357045479225,6.611783558274801
115.12255971010944,91.19631201193017,12.343500309709043,6.577779821179915
114.06393036108724,92.23952163221887,12.399300542449541,6.55281904590642
112.7630621025926,92.23065055702702,12.347055108547467,6.570561196290132
112.56732778122849,92.23977990585527,12.444101157133636,6.552302498633618
111.05480445477139,92.24773199160612,12.513778765836483,6.536398327131946
109.67444099034323,92.11214692240011,12.607915408128378,6.511280655925671
108.75672106235115,92.107760090587,12.659926254356197,6.520054319551898
107.36246868124792,91.07911552866864,12.765056143487005,6.490274097663141
106.5868084564612,91.08141630103907,12.820470011379433,6.48567255292226
105.79497646594947,90.94614829914298,12.904563454334207,6.456294449100711
97.75278702321334,91.87004241048615,13.055126397244685,6.412334446327023
96.6519453985125,92.04505668959783,13.142254912637974,6.364385135819134
94.8785719049246,92.34133018477267,13.0587655499688,6.3768775371102775
93.53789095698663,92.32514404355162,13.026473031834653,6.40924981955239
92.28250662783502,92.34527266368447,13.124386994361451,6.3689925792866875
91.59912461912631,92.07483530812299,13.281795686034684,6.3051896275375645
90.37058550481451,93.131793056353,13.310670895843714,6.31595177254029
89.2865584260416,93.14079791243641,13.349787653906171,6.297942060373476
88.35434886024319,93.14988905819091,13.387866797891794,6.279759768864503
87.40894658972567,92.98684257249454,13.450906703709384,6.301225301054318
85.29352455819844,92.9671392768813,13.398865859019566,6.340631892280799
84.10730426651571,92.64583566459862,13.324508344280241,6.371539592319966
85.15243645349224,92.35065474950146,13.371372514406117,6.351293267063166
87.25433485834998,91.92105054044008,13.446463393935781,6.2935971803476995
91.36618429497595,92.24043427936081,13.477270303744287,6.2662745753255225
99.39375694475956,92.41505056124404,13.623884183354436,6.222735580977508
107.02700059227303,91.32419235832087,13.710598258290222,6.25500379502906
114.24912566810275,91.78837099771226,13.784170455179595,6.2533160278557975
118.44026905340175,91.78112798649266,13.76997399543604,6.267802050294975
122.74588022579006,91.79453850929121,13.838108721877552,6.240981004697874
125.6894297171582,91.78084357862649,13.850437854363435,6.2683708660273485
129.23588005804316,91.61656324000894,13.914124455026839,6.285775574460986
131.75554879592346,91.43224690790731,13.87296847862553,6.342021894954273
135.8357081736093,90.9425439080613,13.844792350346314,6.383103745366403
140.4872163470758,90.15053646921369,13.934308131344286,6.401696601739821
143.7392667624762,90.31517770085998,14.039153509635302,6.3871258626897145
147.04353406912202,90.3307153070424,14.066208103610908,6.356050650324886
150.24468247501412,90.14734312803496,13.980478100144534,6.406966667923852
155.28511043899803,89.66253846649515,13.994832466900801,6.430150025873103
160.19969684096407,89.81236560143766,13.964450413072505,6.4465857801849475
164.6101766323743,89.34247903125305,13.989693887735104,6.43855145010958
168.08536547062147,89.33732912664038,13.994888579578319,6.448851259334909
169.71916780363338,89.4824836256179,13.891466047712935,6.474960474795693
174.61299759072557,89.64625852011984,13.880272997605436,6.462780573665264
178.09069784884989,89.64544492624002,13.854742782006335,6.464407761424916
180.47745335261823,89.61887308997052,13.800994937838567,6.517551433963927
184.2354434880665,89.44519208324797,13.840111482633198,6.550117746755198
186.18462973711604,89.28659845808126,14.048877236899301,6.551371285368245
188.93890855781848,88.17186112307122,14.282258708719857,6.547869633578434
190.93486751053177,89.14596834240827,14.480640161749307,6.533639514191765
192.22967341367917,89.1154506713907,14.490737878683596,6.594674856226916
192.6815516342703,88.62619185511585,14.565524768695123,6.594649157582835
193.93033790016787,88.78898213191722,14.686089434068911,6.596335753626199
193.6086695739395,88.43994001723283,14.671331249401678,6.636325145871051
194.81328575989568,88.57128074162397,14.568845170634166,6.70317888182372
195.5219092154469,88.69967141455678,14.46846794659045,6.775614957722772
198.62875502333603,88.20387203719648,14.506215215581943,6.780144414848174
202.23441436353392,88.56445383403008,14.547237867772099,6.718284578688787
205.92124543523138,88.58011866931454,14.744428377793307,6.686954908119857
208.6656552967405,88.41323374054156,14.890857118197806,6.689239561935075
211.45728508711508,87.23406098929674,14.979676001205391,6.712023344054305
215.04965615482493,87.21529363448492,15.172438526658492,6.7495580536779265
218.40782649638533,87.05873267159859,15.23205476365584,6.72388213344467
222.37321468191607,87.946542260243,15.442330875525338,6.644315556766465
226.48695813582634,87.74134398284932,15.395305333679158,6.71385955463826
230.53667532725217,86.74398542717876,15.489458674098177,6.660179735161696
234.37544809879108,86.59099521693396,15.673653574741984,6.624345353750367
238.51189623974204,87.6169422732149,15.653018491047652,6.635516540740388
242.7865892028905,87.25161899972866,15.69722850989575,6.6786754121012635
247.10149841503258,86.71661252797448,15.696083889533247,6.7132474991390225
250.91024175815363,85.8267882067125,15.6849218997396,6.764185983379232
254.24367745193354,85.78808040902584,15.601187105340292,6.841601578752553
257.22635245884294,85.76913900071729,15.528619083955837,6.879484395369632
260.21490947721185,85.78572129261174,15.43774619852028,6.846319811580736
262.8105286236524,85.78006340735682,15.411729009474772,6.857635582090593
264.6334196450102,85.61768125962384,15.551814613545426,6.8382300914850775
266.089547275966,85.47457156450216,15.752293502943276,6.7785901315829395
268.6174983492661,85.84261635373204,15.912045665365394,6.737921127659448
270.17846214214774,85.8337077706305,15.933827847128354,6.755738293862541
273.0906999303578,85.82436544194933,16.0581864584995,6.774422951224886
275.53896526742864,85.79774336580975,16.090489598361916,6.827667103504052
275.9768130818122,85.76272697726334,15.921732864055953,6.897699880596869
278.3422305947681,85.72338140307365,15.7703601094534,6.976391028976244
279.98099546877665,85.70750136899454,15.655973646831566,7.008151097134446
280.65701351417783,85.70100285969669,15.70537623535678,7.021148115730178
281.4361199069742,85.72369481883895,15.903688453601767,6.975764197445638
282.5373132803757,85.75063257594923,16.17497497363035,6.921888683225101
281.64325390511567,85.7499772533619,16.181302589568563,6.923199328399726
283.17221392969844,85.75933497208526,16.33163887269664,6.904483890953026
284.887674473682,84.89426530486979,16.483869395868695,6.843047419814354
286.16423815416357,84.8787791875246,16.446710042026158,6.8740196545047425
288.5474531193975,84.86526586775129,16.352965452962252,6.901046294051348
290.9330581305113,84.65850609777478,16.24306709842507,6.956003398028198
291.3719134633115,84.62118809708096,16.081249185260113,7.030639399415843
293.4392978120951,84.44983749912544,16.229541648034175,7.0164188319650975
294.7834647043607,85.3774715157748,16.41175364149239,6.955241909909711
294.1620276497793,85.20737765309731,16.573511831452908,6.935057662197304
291.860177578921,85.18633632217082,16.466646603470245,6.977140324050287
290.2455999834352,85.17417068572199,16.441823444109716,7.001471596947941
289.04018878693773,85.1483381981348,16.321270737559267,7.0531365721223285
287.30403236445983,85.13088198223338,16.185640006121854,7.088049003925177
285.9188411174496,85.0911678692329,16.08045282785497,7.167477229926094
284.90562200359284,85.07935886600816,15.950973760667763,7.191095236375579
283.81198030943085,85.07210537671139,15.991125602295964,7.205602214969133
282.55746557174564,85.07354764288476,15.989304448918087,7.2027176826223975
281.26484230855795,85.2737908711271,16.06423995149302,7.160847086680644
279.98614740016274,85.26907747947168,16.10885547203704,7.1702738699915
278.6557244151466,85.43768647427562,16.251236096021188,7.192836644104746
277.07748385299766,84.51804837324401,16.147533031315863,7.220899407832825
275.49132892052455,84.48774379038957,16.06875504945087,7.2815085735417115
268.8277328319251,84.63730944437229,16.0333051179916,7.343529754999484
267.4386968680988,85.40532441945886,16.279305148950947,7.254398031508227
265.53182290143826,85.2501949054461,16.45572500010559,7.20092425131713
263.65418072669974,85.2599289100375,16.55751960119743,7.18145624213432
262.47526921535007,85.48709410678185,16.716463534061138,7.093605696951529
261.2630159734184,85.73434950821407,16.937612525596286,6.966321142808487
259.89382011021917,85.77467453507118,17.098877139186346,6.885671089094245
258.9155589927777,85.98914181256201,17.210154133656133,6.8257855821952464
255.31714201395002,86.3272804646684,17.01535381848469,6.888671705265118
254.6801336630846,86.10246098698428,16.817772781326475,6.970411225911112
253.44405606704612,86.08928245054909,16.724394405997245,6.996768298781479
251.69261220546676,86.06776693363665,16.57103522475978,7.03979933260638
251.39456047103815,86.23398537640506,16.43879579916319,7.071533894296468
250.31107676060304,86.42268194401838,16.428842283045917,7.056960915234383
248.9391433450511,86.62569678393135,16.635778921983956,7.013349834289264
247.31730196273304,85.73348262198459,16.96235215507204,6.97458470096526
245.9337315229619,86.46106074622932,17.14883963618225,6.994087537294177
243.56857094888136,86.3947623532721,17.047052387128645,7.1266843232086154
242.44701387486327,86.52950166279906,17.05463484836489,7.229794318621336
241.84623768259135,86.31479507238554,17.132610196584633,7.28468182067368
240.23781433026744,86.4677661987983,17.336460542545918,7.355364112683945
239.19154933962477,86.4461016667403,17.52487729771455,7.398693176799966
238.74732952680515,86.42201724112189,17.64469071390864,7.446862028036773
238.74688361188785,86.38712544245557,17.645582543743224,7.516645625369414
239.23211295171055,86.35999565339597,17.839562743829106,7.570905203488624
238.6419292302854,86.19767207780197,17.844196989514096,7.5036412889548565
238.31545392796514,86.7896234858185,17.715574753661947,7.492097733660831
237.22406215570152,86.80687119478127,17.566017534310404,7.457602315735306
236.8413128539026,86.45301622123212,17.559614178317332,7.393410303242638
236.0002215114982,86.87048510133377,17.702911337155403,7.327915306024662
235.6941474199855,86.71063892357493,17.929431370508837,7.261979511870346
234.5808836360598,86.92465016836347,18.21735363399657,7.221678083166016
235.10374725107786,86.95157879311331,18.345067491317003,7.16782083366633
234.56848944353922,86.75522708802093,18.239523231009436,7.168504285389487
236.00237000653894,86.538485661263,18.105366989144635,7.211472155457544
236.22230636909575,86.3364636208593,18.054847617687834,7.22616288260816
236.69002237577985,86.47308068543602,17.897192618256216,7.3418172604230385
236.97413277963292,86.2515568000833,17.71764957294579,7.396187268732738
237.0420217883748,86.41028942633812,17.581871555462037,7.465775074642632
237.2675794914304,86.59926981160525,17.517080992482118,7.474139147239695
237.3664716998011,86.8121828739331,17.704832675100818,7.433849121944119
238.14368303785093,86.07800322400463,18.088090003228714,7.352064418418992
237.83894798553985,86.88452621974206,18.305948043630195,7.305466683826791
237.78466942294799,86.89434735611674,18.414505168813925,7.285824411077424
236.75230026992978,86.71188325385363,18.503594933817396,7.255622907397064
233.964194731567,86.73514163666795,18.53761784764753,7.209106141768429
232.68886612536355,86.51822581345102,18.319589727022056,7.247411312054758
232.74824524766757,86.35664033315808,18.200831482413996,7.177504574077066
231.81305536167807,87.13545829252627,18.12061315308051,7.1803471363906795
230.44227829824987,87.1875779404354,18.139050951913237,7.076107840572391
228.10168369217706,87.05364019258239,18.17124053108639,6.956566700197387
226.75089248712578,87.07645210941321,18.172677980546982,6.910942866535744
225.450238495362,87.07440027378237,18.07943441084386,6.915046537797423
224.3944220755251,87.03922553219353,17.889037114351083,6.9853960209751165
223.10952339240933,87.02437049403157,17.783441887812398,7.015106097299017
221.87750723414214,87.02802102321657,17.960198868985238,7.007805038929048
219.77969004144092,87.0240655001252,17.935980471527706,7.015716085111753
218.4562789959529,87.03208460819376,17.898886490321733,6.999677868974659
217.01649648403807,86.88058542131989,18.100277749436994,6.920079990620342
215.02300495168657,87.63420648805324,17.86258724955921,6.949082789728469
213.77690295325067,87.61633469504454,17.686612794627862,6.984826375745868
212.3644083076788,86.8457744185229,17.4773743537909,7.008833062798768
210.9299044604542,87.00016260438221,17.332811446994423,7.076753016235848
210.1970836672442,87.1636674756113,17.29515659907859,7.125567382361581
209.07604947596147,87.33098970526518,17.280328306475926,7.16707236891521
209.65278916258083,87.49346272406488,17.256867938619088,7.21879933310977
211.18285612648734,87.09085971580122,17.214753973510668,7.269500358960947
213.44020326956576,87.24488528924701,17.2305754975352,7.33899219625115
213.4259840420055,87.42293011592622,17.259013952655717,7.361904630068983
213.76079954042916,86.84457743856271,17.349020356948106,7.379153883086384
215.41549000916106,86.84096176286715,17.472467424741467,7.386385234477515
216.02560120876083,86.6156178929005,17.402258180643287,7.453735256043677
216.38826690638098,86.77595445291686,17.443955919292733,7.516576702955834
218.7940137897169,86.58302246261087,17.64043287545172,7.5172121664269795
219.00710834993373,86.78571363261064,17.602325612328844,7.499911683738224
219.76234664744808,86.20907788972859,17.640747934611486,7.4915089815188
220.0453818323,86.36461941870502,17.462309074312344,7.5680574329705745
221.40822059442965,86.95147376313669,17.441454617243103,7.553558630045837
221.0779528213231,86.57212164508378,17.330299297915744,7.540572000611211
221.13807346458063,86.93535335862963,17.21005801140067,7.582122195994271
220.44079343309403,86.7366081503843,17.07262948092453,7.596615464122585
219.9423327769649,86.5415370422261,16.925772401602764,7.605498216578938
219.9619896697866,86.54766296993465,16.886458615959384,7.593246361161846
220.21354176555434,86.71134914562542,16.761853048363044,7.644372633719416
219.92694889398757,86.67957665129396,16.579867402726833,7.707917622382368
220.0210193509289,86.85164348234194,16.391726488844196,7.7398351570967705
220.62984427388375,86.84527550938263,16.29568215389505,7.752571103015393
221.54120775399426,86.849355404381,16.336407686532418,7.744411313018653
222.75951553506732,86.90739610626373,16.51178637423198,7.628329909253185
222.81732927029583,86.98083241093053,16.76982762450209,7.481457299919577
223.13710271239708,87.02618302002917,16.879964031961197,7.390756081722305
222.72175446840066,87.0682257480764,16.960977080559193,7.306670625627836
220.86409080370873,87.26246740230563,16.93099567580009,7.292718190583673
217.60602396685422,87.20985049336961,16.71782014337434,7.397952008455714
217.34297722012897,87.15206195111112,16.498676930889328,7.513529092972714
214.99991159221995,87.13022701191653,16.355729440602897,7.5571989713618795
214.78483173020146,87.12745576328845,16.415735173084336,7.56274146861803
213.47604248786325,87.10357220000508,16.435446864217234,7.6105085951847995
211.40977696804197,86.93603991220016,16.473268373161922,7.573326849822102
209.7338369266801,86.56056892055138,16.475835856450452,7.579977144356279
205.2499050958315,87.28221875591122,16.508508962787765,7.625875899529911
203.5015373236241,86.71503382456098,16.643041536393476,7.639511438627342
201.92545564141645,86.89374861061899,16.789017659398446,7.657855271687632
199.6283445463662,87.26120882005509,16.84463834020172,7.679368437698282
197.9156726967866,87.07095598722277,16.855362273365323,7.680471907141204
196.05947575627272,87.42403838127983,16.771982326132942,7.733461884679107
194.77910549545078,87.04669771635405,16.677670071738415,7.7295567070911275
193.44013007133626,87.42756716761562,16.710650949775303,7.723523510337136
192.63355647809905,87.08072371080678,16.810889392197627,7.6607560519287965
189.98002232082192,87.47572406027594,16.817760810683485,7.627926338143117
188.4744960804274,87.49079628026291,16.80393597783661,7.5977818981691465
186.97105858412002,87.33544191261306,16.791771090610762,7.531110648488783
185.55883337780477,86.85410806359452,16.98399241122157,7.365680164231684
182.57915597838198,87.26229263244319,16.928850196860232,7.301123153185229
181.65297396608725,87.48597254649813,16.911374491116998,7.227731271141899
181.6682697159624,87.51603703880805,16.880782991366665,7.167602286522063
180.68729531821535,87.72612487729431,16.98817395831264,7.118338175259182
179.24333776269214,88.35649039338406,17.27495685405363,6.972378092496245
179.4819476845918,88.61134371328458,17.543999299119694,6.835802597127916
176.9213620035897,88.48199558006364,17.795877418775856,6.719937844927635
174.8636156808428,89.2375989029738,17.774308336453206,6.713117281949645
173.76804905596305,89.20863604545531,17.71145455213695,6.771042996986624
173.63783004817836,89.20179166404743,17.596088460310057,6.784731759802394
175.1850311400267,89.18991123602969,17.496835777402097,6.808492615837865
178.7550875499899,89.18453505131579,17.45120963368033,6.819244985265667
181.6346340783059,89.20039513145593,17.659012182982995,6.787524824985372
184.06883193660408,89.02755755019095,17.670131020278568,6.757852714139076
186.05598970200322,88.68250350323261,17.82053096187039,6.698012540348451
187.43644274106862,88.5123702246381,18.068068074043914,6.662223698749428
189.98317066527179,88.72504256217522,18.280005677340164,6.615835698796791
189.03920983023642,88.57492188152504,18.26217200652123,6.534925991919172
190.67767134246182,88.8934539620669,18.020695661976603,6.656723500811996
191.3749503734431,88.45134669724037,17.760674848211643,6.784579865000008
191.69522492652357,88.76433206828837,17.496879372525434,6.9121163838533555
191.429359508863,88.50945497048272,17.278111320255846,7.046621135669289
191.83570404702206,88.46097210659066,17.214420714637622,7.143586863453411
193.4342930292576,88.27421711307596,17.39498537433554,7.14179211446404
195.1225308593538,88.84408079790816,17.797287384268166,7.135698045837131
198.42705256974938,88.84105391699387,18.092432967071947,7.1417518076657025
202.93077820389522,88.82727018662962,18.007170952931315,7.169319268394205
204.21280373640593,88.76277901138454,17.766243985337688,7.2983016188843886
204.888778170714,88.89068485643982,17.57234125064025,7.428505306746721
197.62541732427525,88.63213477130662,17.449032619020553,7.560078363210536
198.21927894429635,88.96019522546214,17.419520086716247,7.6760979267247915
199.89834780039385,88.75412975519797,17.550578100090814,7.700540453300991
200.34135213284236,88.51547734253626,17.444606286425444,7.787826853008589
201.38963626028163,87.9105196124377,17.298128819680016,7.827687840325841
202.3503395305988,87.94303214650876,17.31968149596415,7.762662772183705
204.1804893964808,87.41118923185884,17.53701224687757,7.663059456680319
205.66099902113683,87.24225298225814,17.68928252598817,7.6117707648289015
205.3319081324659,86.8988564625904,17.957003862766204,7.517642923036721
205.0217748509617,87.5537227743679,18.18460641621402,7.38590232816362
204.0188224634097,87.40174387028313,18.222483036294417,7.29625450532843
203.1237440396183,87.1891480499996,18.04987605091746,7.328893379303501
202.9748511806022,88.17693503721704,17.957013104956438,7.306562724834544
203.19595903673368,87.99674883586734,17.903710084850857,7.278022435376591
202.3092058338755,87.02743505190311,17.739035322301252,7.278468835039083
202.5024089414911,87.04287797527903,17.737899363418656,7.247582988287262
203.25171728940975,87.04560655914261,17.77810004045283,7.2421258205601005
203.53084716782317,87.07823914372287,17.990213648160523,7.176860651399577
204.344768122824,87.13447581081672,18.297761687322957,7.064387317211881
205.9432385027484,87.39829780233346,18.60619993192238,6.926229890228191
208.06894795037402,87.42425556085121,18.660470981580303,6.8743143731926954
211.03168820668668,87.41061187185873,18.603996809066228,6.901601751177638
212.88027946029513,87.3824063294767,18.425370821836854,6.958012835941741
214.14809160511786,87.16056849108107,18.226187624850734,7.01228166395644
215.88736959008918,86.18270992363897,18.23534727788697,7.030379008296806
217.0056177923485,86.20136086298513,18.326732083765176,6.993077129604493
218.60129434294413,86.8267668816275,18.63297970137901,6.908131998588097
221.571009316463,86.25249848538527,18.957287968766977,6.882217875867719
221.03872574301334,86.24037716797417,19.230539970256938,6.906460510689923
220.30967949493953,85.97727534846778,19.088617511412686,7.032660410954721
220.3747108647658,86.12739292703233,18.95855477176015,7.1326808095186465
220.80033899984497,85.49856228828648,18.90768885240649,7.189756560803377
223.73007724427455,85.65891428889304,18.65510514528028,7.269544901142604
227.14952941075362,85.64516487403036,18.58725816153487,7.297043730867995
228.6175181827242,85.61025050484864,18.43598337264631,7.366872469231419
229.48502220956507,85.59921314818143,18.28852195094292,7.388947182565832
231.9710991440736,85.19793785894244,18.45340995067879,7.401183627389519
233.75470992603667,84.66987236687046,18.863687511178835,7.264064874205605
236.58562512110868,84.69323221322966,18.818591639493217,7.217345181487216
238.9100807117322,84.55575910697092,18.96619271199147,7.092582039525928
242.19027989154807,84.62521772188543,19.198697657422656,6.953664809696903
242.72481222593404,84.6969664040116,19.33084217723012,6.8101674454445655
244.50144449236706,84.55388020383323,19.374788120872203,6.696649792855963
245.06956340888456,84.38559873501434,19.433308580886802,6.634959966143866
243.6073416105823,83.55562371286325,19.174049631904637,6.703058737652735
240.96515755938114,84.69692889775637,18.921339686966885,6.793481816726546
239.89294310872245,83.26258692769855,18.704545212595075,6.907405151871445
238.6074659189286,83.41869132658209,18.528031528183867,6.987691791818492
235.77678614606947,83.79957751977469,18.31819656547575,7.0087453398901545
234.6789671335945,83.21306223399102,18.18114707536654,7.015432153927888
231.64855605182865,83.02516372425904,18.051029222577547,7.004295422371788
230.33499598553573,83.00794718240466,17.98409315126182,7.038728506080556
228.6815883521009,82.99047567974769,17.830227006989844,7.0736715113945
226.6049744669223,83.20954380824924,17.771197139334657,7.018467766937985
225.0879020337025,83.4342585231574,17.756569470364987,6.9501349040478075
222.8886297874106,84.56085398824638,17.599150649720382,6.974925630484037
221.2330516184736,83.45487389928832,17.509716522604105,6.919825498406655
224.56611517308397,84.84039268103177,17.603884014369292,6.7777913908586775
212.68594204332038,84.3913563481561,17.4038399992882,6.927101860528521
211.48567523798258,84.51315192396238,17.18512245401625,7.0576894454799035
212.128059445711,83.70141453542912,17.020420458167457,7.187742329735719
213.89595407842862,83.82981628454444,16.84420881312697,7.304225233771169
215.6685838703602,83.76710410450221,16.6541270330908,7.4296495938556255
211.45208166706774,84.06230218737633,18.598334302458756,8.076073326166636
211.45208166706774,84.06230218737633,18.598334302458756,8.076073326166636
211.45208166706774,84.06230218737633,18.598334302458756,8.076073326166636
211.45208166706774,84.06230218737633,18.598334302458756,8.076073326166636
213.14024649489699,82.7311880015826,18.320738350784026,8.290699480838965
214.672437467901,83.49054891480937,18.13733780170363,8.41825273834402
217.63822678481,83.19592697117986,17.961670283525102,8.596360117343059
220.61902959943873,82.93628461285327,17.76364490013763,8.703960530719826
220.90025089476455,82.70077829660345,17.61186515746498,8.764310315240522
221.668980155258,82.50643836694184,17.712362807733548,8.743501131749873
217.1697368946323,83.35666861541664,17.67767541825741,8.685435891296189
215.7806012402594,83.38922560768955,17.59235312471194,8.620321906750341
216.25296679839923,83.397872471271,17.46103794113946,8.603028179587447
218.3648282877751,83.378864732121,17.28219756800686,8.64104365788746
218.95087137248817,83.0110402537834,17.317701367531193,8.57163263526234
222.04306370450533,83.27917678291878,17.562880440656205,8.437207310564053
223.52237411729135,83.77219071975814,17.829026037031007,8.257371042372025
226.4529671097046,83.62034386298483,18.025391404715837,8.157227999084578
228.80501964880511,83.69864693620781,18.180531576108677,8.00062185263861
233.4091409192946,83.51408649670933,18.27428994600418,7.965307909423631
233.59361811275352,83.3327143482336,18.310506340831587,7.922881424629866
233.76612329008395,82.97134269988453,18.37044244500502,7.835731803659384
234.99306384925626,83.6244496244753,18.342201296423443,7.742337939359333
233.44161788521257,83.6280861158705,18.22740040076622,7.7350649565689515
232.6829263136364,83.8396151415906,18.14308894665987,7.712430554443448
234.23655495475973,82.87722348393463,18.22626495552802,7.643193062808648
237.13142520463782,82.90618684390182,18.418215033496026,7.585266342874251
238.77898507375482,82.75514760143956,18.727787396608594,7.486823483204722
238.5964859649872,83.42126466586895,19.092785614143867,7.364274376329915
236.60399035787765,82.90960394083467,19.42123078834709,7.168747146393164
235.48995750278615,83.17602287058583,19.611924650870026,7.043383656422859
234.2727436594808,83.40687683985637,19.59873724030337,6.989611567411335
232.51334807748844,84.01777058914577,19.456572878055937,6.988142577576607
231.13036737566844,84.01709423619747,19.389533038968782,6.989495283473222
231.17480007711583,83.38310707772315,19.300667636074014,7.04612797640829
231.67785692150935,83.32066764023743,19.10162186547467,7.171006851379722
232.8561045047509,83.28727423784173,19.162743472392062,7.237793656171137
233.9525606454129,83.24439895904845,19.399918352304436,7.323544213757696
234.1954499479673,83.23229719307018,19.734056586256706,7.347747745714241
233.17639946939278,82.84749130409017,20.111423017350724,7.286992260646741
231.57816761281333,83.73666703196645,20.371468895679826,7.186593853368371
231.8978101551537,82.75807169591594,20.574953125705246,7.036861238703968
229.7101352977953,82.77319958419187,20.734674201786788,7.006605462152123
228.24571769946695,83.15240917835011,20.70050491224388,7.094758984178382
227.53188240623385,83.31799576372678,20.430543413046884,7.187993834840836
227.5632195840411,83.72143728637695,20.367869057432397,7.225617869265426
230.39078034910165,82.43234466760582,20.621330089015867,7.271553437505728
229.2574980516157,82.22875629795344,20.755418714149695,7.252234982842867
231.7370180410814,82.45283106549618,20.933077454201747,7.2321436743393495
232.84962572629658,82.4021610176594,20.858997625606754,7.333483770012915
232.75757879358,82.39685313411154,21.04309149103993,7.344099537108624
233.2626986263694,82.45100238289552,21.33435333331935,7.235801039540661
231.80361015883847,81.98091920858782,21.20043703787025,7.3039407508672225
230.61801964345503,82.12486536822482,20.959534166302223,7.451395748649051
229.89233143413713,82.04314568798098,20.672552174485638,7.614835109136713
229.0947383567184,81.98009377416065,20.5339662724575,7.740938936777392
228.72464014356586,81.94135975158235,20.406702069428732,7.818406981933984
228.40615406092542,81.93424586249603,20.610377089055266,7.832634760106638
228.2387695947279,82.41202286290513,20.945146021450274,7.750031659623313
226.78620053756597,82.20729563815371,21.21156639319936,7.719699818697037
224.90942527277966,82.01831185032742,21.42070151895041,7.654615468871888
224.4166672481583,81.80718995042037,21.516489869582294,7.631995419380597
224.17722080185985,81.83453766438619,21.549560635939198,7.57729999144894
222.9308309646192,81.82544661602978,21.37053243563599,7.595482088161765
224.60741993771822,81.9851201698947,21.118877527321626,7.719209700129584
224.86669771042799,82.87765878867563,21.042038825981713,7.7009998388863
224.99910081786186,82.6412984417047,20.777232611113988,7.733432371315001
227.67214904149955,82.44267396468581,20.676117017865238,7.693599587517247
227.87573637749463,82.44940327962907,20.703857354447543,7.680140957630737
229.83046747446153,82.28450440264551,21.14509223329763,7.5748690043194395
231.15923064603342,81.2095599032736,21.563923719850038,7.527359553280286
232.3716706934406,81.19940546298292,21.80663527243781,7.547668433861658
233.9360201989545,81.1826611448455,21.81695132779035,7.581157070136506
233.36234653824525,81.11943692436425,21.616736469097738,7.70760551109899
234.07565308928986,81.09321124277382,21.536000616193967,7.760056874279848
234.7048010218667,81.62242410149163,21.622971384670375,7.598475579264278
235.1160837206455,81.92173294433259,21.693874043537505,7.4465919217947105
235.549051574969,81.5475699685305,21.717901657069678,7.304954551219687
235.7493203981981,81.35142984032743,21.760103026903593,7.25449579133364
235.52803045675998,81.82011792043589,21.760265855448242,7.201953739779913
235.48298239141536,81.39303909327441,21.850361986137514,7.173196325912179
235.74251597775705,81.3223670564463,21.773506755410875,7.314540399568427
234.7342233787791,81.05882827393224,21.57156225615183,7.397912025153536
234.35322441129748,81.04009312609944,21.448858627585373,7.435382320819158
231.88447530086253,81.32697468477173,21.53223708959221,7.302902817916657
230.7026267064284,81.82970642697907,21.69564796215595,7.177553860023777
229.28979591246755,81.56760575380913,21.440669624327388,7.261663788399357
227.65801080253067,81.322378635644,21.2002400192476,7.314118046610424
227.50067891087718,81.52427285217048,21.07937391340281,7.345859502709192
227.45994323241905,81.52750512326942,21.16084527031911,7.339394960511326
228.3045355942584,81.08448430282692,21.213373546261305,7.354580101585879
229.89496960504798,81.0869398992948,21.524136820526866,7.349668908650104
229.13484357854887,81.3343801273867,21.722003315216227,7.295583638569271
228.34555843824373,81.51772116975455,21.53006903029673,7.371527695215995
226.921171151193,80.12409578147995,21.289895234830034,7.5111084407068
226.2890325103427,81.41012872564738,21.232997456882877,7.58139267166748
225.08292798513946,80.00109517735757,21.000081422353432,7.754334683311234
224.59467945176957,81.33543069689948,21.09527722656063,7.729567431825226
223.77045253425916,79.96407641258246,20.977466086118504,7.822878537264854
222.07676043951844,80.15524531316852,20.832347424880485,7.882103592432656
219.8733096486422,79.91812506298182,20.83376008338292,7.9157952004810666
218.31254547236924,81.0071791605281,20.867063512039042,7.943561951024046
217.76703572171482,81.02953688612357,21.073779277588365,7.8988464998331
216.9037320176344,81.12890600625516,21.467451402903073,7.700108259569915
214.97741482979427,81.11764770638811,21.302877774997476,7.722624859304016
213.28410464297218,80.86222097309617,21.134210089465405,7.789067318490843
212.9501130637923,80.86432458514852,20.915797130740746,7.784860094386135
212.96207055558372,81.10630705169187,20.891882147157904,7.740889172128744
214.4731570052806,81.34092424474399,20.941718868460782,7.710513303266874
215.84687114193736,80.24107900775073,20.828434571592897,7.715083796882052
215.66185006050478,80.27167023706647,20.76099243752084,7.653901338250554
214.9036144526254,79.98421672983575,20.535805721455688,7.793393869756036
215.04062896649893,79.9149070173927,20.261776693708633,7.932013294642156
213.6655846973551,79.8430214689053,19.979098657070402,8.075784391616933
212.23126194671906,79.7914135668687,19.825473390234624,8.179000195690154
210.61340271622961,79.77293899780625,19.61018800564153,8.215949333815034
209.21164510247453,79.98910663299215,19.411234545256097,8.212538161714036
209.00836930628608,80.01164254485833,19.391796757136767,8.167466337981672
211.28716048965836,79.58974049321195,19.508223948105368,8.161450521690238
214.6445035456693,79.58301533042354,19.617296964467325,8.174900847267063
215.59640234258603,79.33540558574997,19.42669314400736,8.24182189327082
216.02459452534796,79.30844554631975,19.42377153328675,8.295741972131248
215.3457034995376,80.15842826928338,19.498623546320918,8.306349910986082
215.77453362077776,79.93114229490989,19.498790136598718,8.332008443353992
216.76425062627442,79.7397594298291,19.666204889417127,8.285404420753233
216.89774343068595,79.32804921018005,19.830183896189105,8.246895628861266
216.3579762537985,80.260055153623,20.04441915927514,8.113481923353088
216.2821291993105,80.05384446442189,20.196113268251153,8.092537453027434
215.51317742226692,79.56836702089399,19.993308749395535,8.193138303611816
214.02598799375863,79.12555715174534,19.929355002284606,8.210663012158392
214.45192061082986,79.29729251429717,19.944363433606924,8.300629119787125
215.57390432356445,79.33708437151029,20.311905742116995,8.221045405360886
210.0990994876431,79.36344877286767,20.283106480203095,8.16831660264611
208.48583426647096,79.30816004669467,20.007384747320074,8.278894054992124
207.0834838618635,79.26784124189052,19.76165951614919,8.359531664600425
206.97414624210532,79.90155140673133,19.5466775252695,8.393083026106796
208.08861699329603,79.71701916736981,19.473447626335556,8.331005184140357
208.57900547588562,79.52651320082929,19.35064162202998,8.283031636784601
207.5371428265531,79.53484962538543,19.30256255123083,8.266358787672312
207.13594864743536,79.3033656182169,19.25420967082148,8.303956182686965
207.53369703390916,79.3667242899797,19.309383889320824,8.177238839161362
207.10961813251444,79.64096068100835,19.30975726372356,8.05265827129741
207.5059945683463,79.70880583041875,19.360382401814014,7.916967972476612
204.45211716180745,79.92248576802926,19.168017600111753,7.909616071574269
204.32993213943237,79.69436477000473,18.995284644075277,7.94875506683674
203.81022105232375,79.6626290855037,18.78879233192117,8.012226435838823
204.25930257814886,79.63128944466531,18.717520018668342,8.074905717515579
203.62585656846315,79.46699080526976,18.743844936250174,7.989980629043496
203.21901341135109,80.34385192999414,18.732727575450024,7.88586572964325
202.8171343413983,79.35343388525659,18.715690876968964,7.8147147231516145
200.53378743322435,79.39240956634555,18.784599490812944,7.736763360973686
199.13022938394604,79.40160116790956,18.732219017467024,7.718380157845679
199.38696081812748,79.58853368871004,18.626173287537,7.751932254677612
199.41015282879243,79.82732047301789,18.579789266207122,7.680841636790857
201.43256899501995,79.84683389068914,18.580466444597295,7.641814801448375
203.2774513127666,79.66281587898777,18.525504928455213,7.605983811589849
204.54384379223646,79.84701454829163,18.407342887244702,7.640023625937014
204.19076156166807,79.4615826118634,18.310832477878375,7.60821262829036
205.46070140439238,79.42552179958062,18.16723060783022,7.6803342528559195
204.10117894314462,79.3767243275656,18.096182067862834,7.7779291968859665
202.98329961705394,79.31985667917287,17.936235501782022,7.891664493671412
201.80353805622806,79.30391390739157,17.90190997519944,7.923550037233998
201.45030873452953,79.29313839274919,17.81029140290825,7.945101066518783
201.83513300849881,79.09446279082609,17.836820558745398,7.944363418477136
199.98943143330968,79.09343670365651,17.942076877123647,7.9464155928163045
199.24879902222793,79.03778837736313,17.823247795119258,8.05771224540304
197.88712599564514,79.22177929111456,17.744809216345775,8.089985365320054
194.88607236952646,79.20880470091559,17.751695302162187,8.115934545717987
193.91538010065935,79.36378971220961,17.691898617312468,8.206200767646747
192.96222720876392,79.27711479568161,17.593471740610017,8.379550600702755
191.5643972899342,79.42712147649534,17.571363961164682,8.482075470090239
191.10676009783484,79.39519029929679,17.678638223278725,8.54593782448737
192.47181394488257,79.38605709317906,17.79526611641052,8.564204236722825
192.41579761438118,79.16071127391533,17.907298777413274,8.606199245923266
190.97686255222976,79.16792926148415,17.907733324407133,8.59176327078563
194.02397772437035,79.18830515310222,17.97576347316051,8.55101148754949
195.2064062661182,79.23012007010891,18.077506586562063,8.467381653536101
196.1170061782751,79.07872900416959,18.311926314269286,8.35903987501055
196.71693796504337,79.308735374679,18.34998013299423,8.311666264745545
197.17188510796967,79.29813472999261,18.264808589052816,8.332867554118327
198.3597844565458,79.0913065612174,18.357983762166313,8.33502824662445
198.3831431456534,79.06583417911565,18.311266383951136,8.385973010827927
198.43870492886995,79.04325394318761,18.200142817518056,8.431133482684023
198.66622230155392,79.0121874357356,18.157383744294723,8.493266497588056
197.64908056933294,78.99908335437559,18.1279713983301,8.519474660308063
197.26314154936935,78.96366396186191,18.074312705309435,8.590313445335438
197.66418543020265,78.9295257621105,18.098668509449173,8.65858984483825
196.57524652964915,78.91833140461588,18.202715159701132,8.680978559827468
196.55030673907203,78.92718753903908,18.2525947408554,8.663266290981092
196.27716423052846,78.71045046002642,18.381787333046262,8.679648024110083
196.04218062798643,78.68713597298317,18.43249343041172,8.726276998196603
193.30604988806277,78.70495373009268,18.434182529776365,8.690641483977558
193.5392644747726,78.72625125899327,18.38796971936679,8.6480464261764
194.97465213934115,78.95334169199587,18.44879323816393,8.612665395590373
193.93678409215164,79.40011373922432,18.429189989395976,8.557257038392274
