242.5,74.5,8.0,6.0
242.00224141267114,73.98904758944225,7.995517174657714,6.021904821115494
242.11344304734803,73.97964916075946,7.99331302327137,6.040701678481061
242.33042530907366,73.97071266729547,8.000293827022395,6.058574665409042
242.77003506041788,73.96326302934958,8.004558181603636,6.073473941300852
243.54009732841922,73.95906046136376,8.012688379668337,6.081879077272462
243.42655614146108,73.95348352780637,8.018330344366229,6.093032944387272
243.42125712665634,73.94656961057127,8.028928373975711,6.106860778857447
243.52727367735332,73.93607914699307,8.038991067247883,6.127841706013867
243.6387976364501,73.92701952865342,8.038534779629645,6.145960942693158
243.96850975714415,73.92227425452663,8.047751285430746,6.15545149094674
244.63660510550343,73.91347149896302,8.050614484579649,6.173057002073953
244.40956825530125,73.90441343282721,8.057675352421128,6.191173134345569
244.63128160315955,74.69320795233266,8.062067656798899,6.180950595664878
243.95644762952278,74.58437657639416,8.068876195303321,6.174803446080333
244.6231159181125,74.47598306475176,8.07842101082126,6.167776903915616
244.50678501380102,74.36662683883532,8.08723823969481,6.1626447759990555
244.49849246230067,75.15454240228078,8.103823342695474,6.1540810044530945
244.49255004415303,75.04617474886663,8.115708178990765,6.146807849212559
244.594982124203,74.9370361760308,8.13491489005613,6.141014123718982
244.80946944113853,74.8256332986923,8.154478075771186,6.139550968602929
245.24781684295655,74.71217487380471,8.175955310439708,6.141924808801943
245.9138463403134,74.6010524033403,8.193349661020846,6.139260858848267
245.79951008871774,74.49292697383346,8.196892002778705,6.130381556428449
245.800606795963,74.38117268430801,8.194698588288164,6.1288512881586295
245.78802283426506,75.17073150930567,8.219866511684087,6.124596655924058
245.89203078366614,75.05945876950345,8.237144399972294,6.1218483484381085
246.1139117672911,74.94819817586485,8.244405673608249,6.118857915272382
246.56152524064282,74.83487382026723,8.251471071658607,6.119933540279154
246.22161436409633,74.72176744602073,8.254198401232829,6.1204481475992445
247.01489625977393,74.61055315081926,8.247870891361115,6.117128697790277
247.01568125530915,74.50130273055677,8.246300900290667,6.110032076452752
247.12444079676584,74.39038899138282,8.254239177526637,6.106402194651306
247.35228771372527,75.1817552474323,8.249582513700858,6.10229977787808
247.70244510855974,75.06943462965737,8.225409483956495,6.101560426786412
247.25811397013732,74.96092481272277,8.214067954015157,6.093579108959097
247.93508134376108,74.85560428122736,8.208319898911329,6.07952238992597
247.8303118327511,74.74849530289481,8.193478763946933,6.069360189606717
247.83622175711295,74.63964589002764,8.18165891522324,6.063070956725182
247.9563934717737,74.52757515854886,8.165020818839821,6.063507086744625
247.8605838743716,74.74311927940825,8.133180542760265,6.079337786793363
248.99616889254781,74.96470053526531,8.094352211553383,6.082643616108365
248.1237179744772,74.18183285699335,8.057676944838706,6.0894990076533215
248.5872176569179,74.51315382406585,8.019679623249237,6.0936086059773
249.27071157336118,74.84394014032308,7.98312262573267,6.097251391147834
249.1789022899224,75.40167484401276,7.945500795069224,6.087983971473422
249.08854455673458,74.743079394058,7.9057010223450295,6.082083436783958
249.1077827430454,75.07261420351449,7.867224649723427,6.082448504607171
249.2392259650971,74.30842188110203,7.823568126557812,6.076223702867553
249.80738954468507,74.64132833599497,7.779548628634533,6.065795389833275
250.48086408634634,75.19284129145666,7.738313204675174,6.050864195045902
250.39271047023556,74.54598750765047,7.697874916867305,6.044098642481579
250.4122797360473,75.09449666811746,7.658736385243816,6.027164814406556
251.18416720148943,75.09810917059914,7.620960854427681,6.019939809443164
251.09484706918178,75.10101504373732,7.5851540073261035,6.014128063166828
251.11464385682777,75.1032648550171,7.545560432034086,6.00962844060725
251.1349252222531,75.10850322382738,7.504997701183492,5.999151702986689
251.36596630427482,75.1146534318981,7.467581473500809,5.986851286845259
251.8053357222042,75.12358080232383,7.435081822573042,5.9689965459938
251.29623555152156,75.13060073537848,7.3994223977797695,5.954956679884508
252.04785850480695,75.13571272747595,7.366158284749142,5.944732695689559
251.9589005658538,75.14592310477755,7.334752843332678,5.924311941086365
251.97696166343172,75.15262392254134,7.2986306481768555,5.910910305558799
252.7175627737105,74.74204029020908,7.271588045066616,5.901129217396237
252.6277796930393,75.47448466253239,7.243990698199279,5.886385030218067
252.63855875753327,75.17616852651119,7.222432569211334,5.863514094019978
252.65087350966206,74.98094722690814,7.19780306495376,5.842356849488885
252.76471744884518,75.7060810174849,7.175194504625582,5.827644494601786
252.98211327124517,75.51088939640078,7.149390909810768,5.809039686784892
253.40151457902414,75.21419998842228,7.125775011847727,5.791028464545727
254.12232382856467,75.01798541401975,7.106154299082192,5.777172531546354
254.03116537805082,75.73430642754812,7.085854207965485,5.762849449500621
254.0404149681292,75.54048435855044,7.067355027808741,5.746346690753137
254.0493553130437,75.34842814046752,7.049474337979774,5.727414497407821
254.1608647371568,75.05587563505686,7.027396871351421,5.709695363435629
254.37122057968693,75.76433069914776,7.007316388044015,5.694994441388864
254.37801224624937,74.96708679766807,6.993733054919124,5.691327672492882
254.386362031653,75.07016210251844,6.977033484111868,5.684678394563188
254.49366851117566,75.17087312137448,6.961557731726895,5.682393563511465
254.6985398941513,75.27419525640079,6.949539835467332,5.674611728304687
255.19805777719245,75.37673178375289,6.943263654235828,5.668090590570652
254.7058857061554,75.47798701819904,6.935857650954847,5.6639301507493345
255.4034440773164,75.58094686884901,6.927923489423262,5.656179389562309
255.31134734839185,75.6864073495029,6.9141952563863045,5.643180119140666
255.31444424686384,74.90135667818761,6.908001459442293,5.633277167841935
255.32193539913447,75.0052129381047,6.893019154901035,5.622809882953307
255.42801254979466,75.1057910029485,6.87771059752965,5.618499497214699
255.6271563022452,75.20759953611699,6.8725046384949255,5.6114232038109275
255.92693366539945,75.31147137574949,6.861988995753387,5.600025885734874
256.5188808726438,75.6141111626074,6.854097470657962,5.58274775671571
256.2262307749732,75.91324577444007,6.852598175073898,5.571278023975619
256.1311140745481,75.23440240303174,6.8474402878230665,5.561225750085003
256.1353430287256,75.43549196582141,6.838982379468135,5.549345509080621
256.1378177024309,75.63780339487643,6.834033032057451,5.534377295116942
256.2370781631943,75.74027508481355,6.830021209322191,5.523943014034322
256.4345095697919,75.06715007098786,6.823715627621624,5.510242731455195
256.7276791827696,75.26678807660505,6.819256476675453,5.49888677022702
257.21270381366213,75.6601597766128,6.8177457489717375,5.4869741974766715
256.8280860642753,75.95674622453691,6.813014873581717,5.474276082251355
257.6046670256675,75.18689097465821,6.805559399447026,5.468280133359045
257.5111808444633,75.57730301715571,6.799529977244171,5.459463186808647
257.5148151341698,75.77270893076401,6.792261397831273,5.454184230003388
257.521399001052,76.44359006451162,6.779093664066891,5.460407747713422
257.6185470121396,75.67565783196372,6.777265816358981,5.456526817070934
257.7136074643293,76.16003733972725,6.779522180412604,5.449654143709761
258.0012258857786,75.4890468434621,6.781187028664626,5.445531190222303
258.48267941836434,75.77847838904356,6.779576506024639,5.443446024578356
257.9104389531386,75.0109615657632,6.770852533788601,5.440873134222399
257.9973520616876,75.77226321248254,6.7890516113914074,5.4544721983901665
258.7647772605901,76.25538928708191,6.794399784976017,5.450844156309944
258.6721108293805,75.58073610601456,6.787184567271231,5.452313957576116
258.6757069178741,76.15854609956808,6.779992390283909,5.45146123955441
258.68003098716804,75.48557586455073,6.7713442516960445,5.451042340442728
258.7793040795843,76.06139537745189,6.764995636284268,5.452588731164759
258.6808846052354,76.06152738186275,6.769709397940598,5.452324722343049
258.9684549185345,75.38846595573942,6.771148526465483,5.453094812635708
259.5469227471743,75.87124611343167,6.767579722192483,5.448673541423339
259.6390543927563,75.86974832179365,6.775417865772359,5.451669124699382
259.2610238798434,75.19736917826366,6.762397970747366,5.450535800270352
259.5499288075129,75.96152725215518,6.760744337842167,5.458636245644371
259.5548257660416,75.29151379067441,6.750950420784847,5.453558157224011
260.1324785602367,75.28929693744323,6.747196635278026,5.457991863686393
259.65107133874415,75.28564193504731,6.750313860800002,5.465301868478223
259.45214450441296,75.28141487621993,6.763956283794974,5.473755986133008
259.64451215832344,75.57356049189352,6.764124834258479,5.466820542212571
260.0330319514742,75.66889196409088,6.756454259442258,5.468499850689171
260.51787990048825,75.76480836983887,6.748016695805393,5.468918706071403
260.6117165016884,75.56793652078024,6.752472374044607,5.478404642909504
260.3297135938101,75.66609615518352,6.739425775993705,5.474436178705466
260.6187629345369,75.5644642298765,6.737585712969044,5.48561382317654
260.62616674836624,75.56426384690361,6.72277808531027,5.486014589122339
261.3013267537702,75.46191986696294,6.71658175264375,5.498684880697756
261.10799020600103,75.35929791425859,6.71900040037026,5.511801562200607
261.2087232342391,75.45556444274845,6.709910703527662,5.511644864854226
260.5408448629142,75.55220255002253,6.700029204109478,5.510602684887193
261.40427534595324,75.35605400080709,6.701755104790797,5.518769368482659
260.8359405315051,75.45399040500814,6.685082861489633,5.515120205446765
260.9346635545473,75.35777114353108,6.679545012427032,5.515650531379095
261.13086063692384,75.26075333267833,6.67081392004549,5.517854616898836
261.5199607216864,75.16637174246168,6.659544661387777,5.514885069615271
262.19869974163225,75.93014131125133,6.642645930564432,5.519436570971129
261.8191906677298,75.83531361805323,6.636365869849787,5.517767405237445
261.63039613447495,75.74206530501698,6.631553117091695,5.513063121676067
262.398144691864,75.64533577589481,6.624463325165189,5.515471264563961
262.39868459952106,75.55286280634706,6.623383509851058,5.5094366592211035
262.40186094789505,75.46051188248852,6.6170308131030975,5.503271906630447
262.50016052390833,75.36336086453781,6.611100996015568,5.506904607592704
262.69368957197565,75.26895120181916,6.60531604101761,5.5050873624616115
263.17622727875766,75.17460871072296,6.5928313751896646,5.503254195106783
262.61247397509567,75.93752687785455,6.578560552553195,5.499787767457555
263.2830139536148,75.84579614754635,6.567623741668713,5.493228778623411
263.0973625019224,75.75320501455856,6.559434266010182,5.48866485507732
263.00854200960583,75.66294970962282,6.5475288297946035,5.4796290441000615
263.01392160053246,75.57184142402852,6.536769647941304,5.4726282990430315
263.1141313751232,75.48211746026924,6.525288769437952,5.463137555883646
263.2177034396382,75.39200804819465,6.506753419662635,5.45474760077792
263.31969062703985,75.30223230938833,6.490966919268187,5.446111203981859
263.6083882002688,75.21164289987225,6.4769878632254585,5.439484659542365
263.9922951728086,75.96336831602648,6.459106260820577,5.435898512583517
263.5328267754374,75.8746995485612,6.442295209470411,5.426086478295548
264.19176260650124,75.78561848868286,6.43154956687669,5.417516309547383
264.1050448694803,75.69528843429191,6.418556483585753,5.411747860996508
264.0171510415245,75.70065856109652,6.408208879084711,5.401007607387308
264.0213344743946,75.61154919642043,6.399842013344486,5.393423602124378
264.0282600878049,75.61698419201105,6.385990786523959,5.382553610943138
264.12629056419365,75.62271256175295,6.375092744888624,5.371096871459346
264.22689869978285,75.62798743204912,6.35868683195964,5.3605471308669985
264.6042539785466,75.6324511916096,6.341526042130325,5.351619611746037
264.60901615346944,76.18584394712455,6.3320016922846225,5.348708020028502
264.7057890499463,75.82130529098134,6.322241069356652,5.34264465221189
264.8021229738965,76.46780583944256,6.313110199233169,5.334402399727274
264.9904499111161,75.91812524264303,6.302983200380925,5.334182966565188
265.4509480204507,75.64672539770044,6.297505104129155,5.32767178299988
264.81381762562955,76.29155587855752,6.291365698937167,5.318411016120077
265.45641041463574,75.74590883705606,6.284873974409423,5.313681796136262
265.18495656625475,76.38735060766848,6.280298863301377,5.308258139941276
265.91887884924034,76.02637171785604,6.271145415267968,5.300870360597289
265.83311731303417,75.57184377553722,6.260592235532337,5.299544984495214
265.8380837469991,76.21196771007821,6.2506593676025535,5.292541541898131
265.84410825172466,75.66824523580873,6.238610358151401,5.290230035063206
265.93714551182444,76.30691959262683,6.2339387412658605,5.282701644625041
266.03363127515695,75.94961755261593,6.222176900550488,5.272466980848353
266.22074885837213,75.49958144070456,6.2096687052105715,5.268221776944977
266.5843975844074,76.13147381782659,6.204779689311523,5.268651786000973
265.95807339700013,75.68052846695959,6.19369325471908,5.267874766729979
266.59241814537194,76.31328721793814,6.18745279102787,5.2648062978253485
266.32843758338765,76.04692074194362,6.174801454951596,5.256926789769588
267.0544217100482,75.60020849614072,6.161889869028628,5.25094086425156
266.96612378857907,76.23048447565252,6.15889928127966,5.2474939200383925
266.972340753338,75.8722728146035,6.146465351761832,5.24597793127249
266.9759398420846,76.5017260497088,6.139267174268684,5.241950184651001
266.9802901708561,76.14688145680458,6.130566516725577,5.235269565942634
267.0721455430192,75.70163803836022,6.1257064376731725,5.231503076462657
267.2529046833257,76.32872533229377,6.1216182524402365,5.228333822425949
267.5246221899215,75.97428964983516,6.113986100321525,5.222801372579382
266.9050124483278,75.709366967282,6.104446692188422,5.217464355691142
267.4385099885118,76.3358418969782,6.106417442269644,5.211641298489527
267.9753539715024,76.07188847627593,6.1013165267821226,5.205254614647187
267.62392542212336,75.62728119265238,6.092508058244345,5.204887222774428
267.5390705932507,76.25231912384092,6.0844433140788645,5.199232173773144
