80.9,99.1,31.4,5.6
80.44480324718774,98.48233891102025,31.310393505624546,5.835322177959492
80.75841394957592,98.38144530664246,31.232676723092155,6.037109386715059
81.34505530916299,98.29128032248539,31.164153064473293,6.217439355029187
81.66011828237825,98.76199187409401,31.08897461415424,6.385911244034915
82.56377783685342,98.39374374883896,30.953193186758888,6.565228267360023
82.77436010349342,98.33661371039854,31.09079285419315,6.679488344240874
83.07240447787612,99.12962367569189,31.057597923140364,6.78214986679197
83.32961419167877,98.80377253325598,31.107591584365572,6.869439062833253
83.58547282458218,98.45883963219372,31.162668451077288,6.992510732439248
84.15472356789009,98.41627060623642,31.16403231507811,7.077648784353853
84.0779651320358,97.58891955427113,31.31754918678668,7.017586986368731
84.71558168097661,97.26866628535166,31.187474402177344,7.085514367571523
84.48348221177505,97.23417157671852,31.07960660416005,7.1545037848377895
84.39313468393756,96.66601344137953,31.260301659835044,7.147055560125376
85.49087243546722,93.84111069590999,31.361891644807123,7.05419733098594
85.83881382174718,93.54530486985105,31.239911714038932,7.071906141312105
86.2959001502289,94.16934088485151,31.470815783033103,6.968910837268819
86.56544113717838,95.6424226897586,31.50551712319965,6.8916637977820345
88.08394765980283,97.90074663021817,31.33239851879978,6.957247022221365
87.6425447096396,99.68559121134993,31.643579085656725,6.817309860775051
88.56700239043349,99.65175378677678,31.514474700449526,6.8849847099213655
89.15990595924495,99.9160957749051,31.474217753333825,6.9290758289183065
89.4581462030458,100.17348204986531,31.450800528268353,6.987366541534136
89.69851628098563,99.6185361057568,31.54391954485579,6.949540084817009
90.16796413536402,99.3667136371726,31.75388587929703,6.8787540003864445
90.1003347116398,99.34984631143281,31.889144726745453,6.9124886518660045
90.14989464031774,100.23222172577162,31.79002486938959,6.883344924019708
90.47834180625102,100.23617685312932,31.70972011501926,6.875434669304292
91.96427065167788,100.1823682962499,31.61444280974105,6.983051783063141
91.73301000954191,100.44928343851501,31.50090242939328,7.025283163152627
93.20522369521896,100.41419105945614,31.43291992912187,7.095467921270368
92.55675260877152,100.39237716584451,31.578484423359427,7.139095708493647
92.85820201299003,100.40652214221053,31.554147391722978,7.110805755761589
93.48325181670283,100.40461605232476,31.459403642504668,7.114617935533141
94.08951923709948,100.10577323476697,31.399722802495813,7.1358765702564915
94.07613392941363,99.82735001559774,31.42649341786752,7.116721914009235
94.26479034935225,100.42202694947875,31.62518798878231,7.079382867831342
94.65392853239861,100.42196969215497,31.42497800812431,7.0794973824788725
95.83292840300534,100.40710763155208,31.368061762768992,7.109221503684667
95.57713726292181,100.42568184615551,31.304597498655273,7.07207307447781
96.71513823839885,100.35833712841495,31.322378401183457,7.20676250995894
96.93244798385699,100.32689728788586,31.464038745058797,7.269642191017102
97.19149330800967,101.51500147140356,31.525414849961983,7.211300836815961
97.78405861762455,101.18935504098654,31.498696885238292,7.283387370396953
98.06125728418672,101.43545941079803,31.52451455765889,7.3713936363189045
98.33202243161678,100.8701285931424,31.565245949459115,7.337531898309507
98.00424646360361,101.18230975900592,31.638614525409224,7.295352926658734
99.52549224079543,101.17403581874943,31.5081307588039,7.311900807171706
99.25574390671774,101.18731150405921,31.466734123375687,7.285349436552153
100.1417816080178,101.47208415494488,31.43407511978621,7.295609601117674
100.43630685474905,100.6484261676584,31.424569751695433,7.204290199575391
100.48132804484328,100.3396964585516,31.33452737150698,7.244088008670652
100.77336709031736,100.57672972644096,31.327614580636798,7.347186772969944
101.40314567643473,100.26755315378556,31.226142859637356,7.386497192663082
101.6400554436457,100.5510997427794,31.33069726160835,7.397777951068342
102.54184057203783,100.54580146187729,31.26728717303093,7.408374512872567
102.57264782558589,100.57605818540134,31.2056726659348,7.347861065824487
102.91713407651969,100.58156072862292,31.094048894670028,7.336855979381299
104.58434992254786,100.89431730222408,31.21307118506612,7.286918495921049
104.60668257118485,100.61000983008903,31.168405887792144,7.279247140991961
105.1414495241974,100.90049032135654,31.249900784348835,7.273800559747837
105.49402534561665,100.9247461458621,31.121299655619897,7.2252889107367215
105.49453716563923,100.63556403595528,31.12027601557474,7.229831074444716
105.72827224653925,100.9375437008342,31.226700589286914,7.19976648019908
106.5954578052312,100.33746431276236,31.216751851816763,7.250310336400259
107.15923614301376,100.34099983063682,31.2404688214711,7.243239300651339
106.91650908436365,100.33473338878095,31.150089747852775,7.255772184363087
107.80988790047552,100.32602466022367,31.08775815015195,7.273189641477655
108.01402970960163,100.33756308147527,31.25374435181627,7.2501127989744445
108.00299290460414,100.64427875715442,31.275817961811235,7.2128320489533575
108.2362301156937,101.2359183758632,31.385088503547024,7.181042739365604
109.7067346517621,101.49885876976843,31.327396836504814,7.231825432574084
109.50184874103086,101.18275320886202,31.1603381309297,7.287206027349269
109.8144341406079,101.19566258999564,31.110721159938134,7.261387265082041
110.71549322547595,100.6286458418723,31.031698826725293,7.246690203646555
111.01977030823267,100.62449420339615,30.996122760079544,7.254993480598845
110.72677654773594,100.61453531453843,31.009471147017827,7.274911258314287
111.85447024801621,100.89814285194544,31.04691198999209,7.280903244383991
112.11434021992423,100.33598521963359,31.101017787008495,7.257527027342807
111.8811449465898,100.28800196879484,30.99325273955865,7.353493529020286
112.76513273622113,100.01819752800134,30.948724240801788,7.31862005043872
113.04225925174602,100.00605176161254,30.967663685719884,7.342911583216309
113.03768139317961,99.98397092102974,30.976819402852712,7.387073264381909
113.26841734596053,99.96456260843365,31.090241078757472,7.42588988957408
114.6982798510027,100.24844486314267,31.116632290386626,7.435348624498742
114.3760892470736,100.53450161920048,31.183240041655786,7.441008568972128
114.95376226910913,99.96231949718475,31.185522866689073,7.427743943899238
115.19846421937171,100.26510633998066,31.274712093118872,7.400763385262366
115.74129187658752,100.53381191841945,31.347710015567543,7.4426788468249585
116.08591390563312,100.22968308764813,31.23961561291501,7.469786852928896
116.6291234551204,100.85326939835684,31.31350337372858,7.3829210912996075
116.3655758950097,100.53685145308815,31.261069849162478,7.436228337049488
116.87244053633584,100.00394374505812,31.406966888719428,7.342417430900285
117.19288487985405,99.99995687835158,31.346140251935743,7.350391164313372
117.74329647149635,99.69689814745233,31.404043721047657,7.377145299913629
117.54814339877728,99.19478818353468,31.794349866485778,7.219994013954091
118.14651903568063,99.21555906036858,31.763865223038135,7.178452260286299
118.12953584824284,99.22577712443781,31.797831597913696,7.158016132147833
118.34213270959563,99.23615945481504,31.954628947296715,7.137251471393358
127.42738575075894,100.68357988387883,31.881384740561057,7.161323819006253
127.78893113759585,100.07384779976785,31.741516256831744,7.214343407339187
129.06368423955243,100.04899142181449,31.521154835909645,7.264056163245894
129.71666255746808,99.70686248811265,31.375515419140168,7.368155421118686
129.76205883191284,99.36732341445405,31.28472287025069,7.4671192436369935
130.11427490085634,99.33588190598063,31.161025034552885,7.53000226058385
130.47168006355236,99.31266577362749,31.026415722304655,7.5764345252901135
131.0795038796478,99.2813304594981,30.969165987786603,7.639105153548911
131.3604452686828,98.95866500407226,30.986871888856278,7.70484738526084
131.82863393892413,99.28855927176005,31.212667679899358,7.626145415648132
131.85734860612024,99.00818572405166,31.155238345507154,7.604136101356636
132.1640285320112,99.60300529710558,31.123410781026568,7.577561529851458
133.08889025758617,99.57057651197987,31.015427553699027,7.642419100102899
133.45016040635247,99.55562022508752,30.873187735022,7.672331673887581
134.06023456478997,99.54497456734342,30.810787369854445,7.693622989375808
134.13599809847798,99.23904535989394,30.659260302478405,7.727078525455907
134.3868920842719,98.98456658938548,30.734383527006372,7.659124870357076
135.19578162907703,99.25283995014223,30.846631698877015,7.699253902670522
135.462986408949,98.9359226858038,30.89123488164542,7.754075688835039
135.67571484641257,99.23844374531474,31.04645727894092,7.729712842035813
135.70538164318756,99.2631423034423,30.987123685390966,7.680315725780701
135.87591502192726,99.30933508025075,31.226680900660526,7.587930172163807
136.3634342242151,99.05555033002315,31.416092623583673,7.513274608869566
136.15370292989235,99.37130097560501,31.83555521222916,7.465228736648266
136.59113047620156,99.41303162053862,32.13752109085192,7.381767446781043
136.39195864668392,99.45506783461074,32.53586474988719,7.297695018636791
138.23078866259604,99.14962674530734,32.42814704152222,7.31358681000039
137.8897614967366,99.4631728159289,32.51641075666964,7.280285285328698
138.323814547905,99.08147781574684,32.24268833574674,7.4492916042789465
139.26695169645598,99.62782928308802,32.13782035443835,7.544192880125683
139.73041848452448,99.27963131264642,31.80503864567688,7.646436953633393
140.0707774961222,99.24716018299415,31.715765493358333,7.711379212937922
140.69580682041246,99.2504021803906,31.64857045528105,7.704895218145013
140.76597226568882,99.25841764608778,31.508239564728356,7.688864286750649
141.0059338561141,99.29843535582435,31.616410440810185,7.608828867277515
141.62545074474755,99.29367968355636,31.553546270798115,7.618340211813476
142.49677780179013,99.31844805736736,31.573048223045298,7.568803464191504
142.7960946256549,99.35431074163287,31.56112832512569,7.4970780956604735
142.57883150401557,99.07267564803708,31.410477157480006,7.475170871927732
143.11299140075036,99.3769524994314,31.50745589466904,7.449266434468408
144.35197174702637,98.7685006949816,31.3635443890364,7.499145449908302
143.99467396587275,99.0797678949299,31.49569026658559,7.459060734769736
145.17873697524328,99.38555340519129,31.461703230837134,7.431024459995107
145.79413395358046,98.81613482394117,31.395955365207175,7.404815531451014
145.81215732041616,98.82506115267225,31.35990863153574,7.3869628739888515
146.102180546185,98.82630793323334,31.360117739387427,7.384469312866693
146.9534738857062,99.13847038162547,31.398163472702546,7.340355220201581
147.2042541878598,99.43026493131468,31.47650224758535,7.336665500013209
147.352174058561,98.91286885263753,31.761587528960412,7.209607611812578
147.30715196982916,98.90257469818982,31.85163170642411,7.230195920707997
147.5693816268948,98.8989206664211,31.91130241238627,7.237503984245433
147.89258169518155,98.89109718531195,31.850006809028947,7.253150946463747
148.50315840847014,98.8904451337371,31.7979495741772,7.254455049613439
149.03739541793504,98.86750453314862,31.897166137904144,7.300336250790386
149.5998814393949,98.86812518560824,31.944420347100255,7.299094945871163
149.64583643573954,98.57032371153562,31.852510354410963,7.307947822241861
149.8947414758705,99.19070986953956,31.940334946982347,7.2384448519005495
150.5397501552728,98.8779995692075,31.8213744775588,7.27833700787415
151.45930469203114,98.54980006850576,31.736158915749332,7.350104838708555
151.73059848443916,99.13615714661333,31.778386753341568,7.347021527309945
151.84059289220346,98.82128320944332,31.558397937812963,7.391422321896423
152.74315039492063,98.79752986847208,31.502640476225388,7.438929003838897
152.7762040568277,98.80498361084207,31.436533152411236,7.4240215190989165
153.11019802932196,98.79467065884258,31.35058199761122,7.444647423097906
154.35487313617682,98.78168552060959,31.186141700648946,7.470617699563899
154.97447450142963,98.76085212302223,31.10577947049952,7.512284494738607
154.95935918206487,98.48780330392151,31.136010109229016,7.479293028617802
155.2810442363501,98.1928832174849,31.071523494755816,7.490249707393689
155.88801351445377,98.44678617162947,31.01396289522279,7.560632777441739
155.90634584421983,97.88452078496087,30.977298235690668,7.527716550173687
156.48618269282755,97.88083571492453,30.972789803110526,7.535086690246384
157.63337910082677,97.8918361628961,30.98903632650819,7.513085794303248
157.36077159402024,97.91723310623073,30.956782954523316,7.462291907633968
157.59868772899955,97.34825509019757,31.05699885317581,7.448151602478045
157.98745866986928,97.04730897334856,30.85663944735852,7.47286136025384
159.38133344130958,97.05572069532303,30.943121762121415,7.456037916304901
159.43101136830143,97.04630062190867,30.843765908137687,7.474878063133611
159.4825100073993,97.03029878824024,30.74076862994197,7.506881730470474
159.75337984705925,97.02820244506165,30.772899271890594,7.511074416827663
160.66649474914774,97.01812059356273,30.66987119180511,7.531238119825495
160.9814545490558,96.75724713399345,30.61329147633731,7.479645154615791
161.81635350263875,97.07286300351494,30.65818764823896,7.4199781085952985
161.84378261517912,96.817741402655,30.603329423158158,7.35916391921705
162.4291546657527,97.13916717014462,30.57084366693725,7.285441556700918
162.71276499588933,97.16633864474552,30.57089015066804,7.231098607499121
163.28231072781364,97.13095387170743,30.564257966699692,7.301868153575289
163.320700923422,96.84720766098037,30.48747757548294,7.3018720468967215
163.62094187046094,96.31419515451422,30.45340880373491,7.235070815169395
164.47915563964563,96.58923827784874,30.430962852635616,7.249645097590395
164.79191991496876,96.28048828089531,30.370058848469608,7.302520545016936
165.29267081217085,96.88235606673,30.498118205960935,7.228346125243068
165.59312097036508,96.88737595047039,30.462376002114702,7.218306357762296
166.15905455124303,96.89288877060905,30.45944045105699,7.207280717484961
166.43283008121614,96.88901099009256,30.476103394839715,7.215036278517956
167.00720582769117,96.89106527797554,30.456542951970043,7.2109277027519765
167.03400797580787,96.88318687820701,30.402938655736623,7.226684502289033
167.33135687460845,97.16912153620986,30.37203442895181,7.218608757099684
168.14435600320286,97.72333342399206,30.435655789414483,7.236598059969611
168.1093347800189,97.73411478314016,30.50569823578238,7.215035341673423
168.67589587160958,97.72715263571637,30.502595800668367,7.228959636521002
173.3723938230722,97.4560976078935,30.718552933048638,7.20583716067819
173.53841388516742,96.90513844923731,30.95432651361235,7.172128068482284
173.51975016500148,97.47026970275057,30.991653953944223,7.182800737247788
173.79980340383582,97.13336346826638,31.002741760047428,7.28541892244424
174.34538307027006,96.81321037783414,31.05821017153649,7.35241123112996
174.32023063881047,97.08385079058684,31.108515034455653,7.386501629752748
175.53119982562316,97.06644592120111,30.99348457080209,7.4213113685242185
175.52306307084802,96.74285846545625,31.009758080352366,7.492705704577592
175.20937339834404,97.05869196870019,31.0597670866661,7.438409036783925
175.9749572570926,97.34742338382969,31.259705399383858,7.437981549929859
176.17694731326506,97.09854143497864,31.435552824822643,7.355917909848219
176.73531096603307,97.39338442086107,31.48026648948729,7.346952423183683
177.0821524333246,97.09273860436532,31.367758190645517,7.367069420433892
177.68604073327978,97.70893074691917,31.31995153298448,7.294655077575492
177.78836096387676,97.67695571430859,31.115311071790547,7.3586051427966614
178.64939908122273,97.63976511197433,31.122102094032726,7.432986347465168
178.3614625541259,97.36897832101123,31.120170173767367,7.396754954932289
179.27812755172565,97.0822525366418,31.018098337960915,7.3931204705401194
179.15228407245633,97.10284088116835,31.269785296499528,7.351943781487018
180.28972559882698,97.44097589607227,31.30819934494563,7.253998026975992
180.93505526474956,96.31976758648901,31.171513775312327,7.188467121718771
180.35253276553894,96.31949998819331,31.188920936762834,7.189002318310158
180.92467636384407,96.02357225392696,31.192779061383675,7.206785126227284
180.93703627247086,95.75293579998825,31.168059244130127,7.173590533455368
181.1279326348489,96.35602665650939,31.35975189816981,7.114379578004619
181.69344591920563,96.31746034339406,31.378784251510424,7.191512204235262
181.93406376605782,96.92341134451219,31.47432475007801,7.133162586542839
183.46961461152705,96.60842259182562,31.288182306749853,7.186148242393924
183.75805760773454,96.56675028479903,31.286702555966826,7.269492856447115
184.0579428120309,96.58975023105232,31.263915095259772,7.223492963940519
184.02986932466825,97.77723123506915,31.320062069985052,7.151662212625639
184.22864281570799,98.66474251879241,31.497705483049216,7.102210830610041
186.10060311138184,98.66466799750188,31.21412827238893,7.102359873191085
185.50129897633556,99.25766376910542,31.26721086704919,7.061894005416304
185.83705115721668,98.97114193326756,31.168434057411947,7.062210124967015
187.29104695052854,98.13346827224808,31.117207272218767,7.023498566147651
186.71020649240236,98.11890215923864,31.139101960121945,7.052630792166518
187.32579202715877,98.11846909743494,31.049448731905837,7.053496915773925
187.36325910382342,98.11019149933975,30.97451457857652,7.070052111964304
187.6673489088016,98.09820806299913,30.935127449589686,7.094018984645549
188.52862827322878,98.07022581116786,30.918673509121092,7.1499834883081
188.8148582606445,98.07118451450107,30.915758024297812,7.148066081641664
189.68093618859956,98.06985492845801,30.892003048011066,7.150725253727791
189.9250222958981,98.05846302043594,30.973016436649306,7.173509069771946
190.7619917588573,98.03091936567033,31.011344068086107,7.228596379303154
190.75882292343863,98.01974118019508,31.01768173892344,7.250952750253649
191.03795944406545,98.01299151425528,31.032272221353697,7.264452082133274
191.0953481745643,97.76774639324594,30.917494760356018,7.181616258708755
191.07701431984438,98.0809311463839,30.954162469795854,7.125380799078306
191.62996416527932,97.80907474717634,30.987401361631832,7.099524306140503
192.75722676566187,98.09729339993032,31.01102908316508,7.092625231207098
192.98303552308556,97.81765104363788,31.129147829781438,7.0821736823281904
192.28323966100157,98.43018123875372,31.38636521358385,6.999487632462107
193.38449039356516,98.41229184253027,31.47663327684964,7.035266424909018
193.61520453327228,98.40808058593714,31.59034702142282,7.043688938095282
193.96823056213296,98.38007083596106,31.46118775230448,7.09970843804744
194.55276320400475,98.09446985614309,31.44445331244635,7.094744975740646
195.432517751191,97.8120929513292,31.41245263873015,7.0836626451496425
195.6414614385005,98.11305443193754,31.569741151522926,7.0569155713447325
195.96449143708884,98.10043339972894,31.500540588177188,7.08215763576194
195.9405893460149,97.80609535046688,31.548344770325052,7.094455728663074
197.18283718670187,97.77635325315481,31.37297912536321,7.1539399232871945
197.16428329665305,97.73322967720804,31.410086905460837,7.240187075180725
198.10915284077166,97.40518779991322,31.25479020697295,7.3181233665206165
198.39611005589583,97.39516817599,31.258343155713554,7.338162614367065
198.10964577399318,97.362057428741,31.25337120945197,7.404384108865047
199.60266590290652,97.04534145350691,31.162815965668734,7.458719056524556
199.60452224286968,97.33232695910647,31.159103285742464,7.463614476437246
199.5616959997715,97.0518881126038,31.244755771938813,7.445584318680774
199.78815014362283,97.0177568004487,31.371610846880767,7.513846942990991
200.63598917075447,97.0242707486854,31.42446258086688,7.500819046517597
200.96026393471584,97.03305688016475,31.359247938121612,7.48324678355889
201.24095049077266,96.44517766111059,31.37996082925539,7.494833215172371
202.0407361045861,95.34121161367293,31.528181529271254,7.3723760731906935
202.34057327383138,95.33543022974719,31.51083899894017,7.383938841042194
202.42872051160285,95.00980744381701,31.334544523397263,7.452874054765708
202.61331322292753,95.6054004125175,31.546519137547023,7.424008190963038
202.89373633986253,95.58735440115578,31.56924916609408,7.4601002136864665
203.14388681726393,95.9098126480627,31.653532735192996,7.399768243774342
203.72222178028403,95.35824597384388,31.666083483855214,7.333680917509527
204.3417423426112,94.74595704805441,31.594083134970987,7.391217993318388
204.8960145394434,95.03734377729936,31.652768147368512,7.392059237859468
204.8485342488938,95.36701899809304,31.747728728467756,7.317160880417452
204.7924227724356,95.67704675315981,31.859951681384103,7.281451233403514
205.41311057716183,95.94814281146982,31.789036793621186,7.324489477628257
206.64467343819538,95.62290321976826,31.66616767421956,7.389904510364992
207.28113381413297,95.90401888885488,31.562443625187647,7.4122715236134065
206.9781859254629,95.8914774679793,31.584764712250422,7.437354365364574
207.4005952230007,95.57056876739584,31.32431298422067,7.494804899485633
208.02764977587233,95.55398944454016,31.23383851059996,7.527963545196992
208.67628497578062,95.531941914695,31.098932938389126,7.572058604887323
208.99675097994677,95.521965701167,31.038133089208273,7.592011031943326
209.61937649178222,95.8380803259185,30.952201564201903,7.539441531772622
209.56817774216742,96.45196618591936,31.054599063431535,7.466578199795444
209.8258256421314,96.43432004053794,31.11680365839675,7.501870490558284
210.69109875200468,96.4119170667489,31.12339248678813,7.546676438136358
210.86290932970275,97.01060769033386,31.359762767988983,7.509278064160394
211.4788288410605,97.89051505238803,31.29310395361407,7.497233652562997
211.4651566751295,97.85721296107072,31.320448285476097,7.563837835197635
211.72044469854677,97.32571640185397,31.39295223816441,7.46067095458538
218.03597355160227,96.13861358026362,31.568686281967544,7.506369006872576
218.62888242440584,96.39756682698383,31.553789977122705,7.573923233813293
219.7090975458443,96.44051663119171,31.73952634009335,7.488023625397539
219.45442603760355,96.43659647199817,31.661367131697475,7.495863943784618
220.33843349062337,96.15354954952852,31.653025647381558,7.475399981482696
220.57858585953622,95.88861537553461,31.758770798589975,7.419218440436439
220.83670001438813,95.58859515455954,31.828997868453744,7.432803502818951
220.80367151229837,96.16365837876184,31.895054872633278,7.458073443456317
221.11349728092839,96.13120892588815,31.864509639818095,7.522972349203713
222.0320441963079,96.11627858643597,31.79717613798478,7.552833028108058
222.3138723645883,96.11038222328602,31.823067753093994,7.564625754407947
222.90742338735112,96.1274804650582,31.81623728847242,7.530429270863621
222.9000661468099,96.11892382955658,31.83095176955483,7.547542541866852
223.19924108678578,96.08464007119345,31.822521724996385,7.616110058593121
223.4480716183133,96.40951593125679,31.915971805495467,7.557469482020572
224.01806355045704,96.6985722079674,31.958587898098617,7.570656907044686
224.29474971809333,97.00308896300031,31.997364247337952,7.553772081490733
224.35431866378048,96.68666878355971,31.87822635596367,7.594243566288217
225.60107473992088,96.67502494653888,31.75060984132032,7.617531240329872
225.87926759558607,96.66967990671442,31.78435503798369,7.6282213199787945
225.8735342856592,96.62831832708875,31.795821657837443,7.710944479230138
226.55256171634835,96.07162386167266,31.622857906191314,7.639242300330157
226.8548666492728,96.07820287609523,31.60700311650712,7.62608427148501
226.5381628287275,96.07885131322973,31.652128706790805,7.624787397216018
227.20295079423198,96.0804093264251,31.500331977295787,7.621671370825289
227.27925403905888,95.79812226503786,31.34772548764199,7.599542326882865
228.22241185890297,95.8204249817475,31.213838210088834,7.554936893463596
228.19029831322666,96.19035270564292,31.278065301441444,7.396497834406189
228.4238917127104,96.26407364892644,31.390170545849262,7.249055947839146
228.66993828694982,96.62381420376329,31.476116282695102,7.1076137234901005
230.33581750896846,96.12748708052635,31.60351383913129,6.947215969806145
230.59584893556584,96.16783940251881,31.65866936958632,6.86651132582122
231.09606139754104,96.24155129396294,31.807107012737617,6.719087542932963
232.4825594649297,96.26797484406192,31.90236687619332,6.666240442734976
232.70103658971647,96.28994391206253,32.03936776662783,6.622302306733777
232.7000968470958,96.29810372733337,32.04124725186913,6.605982676192095
232.93932298079457,96.29542375426391,32.137516197508624,6.611342622331031
233.78441668812377,96.30788076676438,32.17582852167624,6.586428597330066
234.07839343973876,96.34708508712731,32.16409121489508,6.508019956604219
234.70071480948215,96.05577298557495,32.06850397256254,6.5161164111318435
234.82939830316457,96.34014672066805,31.81113698519771,6.520723128619042
235.2843204487012,96.02808114476845,31.471151755101054,6.5749952194416315
235.33727106449976,96.35365809206769,31.365250523503974,6.490016380436314
235.71297122849413,96.64497888414769,31.17690055623894,6.470425157000051
237.49977296942487,96.67367603921865,30.963569489703072,6.413030846858139
237.5903080261834,96.68914729818826,30.782499376185992,6.382088328918908
238.47850727714004,96.96738942739046,30.664605174289292,6.378438837186708
238.78682076774868,96.71154783965422,30.599099143850005,6.339001061881191
238.53206916687896,97.02622994346844,30.559159607236786,6.259079592605409
239.47707869414515,96.75148782515876,30.311142523822056,6.261229838852178
239.45063918813028,96.80409174770686,30.364021535851798,6.1560219937559815
239.70880222815182,96.79710655420625,30.390307534143297,6.169992380757198
240.20834068292092,96.84579244335939,30.477730499152916,6.072620602450927
240.9510570781332,96.86989329094102,30.62000988399916,6.0244189072876715
240.8984215657656,96.61505614435337,30.725280908734362,5.990483017390123
241.42092363679458,96.37222531070749,30.769100157754284,5.931732989142979
241.32950361704476,96.90809308891015,30.951940197253915,5.947741887318615
241.85353865470836,97.18091565292902,30.997325275791248,5.948824336213176
242.10008830960612,96.85391964872788,31.051605685511376,6.0554366250997145
242.3289504766583,97.13784166530952,31.14410109166421,6.0378123321935275
242.55997903977575,96.84492516121215,31.233205551594587,6.072483754222952
243.1361260306405,96.78570665127314,31.187068805349586,6.190920774100958
242.82396588072876,96.49604749715007,31.256639744004165,6.215489721178211
243.57795562206195,96.21402271258343,31.41725030808037,6.223342608063981
243.77170746630674,96.50761895597057,31.588331536368514,6.194735038067419
243.15761861590755,96.53363012737707,31.695695633143966,6.142712695254423
243.1758681127352,96.53101010088852,31.659196639488624,6.147952748231516
244.24838411032772,96.23291675772842,31.756077907089868,6.183661118855143
243.9727531959589,96.21965563259523,31.74481602291758,6.210183369121522
244.4862338358145,96.53261346224518,31.84362537991552,6.14715302817619
244.45586664374815,96.84409331859734,31.904359764048223,6.0872205862700115
244.6609609064198,96.88355560743443,32.0568695836574,6.008296008595835
245.78970736236272,96.9131384134362,32.05245698560451,5.949130396592294
246.38344904651956,96.91493854040122,31.98906750045056,5.945530142662263
246.3683291692775,96.927659993006,32.01930725493467,5.920087237452691
246.8504804939221,96.98152841683039,32.177036248833076,5.81235038980393
247.88976157601712,96.9993549826732,32.34281496422886,5.776697258118302
247.7376369372435,97.05234136284874,32.64706424177611,5.670724497767216
247.95256921058382,97.07906503727753,32.78200810991451,5.617277148909629
249.02339979100003,97.04280588363773,32.902829497174366,5.6897954561892305
249.5248525587054,96.7461125165447,33.037386908783475,5.714450716865367
249.63588977483803,96.46219787940268,33.386397247865524,5.711195219802019
250.06450128694578,96.73117078851816,33.68088948688175,5.749107033186892
250.54831795184387,96.69987092540399,33.87463627459996,5.811706759415246
251.15896273731292,96.06118251482128,33.82257788859143,5.919852395651102
251.20844509680467,96.29956692099569,33.72361316960789,6.029117803285161
251.25036493183472,96.5141890803444,33.63977349954781,6.18669284338755
251.470034894431,96.19827577013076,33.78919295835516,6.2297600798149695
252.11295800262235,96.42972274180656,33.68670878702846,6.358547158991359
252.41074670919477,96.38030444858566,33.6839177829513,6.457383745433161
252.34878879665484,96.3083318845843,33.807833608031174,6.601328873435871
252.30825056986453,96.26587827243249,33.88891006161181,6.6862360977395054
253.88592132059787,95.89285217002634,33.743612422499645,6.83027953008087
253.6445401686454,96.14904944878819,33.62358113143921,6.920678567522603
254.5819972722553,95.55796276672793,33.55730497567434,6.8970932306731445
254.97058307276365,95.51036559200375,33.381631207814536,6.9922875801214985
255.07097419660712,95.420888597677,33.18084896012756,7.1712415687749616
255.4377371676902,95.67050892751497,33.048882627550206,7.273560518687777
256.1026142104803,95.95576505478232,32.9225121255298,7.304740055933008
256.38106377564895,95.6611657988465,32.966140643938346,7.29341091905872
