343.3,88.1,12.0,5.0
342.04808404515654,87.56543699576768,11.93194484578633,5.069126008464627
342.0841990906908,87.53225850082335,11.859714754717896,5.135482998353288
341.20183478703683,87.63621391813508,11.78798295368702,5.189923650635353
339.65498038774473,87.74914071681769,11.734422418191524,5.226342497776785
338.50320249740616,87.8632599708108,11.678747503666884,5.260240733701888
338.5343084157106,88.23696452063795,11.61653566705801,5.298604774872928
338.30888714812284,87.56208264805129,11.543990852327767,5.339900145281706
337.42949509383084,87.80200880947825,11.473241927002645,5.382771546401818
336.2862253635051,88.0485169067574,11.410051051640428,5.411917648735452
335.28283874838144,87.11689732471316,11.331473857144818,5.450475191173936
334.40846846502563,87.21528904638821,11.258855581871059,5.513885868107441
333.9254632307046,87.3163767139127,11.183924863352036,5.5719458298487545
332.79202549465236,87.41803722956023,11.10948929057089,5.628770470207665
332.30695317621894,88.2927575973462,11.03948195215831,5.6995956913747
330.9131638570887,88.1322757558023,10.964501481058265,5.760326728156989
330.82052566597696,88.1021161811481,10.889601976002693,5.820645877465393
329.8189722818774,88.07501551477324,10.811836330386464,5.874847210215105
329.0714830873254,88.04552498206455,10.747467739819916,5.933828275632502
328.45405487805215,88.0105661791475,10.682579920844896,6.003745881466577
327.43841202828906,87.97327612636357,10.632414382145257,6.078325987034459
326.54303977792796,87.93191035502383,10.598211942103752,6.161057529713943
325.77615389213634,87.766501072379,10.562367292701232,6.230273358172606
325.7903993544907,86.82544146597316,10.533876367992422,6.2766995842778535
324.7638490416984,86.80755966886996,10.486155781255086,6.312463178484252
323.7459339025398,87.83604024891811,10.4220183899919,6.355469687968329
322.8654600460522,87.81947599508679,10.347111330604292,6.388598195630973
321.9846012258486,87.41021938025614,10.276894959111706,6.421996848763828
321.2409673226812,86.74476680174996,10.196860518963119,6.446816800373296
321.1006978389293,87.77255368435482,10.21696290106984,6.474735718340268
320.0760778084371,87.7523855118914,10.1765660992156,6.515072063267107
319.0569257437423,87.74078870863633,10.124673595484037,6.538265669777253
318.1633577007698,87.73605235641297,10.085617792655315,6.5477383742239645
317.39921086598036,87.73420765151401,10.051168823349826,6.551427784021883
316.6373148377721,87.73235464607515,10.014949241132557,6.555133794899604
314.97664561085304,87.71926276591377,9.962524641035339,6.581317555222382
314.35073201961404,87.7076381171108,9.918506570816383,6.6045668528282935
314.22058129777434,87.70075812611086,9.919913822204167,6.618326834828201
313.30209659968347,87.70415562797366,9.94287499927408,6.611531831102572
312.27632711324554,87.69520899690649,9.91940353169924,6.629425093236923
311.2584028149037,87.67478776929909,9.880686090332345,6.670267548451722
310.2557947386833,87.65821201772182,9.81057268256408,6.703419051606269
309.3826065481647,87.64218433910827,9.744582715647665,6.7354744088333804
308.8543338407039,87.6478000843996,9.767349614294856,6.724242918250702
307.5556936485113,87.63601441646396,9.778606145963094,6.747814254121989
307.6556113374642,87.62115411279963,9.837932915426649,6.777534861450647
305.806249832221,87.62556438103954,9.888971136369353,6.768714324970842
304.88788196802,87.61521321152873,9.897498108161267,6.789416663992463
304.0838641663193,87.60821851716953,9.935669728453446,6.803406052710837
303.9482181448514,87.59807654617721,9.944510590687837,6.823689994695489
303.4249426512314,87.07927634118712,9.939380405279817,6.809609232027571
302.6087454208901,88.13791544994191,9.996115859869034,6.793209689309219
301.5760547004575,87.88592224278597,9.955951024161612,6.770809534477968
299.6469169038186,88.007830471411,9.880973183294692,6.789209972837569
298.7763548233671,88.26428165723956,9.79235786188229,6.799090310413388
298.41591903111674,87.74905944923628,9.732577087096635,6.788664914038141
298.0648987939453,88.00758342132838,9.657190495140819,6.789901680719688
296.4268627919316,88.7641564742902,9.578957508561048,6.8248963396916595
296.08102096805135,88.3638798613124,9.498391367297407,6.853199776622942
295.06853677926244,87.47170309612184,9.470066592438213,6.8409217986217
294.18328956948346,87.71887569758464,9.448348412645844,6.858637338367645
293.4108964687194,87.96428194699544,9.457182285002292,6.879808949269941
293.27808104212414,88.10482967837874,9.466339356424996,6.855187268271138
292.36717146550274,87.2308163026882,9.49470056635922,6.8097560763436915
291.08765080454265,87.74038955265777,9.494829355921446,6.814174589347728
289.797051814983,88.38131291951055,9.516368376882523,6.812157334721294
288.4955199160887,87.9899836621064,9.556841944926543,6.826038780606254
288.2617495850542,88.87355299576134,9.51018156409821,6.858603763437359
287.0035590560255,88.86009802008198,9.457270357461859,6.885513714796099
286.49649842446087,87.97343144574322,9.445116472436196,6.862865354202496
286.35046345250544,87.97818723519357,9.48117395363319,6.853353775301779
285.3027176580486,87.991916225487,9.52544058616908,6.825895794714921
284.2732327684902,87.97771185763854,9.531430138457933,6.8543045304118255
283.2589588929515,87.9769355900687,9.502532969286213,6.8558570655515085
282.36496196878886,87.97210608563469,9.493150000671513,6.865516074419517
281.720725073923,87.96836469983371,9.4977007749823,6.872998846021481
281.087471653477,87.82996017286231,9.479324719958601,6.892831320781162
280.04939815564563,86.81422251026471,9.499282872798872,6.8681178031538686
278.7656632514916,86.8225911706669,9.49754907314799,6.851380482349497
277.62508271658413,86.82266457886737,9.46913944029974,6.8512336659485396
277.3744476436558,87.84561493994812,9.45803802571403,6.854819185556739
276.4805396036603,87.96920576889423,9.45331986478909,6.86371384779541
275.56022026754266,88.10625946594455,9.500902536347903,6.84575731093427
274.63122798453645,87.20569345486643,9.562845608261359,6.850847838991523
273.8567218374391,87.32759304562326,9.56625928346538,6.864648427309659
272.4310413907176,87.46155150447899,9.580956136065064,6.854610058765753
272.38314780006465,87.47335222665568,9.676743317371043,6.83100861441237
271.42440536791315,87.48208098120308,9.781248423683373,6.8135511053175595
270.3814957854939,87.48379453524961,9.78475878510535,6.810123997224505
269.35336729735985,87.46788386902644,9.758735705884282,6.841945329670857
268.4722999821139,87.58788003476391,9.697949536272292,6.8623702553536265
267.5751498336035,87.70578418133142,9.673405429894382,6.886396876989831
266.8059455367785,87.82905743454936,9.652658126230213,6.899709686773009
265.2650794726063,87.82715290931642,9.617218175582728,6.903518737238871
264.8815246501748,87.94877966316034,9.606457417262082,6.919555363945584
263.600608241696,88.19575121218179,9.574382264813172,6.944393859783994
263.4765147336328,87.29734263609892,9.563256647807728,6.926022580027004
262.1776417310253,87.4302820158973,9.572582024837773,6.918985883248716
261.01984236624446,87.5531062331515,9.558370066847772,6.93220530291275
259.9976599373335,87.6753646192809,9.531778787361652,6.946558047817474
255.8477705816379,88.16994566135028,9.553101824382374,6.992202922974987
254.88590992555308,87.6254354190786,9.658401386012379,7.042125264352877
253.91703315343855,88.14497805075733,9.760808377933992,7.051809459456783
253.9176840823655,88.01537990286228,9.759506520080075,7.04710076697947
252.18823965786734,88.14916517017771,9.788893257286345,7.043338087101678
250.34860987042092,88.55197162939803,9.769472219873839,7.030299585583641
249.4484431345197,88.27716040678659,9.724026776350545,7.052556626427742
248.75976370723046,89.21662790007048,9.784588472941191,7.017137661042924
248.32072357189583,89.1067830657988,9.871582914779435,6.973132053309299
247.08318874127835,89.00173041631334,9.968064893736393,6.918949832027109
245.87461060069143,88.33847551473082,10.001559765957857,6.921203296885251
245.9596848368558,88.60483054679835,10.096805463720454,6.9192815729329675
244.43933750454198,88.07578127115212,10.202707969432366,6.910182975528772
243.97616391382746,88.34074622252827,10.32432184943783,6.916741940392198
242.46223178728238,88.43876134160017,10.380164250531164,6.99089550697538
241.49364735144215,88.27373663071126,10.411547065237015,7.048689777756846
240.54996979612574,88.11914165558944,10.383097299021424,7.084193317022101
239.73031473107045,88.09942434191115,10.379329954942516,7.123627944378697
238.91487212993073,87.39784193144911,10.363560521878755,7.154580569183431
238.07312571603586,87.5335152507052,10.398753327432582,7.1579506010439005
237.37282638462526,88.61785046138472,10.422834960364526,7.191707427507672
235.75455577933326,88.60498833743073,10.34467416880145,7.217431675415658
235.3568927547798,88.74059656215034,10.313589520170835,7.221685458555622
234.13135168461804,88.8640279490566,10.289034628375866,7.249893466089588
233.9745970923516,88.86127329310862,10.327378830377281,7.255402777985555
232.96452105226152,88.88340542936979,10.416681437608037,7.211138505463234
231.9622559663268,88.89994247586039,10.486036314849951,7.178064412482039
231.08800167719713,88.91238152500775,10.572828887623068,7.153186314187314
230.23815181578883,88.91595170371149,10.605439546168338,7.146045956779825
228.55295947251713,88.93055753617276,10.637175902328755,7.116834291857288
227.8574980845161,89.08242085677782,10.637032444917466,7.09132089732984
227.14511081932034,88.26900848150724,10.672871006658777,7.051422485490772
226.82003954063302,88.43119284633329,10.767688884805699,7.004716095452554
225.77945343416587,88.59707961352599,10.900707962515845,6.95125015181343
224.61383435614565,88.48466958558477,10.996682783797661,6.896662290851049
223.35577192743642,89.33507311798611,10.993442025048811,6.875432303493238
223.0996535572579,89.05133956866155,10.946628377267897,6.883849014004434
221.87385769013378,88.36029973965978,10.887520099187595,6.871095331825446
220.78332028182666,88.34653110645264,10.845640346048759,6.898632598239703
219.82709527263512,88.47524626945884,10.81416438338313,6.918905983805715
218.73956331753854,89.17279115141234,10.768656139146861,6.9116738164171
217.7491473410486,88.50557205119529,10.812104192274754,6.862266374099825
217.3025875008618,88.52430277114381,10.875443425902159,6.8248049342027635
215.49696476832418,89.07956248419859,10.886815934933367,6.821938725337522
215.05562473251956,89.9122258075296,10.938390356069156,6.818823379622565
213.78617290147318,89.09219468305868,10.977512865234853,6.792364859946364
212.9707052219569,90.06866995597375,10.941087226066394,6.784668812017442
212.41328183082487,90.05496694390789,10.947051650936945,6.8120748361491446
211.27812053359963,89.90474432286723,10.995217505658985,6.83475048576439
210.7131551517731,88.77429564535099,11.009671033027917,6.864693368228514
208.74708217167213,89.20051844683678,11.027591642872142,6.8510103403335805
207.9375141135967,89.62216030390624,10.96897441585668,6.846603297777833
206.99888324697466,89.0823018363582,10.895502509616506,6.811615296025754
206.88558676057832,89.89898730799419,10.84510355058287,6.84019594371165
205.90159683530445,89.90445363341719,10.876060172753343,6.829263292865652
205.06494720804213,89.89231858541402,10.887376006170232,6.853533388872006
203.2451421211055,89.47836513223649,10.918536860987398,6.848721221598719
202.44134856147195,89.04562311671575,10.858375030230901,6.880330777628408
201.48190797818413,90.15397634625458,10.834140019069187,6.884328521679142
200.53379050248856,89.1827766884812,10.789328680224855,6.885681546990454
199.81450686765103,89.19260877326211,10.8446745906649,6.866017377428631
199.12322970766965,89.18241633532438,10.841511346740777,6.886402253304092
197.46491539613237,89.16360348579406,10.828892115255268,6.924027952364711
196.99247584288327,89.16139763083262,10.94013825730647,6.9284396622875795
196.08985712919377,90.16988407351721,11.067677699931842,6.868781092464252
195.12136033222657,90.03744714778776,11.041015236856316,6.853132650064592
194.0458068809058,89.73795169634704,10.953229421992335,6.8924003735696395
193.09731104399793,89.45162913151806,10.89576082464885,6.906628282896403
192.2274204408568,90.01033052183737,10.96401748998751,6.903575196220173
191.64006696484574,89.45455506619477,11.020496087605494,6.89689775310127
189.96682113650363,89.57454704223886,11.003516186750636,6.937203097474685
189.42014492868748,89.15555636228572,10.974025019641234,6.933051770324746
189.25082370715373,89.44005434200831,11.03246708226837,6.924456571760249
187.84332132818218,89.84890859869867,11.038170576793545,6.949538437404932
186.56120269805777,89.57856597266982,11.069487174550678,6.927352431131149
185.5507474727635,89.31909652641502,11.119674537664874,6.883227584362341
184.9821670805603,90.17348169274045,11.130671377828884,6.863703168075138
184.427458045488,90.04671043480693,11.114580801768735,6.835868522391019
183.54330346895432,89.7943534010448,11.198873464585924,6.779243759831874
181.72826326833163,89.66704833816371,11.17630424951012,6.7528808381847085
180.90595545968122,89.54794973495584,11.139762786978215,6.710885197961673
182.45854200369016,89.83039936432398,11.10294195936888,6.703868168390594
191.20494929434216,89.8164609486008,11.141432148857467,6.731744999836937
201.0798994889599,88.6609569917732,11.223073437060517,6.808213006175117
210.7396371902499,88.38178381798417,11.349272666467058,6.802916610797062
217.94607493227213,89.10220425280012,11.400553828684037,6.780130314328069
219.26222712397728,88.36259916171585,11.324151367013435,6.839394984419024
222.40550878261462,88.33448419079396,11.282330885401501,6.89562492626281
223.53132641703735,88.33194508937483,11.304099788284624,6.900703129101054
224.6553488382509,88.33485309710618,11.332738437772889,6.894887113638363
225.2286290340051,88.33120489818548,11.325835485920807,6.902183511479773
224.97837974101145,89.1831257710757,11.25646548718595,6.907947519865938
225.01313391142122,88.75706846964201,11.186957146366419,6.908070844148425
224.2069055506139,88.19722017182798,11.101640104905675,6.895918264392923
223.3382224211868,88.4931324744843,11.150097494787772,6.867063282070989
222.42569327269112,88.51576052667465,11.284815206594022,6.821807177690277
220.53227181575934,88.5361337318281,11.39304950062403,6.781060767383385
219.89657087588174,88.54019284025786,11.52887844412964,6.772942550523882
219.69267224767398,88.53176134054999,11.650901244837847,6.789805549939602
218.03958568621434,88.09497873281965,11.790490025139134,6.799756853777222
