311.1,108.1,18.2,4.4
309.6209759515491,107.52551698673628,18.124575335829654,4.54896602652745
309.65414553000693,107.44595893039188,18.058236178913933,4.708082139216242
309.67984668118663,108.22464462875708,18.00683387655449,4.8645506337976885
309.8980571268431,107.98344766225753,17.915406433280207,5.001951118758148
309.75353315314334,107.40818195830285,17.85817097909068,5.113632321900221
309.0962606493826,107.3461064305885,17.782461170452958,5.23778337732889
309.10174710674175,108.33485296695147,17.771488255734617,5.353133140490392
308.42166402980524,107.0604194127811,17.728478498472075,5.446442404343927
308.29360969213724,106.81745476110986,17.632674212946434,5.5804587468247355
307.97734570131297,107.11280680722356,17.55914534143733,5.695811507755037
307.131236849693,107.76503614852601,17.48083261213515,5.80777717118384
307.19086359890133,106.45961954088529,17.36157911371849,5.9332925871981885
307.2348054967019,107.63052086270119,17.273695318117348,6.080973365560352
307.28947075197107,108.47756335083639,17.16436480757897,6.172261849558575
307.3506859087274,106.99969987047278,17.04193449406627,6.270640529282306
307.36513213100835,106.25930885487058,17.013042049504396,6.322638162718674
306.7084414371558,107.31975100848587,16.895541263770887,6.348077115646161
306.0639693212366,106.7765215735831,16.75850522404045,6.365050781775149
305.91946153893895,106.41058082582691,16.692685498374402,6.3872616967647415
305.42647539588893,105.86739910277474,16.615787951511493,6.410755309906124
304.55084928221487,105.51057758097573,16.599001834573077,6.417183015789505
304.54394614540024,105.48333812434761,16.612808108202376,6.471661929045761
304.5229308446631,105.82561885261941,16.65483870967656,6.496413940111124
304.6767068582648,106.54491515544738,16.702990792725437,6.480637775464301
303.9481023641043,106.15497596595233,16.735746663878402,6.548289595870352
303.4424870323348,105.42832305510709,16.673589552070695,6.570411717098574
302.19642069938664,106.67461115224252,16.664634988271878,6.578922752522727
303.68238130276427,105.23061988422747,16.551286682598473,6.608332387471027
302.40835839418185,103.97651016958727,16.60581850524974,6.623037822237839
302.0665910845529,104.1399919122462,16.57482566980015,6.653338064273763
300.80773222750224,104.6685795614199,16.59103453510914,6.668237986837349
300.6110756215807,104.46288390255732,16.626490134336184,6.721771691946523
300.7973279887878,105.73112281902908,16.61330822747702,6.700553651887861
299.2982839208682,104.48219062000008,16.74135874485522,6.687135133792471
298.9257936208438,105.53934003403843,16.765621278384877,6.734990505273114
297.685293382028,105.52894196193385,16.71568511986097,6.755786649482286
296.42259567798544,105.49946557806634,16.71258242980681,6.81473941721731
296.06142451515126,105.47751641171557,16.710485831584556,6.858637749918852
294.64763174551626,105.65805390463503,16.63430829001161,6.860533149185293
294.4293665180056,105.461282373554,16.70893338976105,6.8921708560754045
293.1637947223292,106.73830426742082,16.695267408919545,6.882936640536032
291.71336344300886,105.64644925453769,16.690666389661022,6.8875489828779015
290.25848300156304,105.64188840910379,16.69483883084348,6.8966706737456995
289.3191984605789,105.63998624838894,16.756303612477343,6.900474995175397
289.309453368052,105.629712131519,16.77579379753113,6.921023228915253
287.69477268979665,105.99880675169192,16.71996099008362,6.912877136115715
286.7791031164011,105.79608242105574,16.730943639617582,6.9542544979366525
286.98747899051824,106.17956682467685,16.67915662330286,6.917215154533652
284.28090687107897,106.17164487070326,16.638907413616426,6.933059062480853
277.2119680726242,106.17739756453824,16.609647937262054,6.921553674810908
270.69749286708486,106.73970927370489,16.583798972642693,6.884830204452413
270.72729700694896,106.20742368341094,16.524190692914516,6.86457671342043
270.55192853584845,106.39898231054002,16.514539377459645,6.841847716818225
269.86307118704144,106.76901157776088,16.452872863025114,6.821479788400783
268.78339294737594,106.77115778371838,16.460667594676877,6.817187376485787
267.7184698325643,106.77378599271704,16.438734659004353,6.81193095848846
267.9113158919433,107.49888575629072,16.411262529897616,6.79461138994559
266.8185939899056,108.58094038369656,16.451610941504814,6.775597527602171
265.5586381316709,108.59059841346547,16.467201966617242,6.756281468064339
265.7203127163854,108.57433754408703,16.501494263729487,6.7888032068212265
265.91795319846267,107.69733441051022,16.464927692535564,6.749237509172258
265.0452852552702,107.00696086743947,16.422846729498488,6.700051115776099
265.1671331862154,108.07285303454084,16.5351522539444,6.704275099590856
265.0098362078236,107.53413588928193,16.49205109079261,6.708624030302794
264.14599989115266,107.51959148283703,16.433966277083627,6.7377128431925914
265.2163034087966,107.34323323011142,16.434350643364475,6.733597448382326
265.39586146727294,107.17209146338521,16.431998756178825,6.7191167520677615
265.2250497090636,107.00173348651025,16.417149611089165,6.70336004430939
266.4718042937228,107.36639638761831,16.415487570732246,6.685990564653667
265.78562206710205,107.20229544274771,16.365272077824613,6.658547467857605
265.98166084609613,107.03059208922691,16.32762710040089,6.647521594334901
266.13045033572394,107.75498864633336,16.38374180815126,6.613503228146223
266.4541488565093,107.57112241541141,16.44413698157824,6.627339582491255
265.9228566286039,107.54618983524227,16.441683350639963,6.67720474282954
264.3517176436748,108.95480993582638,16.381166923595327,6.70689289446385
267.36673239624,107.52507581900652,16.395016008920024,6.722182967889412
267.5327113880294,107.17269705998046,16.419052009109695,6.714952518404826
266.272161221144,106.99059668336619,16.44666903107335,6.722941369946668
267.4998108804937,107.71136408250298,16.488635285474807,6.708415470587844
267.1811386474899,107.35277874770047,16.41178265745568,6.711389046165969
267.1396612915262,107.16645834747956,16.4947373693831,6.727986161986814
266.7994514438031,107.16174658729511,16.46008715682719,6.737409682355712
265.5506126865149,107.88472485886206,16.457342683631772,6.720265703662844
265.39114906829604,107.87824557667442,16.419411442727984,6.733224268038138
264.82985633488926,107.70784343598969,16.47237038481036,6.717486374497173
264.5084312260155,107.69662279123389,16.401169346964977,6.739927664008771
263.9502360241319,108.57959845632685,16.448364753342574,6.755967996138677
263.76778322010375,108.58750822301342,16.455906122162407,6.740148462765547
263.7957586464042,107.89702712501398,16.399955269561545,6.692344311768652
262.9018528506524,107.71240519888644,16.410095764192544,6.706053944649231
263.2048095346295,107.70420487966437,16.516031235351363,6.722454583093355
262.8405627949757,107.68573962169724,16.529037942197018,6.759385099027628
262.3275228947966,107.48303123088645,16.479352885718,6.806213595036788
262.46597577207484,108.37390649467504,16.5611516154321,6.817985488812899
262.47396429772533,108.36297126035004,16.545174564131102,6.839855957462901
262.1133130223242,108.35668302109951,16.545973195699116,6.852432435963948
261.77220376338164,107.97358437077197,16.507217865950846,6.897655888985612
260.5198061260056,107.26722458742361,16.48690050406754,6.8674539490336075
261.41527092378294,108.34855775713619,16.4954762757489,6.8641940502915455
249.33614455428545,107.46559523912484,16.535940008198956,6.830284085825838
248.23728335498527,107.8345837819007,16.573970591739204,6.812204271960819
247.37616934268402,107.82726001976147,16.4953195412208,6.826851796239288
247.03812481850787,107.83451719215161,16.452805458025036,6.812337451458991
246.6833319116233,107.66523550706684,16.445530763201116,6.792470567332044
246.47776099920918,107.67915309591156,16.498700290323086,6.7646353896426
245.59268585066724,107.67091817249764,16.47762919799638,6.781105236470436
245.7387585810185,107.49734508176688,16.54371704299066,6.770018112235197
244.70800095671783,108.74932305101953,16.451297497489517,6.778986100182789
244.93763898406712,107.14792695199405,16.34983726026946,6.761435940927179
243.48231775729442,107.51323451840767,16.412158298188043,6.7429011620066746
243.3035235429799,108.22900216399057,16.413137032117223,6.73780464964049
243.47663811721858,106.4417913669859,16.423441051384778,6.746894566200678
242.52922646009216,107.67447716963596,16.53404720739611,6.779426982438657
243.99360287533258,107.4793319341302,16.4774311887377,6.81070035197237
242.76117245894287,105.51670806003084,16.430996597917176,6.789626720228249
241.20461522010692,106.93564838216477,16.32470244300943,6.8134426382533695
243.31085281525858,105.6854582734828,16.391437589528824,6.817616825804039
242.62388962980444,106.94333940036483,16.334810566082844,6.805323012159888
242.450485975328,105.5211354361998,16.32501518572568,6.796909426009733
242.05862560674464,105.18131225882456,16.396112041738423,6.7639318996061855
243.3021573301873,105.56077299239999,16.406313646217626,6.718514732845196
242.9391604559354,106.63115510628808,16.42012414202618,6.714300263154968
243.46024184519078,107.51650369437513,16.446608618237974,6.724681844851823
241.35857788243908,107.68148601274707,16.368548612612734,6.751499535702007
241.31591471529967,108.42039215103938,16.453874946891588,6.698221449717472
241.27510601391808,109.8381126102363,16.535492349654767,6.714108864680295
239.88769664344667,109.64212111307805,16.447309434077457,6.7482166519317905
239.73092073928785,108.21422265787243,16.403650087626527,6.74632432419447
238.1408709905702,109.2564382484447,16.37481884969677,6.801180299959989
239.37776487577344,107.47639864567383,16.400777564938096,6.7901930974334475
239.18980756589252,107.48189161067533,16.419406071849252,6.77920716743043
237.7774220277252,108.38319022609925,16.38529966003837,6.7634083666735645
236.8361716529747,107.69295728439332,16.484866095967647,6.717526799228026
238.22170355313077,106.65584077413229,16.57145397812668,6.648521057896742
237.90265220877671,110.40087817602493,16.49510883572311,6.66014848078425
237.52109863571314,110.23120102489096,16.54555233661776,6.643170960435949
237.67307668415802,108.80653412419673,16.598351756967133,6.638460623911683
238.43646243535423,109.6941553946052,16.5013066858939,6.650376122243736
237.01301080253108,111.11993767005735,16.49823506819285,6.648786454686717
236.99640434438246,109.70062047215092,16.5314479844901,6.638026649068077
236.82133199253352,108.26752333078754,16.525132035376316,6.652535709301422
235.37016343245767,108.81581245035584,16.57444111624295,6.625842984896705
234.1031051802517,109.1898241018149,16.61052233202387,6.591544050158859
234.28016731141378,109.01318116351813,16.61316690031647,6.588061096135703
233.22173496124168,109.01099441764651,16.589563783671903,6.592434587878934
233.06030353925564,109.8974786146526,16.55594343663155,6.601882148929024
233.20171041762075,109.72420810519333,16.629297812337665,6.592255035411264
233.05224344689836,109.00287896411348,16.57118009787548,6.606706693943195
233.0481501610184,109.91405863911785,16.57936666963538,6.566715214455612
232.98712838880357,108.67412208419668,16.70141021406502,6.55545020085259
232.3028953917888,108.85101830589402,16.640154164028075,6.559088268474542
231.9250422724645,109.39317294716416,16.682630768252345,6.54462343757075
232.1106822508632,109.36407800311946,16.66831757281607,6.602813325660165
231.7888679238009,109.34973408641763,16.5963428255945,6.631501159063813
231.13605412828642,109.33251287938474,16.47285660135401,6.665943573129584
231.65490130377742,109.15545619830708,16.503505931837545,6.663942374796397
230.62177797379084,109.68877970661605,16.43063012572247,6.666856591222566
230.48208056535663,109.4941555970501,16.354502511228667,6.700582378992196
229.8072937484769,109.31992670094581,16.283974028950144,6.694014642191298
229.8163179824546,109.15307148863974,16.265925560994752,6.673833428741507
229.29981727022835,109.87650355259963,16.23910969546789,6.640059020794191
229.3412374471875,109.70249264211118,16.15626934154963,6.635795963022705
229.1617062557658,109.5298521033122,16.164317185484823,6.630062501712498
228.98485219272845,109.36530183905376,16.166996693758534,6.608134412428345
228.46585224874195,109.20305628606289,16.152965286292975,6.581948419930563
227.75896146656515,109.92242354778458,16.16671201017718,6.543248736956609
227.58066022292294,109.74687375942813,16.17379703843882,6.54483085464672
227.07443568901596,109.58249992078719,16.137302927935878,6.523930805822971
226.87624698964493,109.57351097516192,16.18493083270389,6.541908697073501
226.75085680394548,109.40042318197513,16.08595516536251,6.538328244706792
226.57301169076914,109.55944688985592,16.093379213361366,6.5685470072991015
225.67957976133084,109.73300338790682,16.13568688143052,6.570345249358773
225.3697241493331,109.72831110478238,16.056291952650326,6.579729815607664
224.66506942398289,109.21072336447912,16.07129922569209,6.5691786629701285
224.79239933623356,109.57353996940847,16.165243577910918,6.540753806551765
223.39822047727435,109.57322402882825,16.157986568768102,6.541385687712231
224.57211322674988,109.39978619728204,16.255710930609194,6.538902799262898
223.15145973090682,109.39170609367581,16.29124277385515,6.5550630064753665
224.33914438284165,109.38528211725463,16.37652614621115,6.567910959317707
222.90076563021557,109.55815741441799,16.429451366973133,6.575139400552263
222.72620976994537,109.20342383124418,16.424693105229167,6.576866602331158
222.04990153251214,110.60330519375998,16.361980340331368,6.607762356828076
224.18398381980063,110.2472739901781,16.335579425124944,6.612864154096703
222.41020296296549,109.0124506431556,16.351232035768547,6.610174476023025
220.97642648582286,107.59692253009118,16.39183722470357,6.614282936801682
222.23471480788047,108.8223552897126,16.353446879914483,6.641603716884953
222.77972805495446,110.41008337258693,16.325301566436153,6.651791093145406
219.9944580861603,108.9926169074064,16.23606247673279,6.656834509860639
219.98601457299526,109.70386741643688,16.252949503062876,6.644491170867047
219.97305632340513,112.35521329773754,16.278866002243166,6.630248623970214
219.83187198464526,112.34988703236489,16.208551342658573,6.640901154715496
219.4826132888578,110.94782640519801,16.20335019151599,6.630148238179325
219.10988545221755,111.67764380090095,16.24561994787488,6.5768852806166755
218.7662485273477,111.51344602301924,16.230386388883346,6.5540271320144505
217.54468458236582,110.45938850485244,16.21912638628164,6.558381117577666
217.33262993088252,110.99115398091806,16.29269344052698,6.546476911610167
216.7827835389976,111.01195556161198,16.338217575928372,6.504873750222302
215.55576494836635,110.85496892052834,16.33313901403281,6.467544783367043
215.3744581353251,111.60730397476992,16.345190460236722,6.365123394397943
210.22412842337062,111.76695241849598,16.178772592785744,6.394729083324494
210.38076500987142,111.7380062633101,16.212539408747215,6.452621393696267
209.86773543209864,111.7034691527786,16.19291745860943,6.521695614759262
209.60590316142867,110.62438080255095,16.01756059309994,6.582808094666206
209.5190349602581,110.60441651099285,15.843225231587462,6.622736677782411
209.3589318755323,110.77974454999544,15.817166209791278,6.618345791024976
208.90885581380255,110.59902554743395,15.679885323201708,6.63397279279827
209.23307473180927,111.81578452229594,15.719657098327033,6.609188482060113
208.51818586858664,110.97298758937983,15.772473654834641,6.573580885470293
208.47721508933282,110.9720235638076,15.854415213342312,6.5755089366147645
208.27338250746428,110.30606650024579,15.916491997780824,6.525069546544199
207.76564909369924,111.49701917873854,15.895196907354755,6.562275331456382
208.07378034024063,111.33290295331895,15.97081783136787,6.544566073747644
207.36895898020174,109.93977528489357,15.993590569227175,6.557081446161536
207.31060245912386,109.92292519054283,16.110303611382943,6.590781634863033
207.31971412206397,109.90780853112223,16.09208028550273,6.62101495370423
207.34129252169112,109.90775776581906,16.04892348624842,6.621116484310573
206.26799515370323,110.09640412142846,16.100286944545044,6.593028986038284
206.6093009906489,110.0981241612074,16.11656829505737,6.5895889064804365
205.55723478593563,110.65214662982845,16.12298046606711,6.530404088446728
205.52897043107376,110.65149380974253,16.17950917579087,6.531709728618549
204.81870113931942,109.76866304538973,16.202063214153892,6.549890575892084
204.6370991320967,110.46904859097886,16.215122119187303,6.549699922361931
203.4118680496066,110.45810393273021,16.213275492872143,6.571589238859221
203.39558641965607,110.44915327796241,16.2458387527732,6.589490548394814
202.91755692182727,110.09869074075432,16.147453376371313,6.587452708104683
202.90260225780244,110.47242995807783,16.17736270442095,6.540028779347345
202.8715009404417,110.2918599975002,16.239565339142402,6.551555192550076
202.29633963367516,109.95011507633258,16.337742992527815,6.533615061453543
202.39175145208088,110.28481534930604,16.49872797839379,6.567831760861494
202.20111161863707,110.09683797017946,16.525271043715573,6.589049917548787
202.54307737538664,110.8172980935881,16.552334610560752,6.570119831420211
201.8778013213417,110.63229687485347,16.460691424332126,6.584573445309847
201.702889295133,110.45713702114023,16.456027390499937,6.5804050664866205
201.22468690002498,109.93345293111379,16.349392558392616,6.564733624216199
201.2822496720794,109.90736377795899,16.234267014283766,6.61691193052578
201.1561742699919,110.08568606872733,16.134614760771147,6.612070406676708
200.6735061438631,110.26029377302893,16.04911025769094,6.6131352498527605
199.82496120658507,109.56053856653587,16.000869940687632,6.616381509591413
199.82839426619861,110.77057801407301,15.994003821460538,6.635297134386508
199.63549960445488,109.74903533412018,16.03112841513544,6.5863941154167716
199.07303874097198,109.74571845156225,16.11105650718412,6.593027880532604
198.75725574980834,110.45621206975632,16.043418949348673,6.570447724469965
198.39174488974075,110.44069426791735,16.077991088603383,6.6014833281479
198.00643563939173,109.72980202274644,16.15005878524125,6.626166210369342
196.95095204374005,110.25978246666168,16.15650377176365,6.618466424929358
196.9598586606939,110.06921280942434,16.138690537855943,6.648896077965909
196.8202098300379,110.76311018937209,16.06699426788415,6.665077043205803
196.57026999517464,110.5874889661334,15.866379932520333,6.666072487138009
196.45808449203085,110.58647509776014,15.743382775648564,6.66810022388452
195.8610332619696,110.58678569934548,15.55497756852527,6.6674790207138495
195.93795364020482,110.59520600196237,15.401136812054819,6.650638415480075
195.80645248299564,110.4418396698686,15.323771013960728,6.617002967155185
195.79653015145286,110.1212554160375,15.343615677046262,6.580862857534488
195.7546738130473,110.8111209498793,15.427328353857387,6.554343266245943
195.22283497714972,110.65795951774314,15.47387301514445,6.521621793682247
194.22580045434697,110.31969008484077,15.433117266065786,6.519885727925555
194.20180659659064,110.16003293560229,15.48110498157842,6.500682209380713
193.4823731092838,110.84989163359728,15.564488879609621,6.476447889973281
193.46117014136317,110.68846711076769,15.606894815450852,6.459652100502828
193.4361238846351,110.34960222739731,15.656987328907018,6.457464747880334
193.24474294303224,110.51379290639628,15.699106809610111,6.469725792384995
192.03968547182842,111.52324336380246,15.718946190229454,6.499632501962565
192.1772509897912,111.33026590949378,15.786100820719136,6.543301744164736
191.29121722141417,111.32764760219396,15.8380159787101,6.5485383587643415
191.09813762394674,111.3133770036342,15.87930255431393,6.57707955588386
191.08048270638585,110.80381687016211,15.914612389435689,6.558273560831623
189.88105136384118,110.44796786088571,15.890420423983109,6.5776702506581355
190.90259218066277,110.45368856585348,15.924216845975028,6.566228840722614
190.70973056935932,110.44742571678609,15.963509445973038,6.578754538857393
189.4725675101388,111.49163821583244,16.007294989310587,6.573650033710536
189.3359638859952,111.30393764418552,15.932741390881342,6.601290330287953
188.29932487265734,111.14387333261904,15.92295964460012,6.574242324594772
188.07542461963317,111.15959394786232,16.024205237026347,6.542801094108205
187.8539740251139,110.98050663057978,16.11965063021653,6.553519932824954
187.47094304868986,111.15954240755619,16.187667911005867,6.544470714901509
187.2623449243464,111.31711557932275,16.25502302643747,6.579165504623743
187.31942333721466,110.07243022179365,16.140866200700945,6.608527557440812
187.37065259974108,110.93506724786894,16.03840767564808,6.634790294283714
187.40609824893158,110.92132325755443,15.967516377267106,6.662278274912735
186.37127428126004,110.55538645528371,15.944595971565345,6.696629099105917
186.37517475327607,110.53411263312582,15.936795027533279,6.739176743421682
186.3829240850036,110.51495233903793,15.92129636407819,6.777497331597463
186.23360935087044,110.50079285135192,15.869790398886828,6.805816306969497
186.10667983731696,110.31804768183086,15.773757993395474,6.821415213413254
186.08477585459121,110.50007039944842,15.817565958846949,6.806147167483603
185.0520800325157,110.67969108150561,15.7881074048877,6.796047503054257
185.53840234539018,110.34577278618782,15.861073714361398,6.766810136874705
185.5998036185258,110.16072131145256,15.738271168090112,6.787837543965764
184.3576745698972,110.52925480037774,15.788834041762705,6.7461120585681815
183.86302365736577,110.70704134718075,15.735141729865454,6.738203677282212
183.87444191267244,109.68495444987434,15.71230521925213,6.701887806797956
183.92254847470457,110.2111873818373,15.61609209518785,6.686749008187901
183.6101562750145,111.4094520868926,15.552643605797261,6.699034708775026
182.80176810471144,111.23810701307761,15.452341743206961,6.698309215765737
182.82426262817725,110.41006442793207,15.40735269627533,6.644639181639338
181.77331113479391,110.26037704640021,15.467143027736967,6.6036618354855925
181.770032759362,110.10634358002054,15.47369977860083,6.571236040987545
181.7193634072616,110.97413417448159,15.575038482801617,6.535723470484659
181.37370198934863,110.81227043635494,15.584663620462182,6.5186020976553065
171.15193831944103,110.64323553742832,15.587139584854121,6.515987705918156
169.94884719991978,110.64208294737978,15.608606895756024,6.518292886015244
169.62595592777714,110.63048026308019,15.572340583872675,6.541498254614417
169.80456883053898,110.62553842219637,15.556027049663387,6.55138193638206
168.766742300718,110.64117825876814,15.58656926118427,6.520102263238529
168.77248458137518,110.48644086501974,15.57508469986989,6.488838730688284
168.62056276824552,110.47744637093219,15.538910583361476,6.5068277188633985
169.63852965534625,110.30271316773978,15.541864545546881,6.5164795025170665
168.8195181450928,110.14089544214212,15.479745248266367,6.500086490154864
167.6266568471368,111.00444114565487,15.493583877665081,6.467197916353148
168.64672941691572,110.84579667134233,15.48418101054405,6.446029819572095
168.49878139205342,110.67657509169682,15.442131458266278,6.4465273768607565
167.5112933031473,110.68422401631757,15.393023381959999,6.431229527619239
167.37932824358518,110.5325477082099,15.320586615708946,6.398215258459242
166.41703121581122,110.53327556536037,15.236769418204942,6.396759544158289
166.24777121533066,110.70553677266537,15.241790454984404,6.385736093729877
165.45160505672519,110.86489530692147,15.167242772802432,6.400395025096288
164.58118559948582,110.86525180679611,15.245286804928167,6.399682025347007
165.23903486841107,111.54335331940143,15.26428349436016,6.378174227418818
164.94062415692758,111.20848476004937,15.193971579857982,6.380778008653849
164.60173957632404,111.01023440703989,15.206545885591979,6.444681286936273
164.75369511358693,111.69956622339207,15.23654621311681,6.401663262434309
164.40707247537975,111.36960051171909,15.262626124889044,6.394429321138137
164.41596658562213,110.02644947786709,15.244837904404289,6.4100826918407625
163.26156530554832,111.01857938734635,15.216678450519478,6.428933170624306
163.2397538427325,111.02544641664778,15.260301376151045,6.41519911202145
162.15509259310076,111.72150328962026,15.424629116330967,6.359748538798903
162.47410943205122,110.5524615868903,15.457702633191769,6.348956762592579
162.44169733695804,111.24034927189831,15.52252682337812,6.316536414634363
162.93047607155796,111.08198631519886,15.553558429305337,6.297065969657583
161.5649450382382,110.05457341197383,15.594247153119516,6.33411176898861
161.7889058958003,110.7129498593851,15.483868393217367,6.367530695054347
160.98535342448199,110.54809691347218,15.408241199090812,6.360690159527572
160.58583613884718,110.06067748150791,15.536607929687232,6.329527262446327
160.40908039929997,110.55733427177448,15.55348878446113,6.34610555487478
160.20549142612367,110.21548063634593,15.62349764149747,6.3554746470994115
159.5501062298063,110.89064616525705,15.580888166034857,6.358523457374529
159.92905928894268,110.72467120007859,15.498552247096876,6.352688288064054
158.71594464327367,110.23841366899954,15.569322124704815,6.315720744337828
158.25887109603048,111.06738986191249,15.472900681440976,6.3420492547622445
158.61657665641485,110.91057683533388,15.429359667287859,6.319740254611651
159.31769956809927,110.40528303865618,15.36675519416716,6.3255968352809395
158.0505295581622,109.90239812190994,15.228201909794095,6.329031679680728
157.92494378798858,109.71754563053805,15.147199899512097,6.36656311179528
157.9625109608375,109.87875668277091,15.072065553814214,6.375810815466996
157.35293657702238,109.21441641973033,14.968221921202096,6.381498941305739
157.3576808121632,109.39495501546332,14.95873345092044,6.349769390926798
157.0695408555738,109.89600505322095,14.877715560913526,6.3336160201900995
156.76696570577954,109.7327511984367,14.828482430689787,6.332932014852465
156.2726505173716,110.56883894904284,14.837709720993049,6.293094991161192
156.27005043167006,110.56968095519,14.84290989239619,6.291410978866868
156.26692017426166,110.57309069565805,14.849170407212974,6.284591497930761
156.08571693186505,110.41119192055862,14.885665724691997,6.282477880815446
155.61287215595007,110.25432962128149,14.852151929804124,6.2698013637971215
154.94658312344882,109.75921274795786,14.881960955527315,6.282958330984897
154.92815789072966,110.08738771313635,14.918811420965575,6.2793205915373145
154.73870093512252,109.76813398404123,14.97090127780186,6.264179940971588
154.21250155611153,110.10468151260433,15.041376196859764,6.245700776488111
154.36349560746933,109.92129931331141,15.067385480126855,6.284467789091216
154.36507608274482,109.73667304095238,15.064224529575878,6.324659298562864
154.5005314635297,109.89434289588442,15.123042105529072,6.339047926221733
153.1846720315792,109.38627114869628,15.108096979155606,6.362692424245077
152.8214239372203,110.36574919722639,15.172520547310516,6.3899541888736024
151.78642727669123,110.36409023273369,15.247812588364514,6.393272117858998
152.10007566534324,109.69299147344054,15.28770905834008,6.401083141886179
150.9305364441662,110.21277958608871,15.286608127118212,6.364440933836674
150.6086934392146,110.39658970086481,15.26300363366608,6.330465955962154
150.58750661242433,110.4037784154157,15.3053772872466,6.316088526860364
150.59532276082967,110.40437552224039,15.289744990435928,6.314894313211004
150.260276107122,110.58338785966818,15.294217270728764,6.289680151916647
150.2293110570747,110.91044693482837,15.356147370823347,6.300415621714852
149.2080252424321,110.91633099516517,15.397653784010249,6.288647501041243
149.37423924870663,110.90384046547011,15.399125696272868,6.313628560431368
149.20024807179124,110.73646192443181,15.41274239314971,6.314019985554027
148.53178633997263,110.73455915372553,15.411389999632824,6.317825526966608
148.54780121094433,110.57290433412128,15.379360257689433,6.306518000664882
148.76394407558763,110.41528056586704,15.281028681614966,6.287811383961238
147.93622422877203,110.42925366747065,15.275451570080545,6.259865180754007
147.58028124597843,110.61942368764238,15.3240857354182,6.211151040535336
146.89601989696524,110.79678299714875,15.366770031518683,6.18789202200406
146.65943567869056,110.96928842826809,15.508278603974428,6.174541023859045
146.79430989936137,110.8334406195945,15.571988920294746,6.112777883544246
146.08458062430597,111.01524926248428,15.65836389914752,6.082431490579198
145.0456574403668,110.85840031886173,15.732397650991722,6.062160608485312
145.03700544868926,110.68685961345875,15.74970163434683,6.070573414755787
145.0444541977653,110.49648084921532,15.734804136194745,6.116262929090789
144.88958389268657,110.324718256634,15.708871456835217,6.124114824736441
144.38453651819344,110.81486712638552,15.712642151512146,6.150141139542685
144.935839189878,110.65226537308283,15.617921703689095,6.139383014299363
143.93189812063676,110.30134339321435,15.619359586786103,6.172412222241141
143.63720084985198,110.78639007544867,15.538716478718825,6.207375332227821
144.03293888364067,110.25224328016843,15.416206725664624,6.272219451003538
143.24588452413937,110.39311435642935,15.320941088907656,6.324352169633616
143.1606955219058,110.06191443330871,15.157890433815352,6.319894696756016
142.4213584965537,109.877632735024,14.981582523276884,6.357461701076927
142.66440323081335,109.70206734241474,14.824608430578891,6.379477110474107
141.55674901644605,110.68948994089091,14.7492750862676,6.368039147561143
142.7074181619965,110.70911057509498,14.729532793753824,6.328797879152989
141.56410882068548,109.90733403923436,14.741408425534642,6.30753448598768
141.54544296708602,109.91973929888769,14.778740132733578,6.282723966681015
