270.1,91.5,30.6,9.8
269.0240588350734,91.75629910308952,30.52232508286478,10.131737664303778
266.9069330510219,91.37636389161614,30.41824030751496,10.27184575247157
265.92472147591945,91.31734214468048,30.52013503108574,10.389889246342877
263.4746171020207,91.19893151335013,30.42474904762363,10.626710509003566
262.67135197620075,91.13038593066844,30.149070928835474,10.763801674366945
260.5468475474323,91.0661518745969,30.016393196638614,10.89226978651005
258.7399930453439,90.99778449830322,29.87179284317106,11.029004539097386
258.18974789473765,90.96150422623374,29.718711127643846,11.101565083236363
255.67523393806016,91.32530143580357,29.740526021524055,10.999872291531075
254.7982341973824,91.6035444390199,29.62138382474056,11.067766844478065
252.92674835774415,91.63365567718476,29.620967888284913,11.007544368148336
251.2695014160946,91.59110570730465,29.821429278884025,11.092644307908554
249.6299900308567,91.58612742058853,29.964389070239427,11.102600881340809
248.61605407246964,91.56683983354189,30.103941125101976,11.141176055434075
246.40189533215462,91.51349419984152,30.107317016805688,11.247867322834834
245.7889414808216,91.83233916785497,30.06501175418733,11.244283869450129
243.53355777839974,92.49749842257792,30.141729538703018,11.180836680097936
241.7285862905327,92.5273994754727,29.951325586759243,11.121034574308375
241.13030713856904,92.20351991746378,29.88871328076754,11.139208385366674
238.663663194749,92.55375927288911,29.789873502152545,11.067745632797912
237.75451732014469,92.55007196258525,29.729230417740496,11.075120253405633
235.93118862820785,92.53876259967592,29.622433153695983,11.097738979224294
235.25957478847536,92.58329331969222,29.716755018560853,11.008677539191686
232.6938741465189,92.60592121355829,29.854564519819164,10.963421751459544
231.44850550395313,92.58864243151518,29.843880449363184,10.997979315545754
229.56420861494124,92.5273017987003,29.85751608013535,11.120660581175533
228.9114152000306,92.53203295813685,29.906633597467557,11.11119826230242
226.9665904741946,92.5022814541199,30.023676669992103,11.17070127033634
225.40268080025535,92.49389204861586,29.9939095689154,11.187480081344399
224.45346841171306,92.47386304117781,29.998154620090837,11.227538096220517
222.88295623206008,92.46294942337654,29.97829981361446,11.249365331823043
220.62937675996184,92.43601983054192,30.05946815437575,11.303224517492293
218.69415343314785,92.6928829813042,30.123408917253194,11.423915864426169
217.781509942825,92.97444869105655,30.036177904909298,11.498290442584631
216.11650832984944,93.02314521965762,30.178226844360488,11.400897385382478
215.18538844286758,93.05904642995404,30.126832020142565,11.32909496478964
212.99051534433767,93.07202660368088,30.065634470540743,11.303134617335955
211.42233129858843,93.00388343865244,30.029480410045608,11.439420947392845
210.81814153908263,93.01326809363438,29.964985518563914,11.42065163742895
208.53539725855114,93.01966964040773,30.084252378856597,11.40784854388226
206.28986413949195,93.0150100291328,30.11873063310636,11.417167766432128
206.27884787811806,93.32491550975766,30.140763155854117,11.434674355916037
204.0035332785948,93.35171591892339,30.225753725245713,11.38107353758457
201.72245747405188,93.67513309786564,30.320484631891865,11.372442137191452
200.80259433028993,93.63606421741599,30.24199417516933,11.450579898090758
198.9255283544791,93.6096621927623,30.158007725537683,11.503383947398126
196.6978199175883,93.65522681853146,30.137409402182772,11.412254695859804
195.47246641159924,94.23603670380818,30.038127983339294,11.52562914071716
195.48630433134943,94.27085730612127,30.010452143838897,11.455987936090997
193.15634072534635,94.2364973379903,30.21514651156384,11.52470787235293
190.91358902456116,94.64063063970406,30.216213474598405,11.357075045859117
189.96191546863912,94.61338043676187,30.206658026978584,11.411575451743474
187.62452736234172,94.3130389506616,30.412088099336525,11.373780403910184
187.57919998271234,94.28796368665363,30.502742858595273,11.423930931926137
184.95291238416283,94.30599956193701,30.611756254203122,11.387859181359385
182.9731249821661,94.33130076561929,30.708187325412997,11.337256773994827
188.79219821980436,96.61092413747437,30.66790321748727,11.288289839809973
186.8797122695209,95.36618665884234,30.63568509794124,11.206304783665406
183.46200112730236,95.3725500199583,30.42095434881136,11.19357806143349
182.69814847865814,95.43620413169337,30.673420535185745,11.066269837963352
182.54576313392016,95.46368366555318,30.97819122466172,11.011310770243732
183.87527482811814,96.34500583705548,30.88832715846254,11.17553591888671
189.71492472097214,97.58716472025945,30.800683577887618,11.267141753619462
189.97908952304033,97.25914163297278,30.916737582132438,11.278804319811591
189.9982761631446,96.92980173421199,30.878364301923916,11.291229024770196
188.00846070010743,96.58965301773884,30.98241194507778,11.325595910563095
187.10839239363142,96.60823856633144,30.838426846090268,11.288424813377906
185.17953893397123,96.59699478715319,30.82428380133879,11.310912371734391
184.53002784134227,96.56847403795149,30.832281695899475,11.367953870137809
183.80224046035838,96.54257081411593,30.99454324994713,11.419760317808917
182.8900781857807,96.84064753046634,30.869122784838837,11.473521889862644
182.96874821242542,96.88219784556276,30.71178273154942,11.390421259669798
182.9399345799521,96.87147998676733,30.769409996496073,11.41185697726068
182.9588048951124,96.85832886879373,30.731669366175453,11.438159213207845
183.30306351036438,96.85726572996494,30.68963415900037,11.44028549086546
183.94132603278067,96.81970171835553,30.704945305470495,11.515413514084258
183.66321952048352,96.46057020052126,30.61366730177067,11.586185521458612
182.4236478835969,96.74275127075158,30.502986538532156,11.669279390250903
182.45337415335274,96.77911436345028,30.44353399902053,11.596553204853517
183.26868258659644,97.48945917010519,30.74852259422824,11.466267232673745
183.26112713657005,97.5206004656017,30.763633494281034,11.403984641680719
183.8825257309336,97.20901554927282,30.8134836232952,11.380830815467844
184.57061958146812,97.18461207708154,30.730535610656023,11.429637759850397
186.21103716841344,97.15305165446635,30.681261208562802,11.492758605080784
188.46375256699716,97.13034349732187,30.70303522248279,11.538174919369743
189.1147840862644,97.12260961580112,30.696719169137218,11.553642682411228
189.4136230912064,96.81800330536379,30.747102549526765,11.51479391301233
186.48292762915344,96.48903528900989,30.775736493086175,11.524645836770523
184.25111956026328,96.5048581713207,30.698648948568525,11.493000072148913
181.5842721133009,96.56721848716798,30.856367040908236,11.368279440454351
178.94609897262606,96.60304349421054,30.95665469075694,11.296629426369234
178.40609124565765,96.58370311103157,30.742373218258404,11.335310192727183
176.06759987415475,96.62899098458848,30.905895599735963,11.244734445613332
174.15776903475552,96.65073687767995,30.852653310463246,11.201242659430413
172.23409143009212,96.62844458409315,30.836393888913747,11.245827246604017
170.59317528909574,96.6443294682356,30.895679276937432,11.214057478319123
168.64208006082012,96.62588635563979,30.929171592647428,11.250943703510725
166.70760144604066,96.59200937417236,30.922553223218472,11.31869766644559
166.39825935253924,97.58078316822362,30.894178125045638,11.282327933870073
153.74160989589504,97.56215567424131,31.013633832156035,11.319582921834707
151.4808067140772,97.54970143953288,30.99658951105795,11.344491391251541
149.5474977692901,97.49082782117537,30.971697954400128,11.462238627966576
147.9796371970134,97.40465231406975,30.85564676204176,11.634589642177813
147.0430469400489,97.69980025112295,30.773436535492344,11.696090681564211
145.4572930136102,97.34853192886072,30.686324604723765,11.746903369359512
143.11833744720334,98.0793692880736,30.804527423763908,11.58800245486908
141.15994039297735,98.10578369885054,30.819968535176763,11.535173633315164
139.1968463439928,98.17822462822059,30.849183473479776,11.390291774575068
138.02581312174567,98.14104253851723,30.602042768695387,11.464655953981811
137.325769704196,98.1119815414354,30.71192566674849,11.52277794814547
136.68811935237454,98.0631480472741,30.69177896369005,11.620444936468054
136.67183096291745,98.04147301437804,30.72435574260422,11.66379500226017
136.6672467826936,98.33656605634877,30.733524103051934,11.72404819902988
138.26622036237234,99.9927488553419,30.793845613798293,11.669951271147466
143.0237936244829,100.01510637023343,31.051900318984934,11.625236241364398
145.48874079182602,99.11495441712474,31.357540996077017,11.462214518164899
145.20599043538894,99.06290891200123,31.26716399624069,11.566305528411892
143.8905834271533,99.04507174593158,31.27212409313615,11.601979860551207
142.32156621389515,99.0605322245623,31.124268305235315,11.571058903289792
142.0622499027379,99.03579299702228,30.98839845978822,11.620537358369797
140.34508560363187,98.72290356805651,31.15549163127428,11.59286913095617
140.36871287673688,98.71790968084827,31.108237085064296,11.602856905372644
139.71708343540251,98.39349665597568,31.101804005563867,11.596836974033234
137.7260294095766,98.36814960175688,31.156040193104054,11.647531082470838
136.4680960231002,98.3355511926117,31.046563044683797,11.712727900761202
135.85255932115257,98.35587467074376,30.96575541451263,11.67208094449708
134.28044854478009,99.32547627046519,30.83972501401652,11.695028916998886
132.32473387078727,99.3333937061984,30.835219704687987,11.679194045532471
130.77969704118786,99.27149422382944,30.6637613672474,11.802993010270411
130.18623439014758,99.2928783867948,30.546546899780708,11.760224684339688
129.50068397040343,99.29707211975406,30.618408819459127,11.751837218421146
129.45533312209346,99.6708174493678,30.70911051607907,11.654847183055425
130.0830581985107,100.37451040766639,30.753779798285436,11.547580701499093
132.3216461998622,100.39080159371791,30.817995697508085,11.51499832939606
132.28375281245297,100.07188855363746,30.893782472326535,11.503720627510546
131.56740452600542,99.78478332066041,31.026506127343197,11.427944634525474
129.9336158950914,99.72724874058355,31.0414815115697,11.543013794679194
129.88147346560422,100.06208752153394,31.145766370544113,11.526147069759498
129.89467876998305,100.04258299406544,31.119355761786412,11.565156124696507
129.55621670375038,100.05291260530363,31.14195423139933,11.544496902220125
129.4919593805797,100.01564393969639,31.270468877740694,11.619034233434606
129.4785807158788,100.03140085882106,31.29722620714249,11.587520395185267
130.1481833893654,100.04315476267242,31.2725743792496,11.564012587482548
132.7454435452367,100.04929573286043,31.330050789926823,11.551730647106524
132.79342168481372,100.01125515817128,31.234094510772742,11.627811796484831
133.10518829733223,100.01615462512429,31.267660318340944,11.618012862578807
134.03982923593028,99.95493798584006,31.37058813265528,11.740446141147268
134.64398105567716,99.95036864891408,31.48445367617396,11.749584814999217
135.2635142381348,99.61599652545469,31.57114928489039,11.755448075102164
134.95437690509863,99.56157953592444,31.525195105514136,11.864282054162643
133.27245101535323,99.54104702763158,31.56139350263276,11.905347070748379
132.95226895870786,99.53093924140322,31.534968872648648,11.92556264320509
132.6305679272431,99.50814515998985,31.511597422982536,11.971150806031831
133.30341722884808,99.49614995953404,31.500414969872203,11.99514120694346
132.92010956135547,99.49210248512608,31.599501457185124,12.003236155759357
131.9124292365015,99.43606176973286,31.607574379296945,12.115317586545817
134.58685661253222,99.42746550608857,31.6285229508316,12.132510113834396
134.99570047442032,99.46260114173522,31.482670021026642,12.062238842541081
134.92675248112607,99.85325244481686,31.620566007615125,11.949415744226888
135.2305349527314,99.88795657458908,31.681431223041482,11.88000748468245
137.55287417889127,99.88749248575711,31.713127143556687,11.880935662346385
137.32233904963323,99.52605263623205,31.50567290257205,11.935290861895787
134.67536492379293,99.50355852332763,31.467394625523156,11.980279087704654
133.6740365038203,99.47703759672059,31.469687502190663,12.033320940918706
131.96516266925832,99.80809451771803,31.548565905902723,12.03898095200623
129.26256791073112,99.88024363506992,31.6016954841721,11.894682717302445
128.3186787369928,99.89531950256068,31.48794983188614,11.864530982320918
127.41146469191612,99.97006302885222,31.307374456752175,11.715043929737856
126.47350207301005,99.92179548771945,31.204136574397936,11.8115790120034
125.11031883749612,99.97526036171527,31.290588821016673,11.704649264011735
123.93941481201983,100.08466131093684,31.654517204821325,11.485847365568603
122.93002068770302,100.08845144302995,31.69164390221121,11.47826710138239
121.54806318581426,100.12112112189706,31.8117679975202,11.41292774364816
119.49971022822514,100.11076994057774,31.939580623597045,11.4336301062868
119.19450456998152,100.11962922334386,31.88630780287769,11.415911540754568
116.93054932551438,100.11620060256948,31.776006660011234,11.422768782303338
115.98904794553592,100.46639844764483,31.675561536382457,11.3835223866812
113.35858536816936,100.18328113677339,31.6644664705258,11.290754480850381
110.49276232862316,100.55747317681572,32.13881073967897,11.19953312700812
108.64506227977508,100.30048204597304,33.18509518751765,11.051236476229093
107.39608918314624,100.19935946148078,33.659594896567086,11.253481645213599
106.68626503070237,100.11104131031463,33.70937229073046,11.430117947545906
105.93454917364947,100.74251070824225,33.14618817142041,11.54492304063456
104.68986721059113,100.48474127510678,32.903812465217854,11.37752699882569
103.60376834463281,100.72746662202715,32.37028625745417,11.56850728990506
104.14843103605592,101.04830496626903,31.95324488815046,11.599114614963836
104.26561946164372,101.02675385634049,31.71886803697488,11.64221683482091
102.69374334337894,101.05445829361986,31.541114680073804,11.586807960262187
107.94769808415732,101.53859852246093,30.944544789243047,11.940039448010175
108.5504487258096,101.36382997884533,30.397604032945388,12.289576535241354
109.64895854909571,101.30837992048342,30.171416520058788,12.400476651965189
110.49420870528601,100.88268444793376,29.792232582663324,12.596209409571937
111.32161367851666,100.85401576858479,29.444738510712106,12.65354676826988
113.48836834313131,100.76710864615954,29.009115608367473,12.82736101312036
113.00248659579675,100.78944839501776,28.688070843658473,12.782681515403926
116.11742483958615,100.39362125732465,28.226851426006853,12.933373894131552
117.27403407336209,100.70821162626902,27.824358162946844,12.94110155774013
117.78468540613436,100.22920797188374,27.434244158311714,12.636731544691953
121.46774242605603,99.5635891428613,26.890207923695787,12.727591419968167
