118.5,88.5,5.0,6.0
117.31461035446029,88.59676599349177,4.986384898900786,6.017813106172746
113.94626393970074,89.28386057980923,4.972019986508984,6.028456290852875
113.34665255991642,89.71038300241192,4.959990632053381,6.040591527093439
113.35294546902084,90.82462702030519,4.94740481384455,6.06147313162727
114.65831083515948,90.64480577987581,4.933865340809232,6.074823444587103
114.05773998296384,91.24493640622957,4.92308133561379,6.086487901466315
115.44813237538848,89.24434022048187,4.91248641283912,6.105532346229473
115.97420068343821,89.41107124610903,4.899895513003698,6.1185855337298145
115.37295905976119,90.09778745871036,4.889601849621745,6.131183863654017
116.67762845638127,89.30915888368736,4.879464832928744,6.148919947771738
115.99001780830666,89.3872676676607,4.86758640276929,6.16608984561363
116.51636612988683,90.07497080688341,4.855635379479441,6.178344393662226
117.1288799246751,90.15569100219183,4.844765154981265,6.190355055199455
117.13412366807783,90.06103677131169,4.834277668175822,6.206205383747459
117.66102779686312,89.01001840426261,4.821649164898177,6.225882609259737
117.05986610559668,89.4359242740751,4.808596392599065,6.242196694514753
117.67457118377494,90.21219432660682,4.794818502414161,6.252612360243402
117.2470944587933,90.3792061877265,4.781790949151128,6.26578103929458
118.55432651712138,89.32828248348403,4.771096820801239,6.284612457134469
119.0815471429094,89.23154969202346,4.758839413689655,6.3043807326448515
118.39338838289262,89.74513750176096,4.744769788575223,6.319995472030847
118.92248102685758,90.52252519426592,4.7294220792944035,6.3294764549945794
118.32189032279324,90.60492978862817,4.71470650425559,6.3383668352940505
119.02317270292004,90.68251835810956,4.70089377205935,6.35678369983841
119.37703064540955,89.37087744793685,4.687769236096953,6.375347961371522
119.90528587332771,89.36367320209598,4.6735478023570804,6.389756453053241
119.30508332333144,89.96725277999163,4.658050098901639,6.398500100709943
119.83380318121229,89.87786113516935,4.642082891386765,6.403704638980045
119.2342643957199,89.87141754820514,4.627392121517799,6.416591812908449
120.02085344939537,89.68624498849728,4.614359266784131,6.440237987298128
120.20107625844464,89.5887834289592,4.60090059033749,6.461667635548339
120.4689506896014,89.58312030047,4.585941110665732,6.472993892526739
120.82356539226153,90.01209833770778,4.570797474746206,6.482645029802061
120.1377028529903,89.92577830331567,4.555180212752366,6.481867306019255
120.57858478690387,90.09932127932666,4.539158511684044,6.481078220700829
121.19070387774548,90.17863550963695,4.525025126202845,6.495321873823388
120.93803495457259,90.1692923693851,4.511801128313772,6.514008154327077
120.94435981412697,89.89979870323846,4.499151409205023,6.534242717758982
121.29713206924708,88.68033480563237,4.485661877064114,6.550978089623525
121.82319183331073,89.62698699818633,4.47179961573411,6.5611453603106815
121.22482277826165,89.9707793130382,4.457771942453144,6.565426892537896
121.74888604023062,89.80239802789744,4.446436895050138,6.556592303974408
122.27279746025233,89.89239949144462,4.4334795805296485,6.5490669644672295
121.67542210137854,90.24163824609474,4.423184522109536,6.53918704154854
122.27959460774244,90.50282917245787,4.417648645987225,6.53229481879606
122.02638684964327,90.5836045102269,4.409161334165566,6.54237841926464
122.20452211225668,89.80266397758102,4.396181380220922,6.559451913786572
122.72588673818954,88.67786740850865,4.383572600409094,6.577117362481225
123.16107676757409,89.78771849050027,4.371907352613026,6.590073707027812
122.48032636937386,89.18679646241368,4.359457817920904,6.589711223494998
123.001941624205,89.87164630338692,4.345414918664386,6.592261688756164
122.40824116434453,89.8733287601515,4.333464557365775,6.588896775227026
123.00979962345481,90.13331451439653,4.327952606356572,6.582184538398974
123.10046534445274,89.95180967633455,4.3175150277213366,6.603406487801671
123.53443527752584,89.00230956234849,4.304767954990201,6.620982570260617
123.96833275142738,89.16729998661428,4.29242171868883,6.633181206329723
123.29092104476508,89.42007966564708,4.278711595373908,6.64082192450393
123.81034189915921,90.10243471162183,4.265583988066904,6.643730634529453
124.41444708595012,90.10585689358761,4.2528103322433255,6.6368862705978815
123.82413376706849,90.44365784206073,4.240211799190631,6.643127328403597
124.42686187662373,91.12185691794397,4.227160806479292,6.6494780068076125
124.43276766666513,90.85714569022252,4.215349226396512,6.668239294675973
124.94981837196029,89.83893254872206,4.203068149045522,6.6610249111982425
123.59631210306723,91.02984527121686,4.190242852940712,6.659057570863187
122.24429365507918,89.83438291133824,4.178349614893857,6.673543423350314
123.66900381130458,90.50763862114351,4.637789400389936,7.406748017936487
123.66900381130458,90.50763862114351,4.637789400389936,7.406748017936487
123.66900381130458,90.50763862114351,4.637789400389936,7.406748017936487
123.66900381130458,90.50763862114351,4.637789400389936,7.406748017936487
