190.5,96.9,23.0,20.0
190.4919285963386,96.22524296982644,22.692896023783483,20.349514060347147
190.6487286269062,96.08507715120409,22.379295962648236,20.629845697591836
190.7461635338712,95.9800165171315,22.184426148718256,20.839966965737016
190.80913293584928,95.90047681132613,22.0584873447621,20.999046377347746
191.16815393910426,95.80991072035381,22.01846541894262,21.180178559292386
191.2342739039598,95.77887083535215,21.88622548923157,21.2422583292957
191.3199516583813,95.74793843180217,21.71486998038851,21.304123136395678
191.05270249516556,95.6878705145029,21.571911568460283,21.42425897099419
191.08283920541788,95.67541045055448,21.51163814795566,21.449179098891044
191.40120796766968,95.64437370383814,21.551448747798446,21.51125259232374
191.05728902970176,95.6035297715488,21.561133920583565,21.59294045690239
191.08806302258162,95.5663990996736,21.49958593482389,21.667201800652812
191.1224527222765,95.55823031380042,21.4308065354341,21.68353937239917
191.17302719628813,95.54355094221168,21.32965758741083,21.712898115576653
191.15759669483504,95.5144692587479,21.360518590317042,21.771061482504223
191.1458170693844,95.5030986850678,21.38407784121832,21.79380262986441
191.14500999219285,95.49688579344533,21.38569199560142,21.806228413109363
191.11076584661265,95.50008165846987,21.45418028676181,21.79983668306029
191.0686591160205,95.47564938919692,21.538393747946067,21.848701221606174
190.65420928751686,95.44318288769117,21.684036435644252,21.913634224617677
190.64451767192892,95.44068811555745,21.70341966682013,21.9186237688851
190.64077293497348,95.43330622427105,21.71090914073102,21.9333875514579
190.62122587479757,95.4330941549971,21.75000326108283,21.933811690005836
190.57171691316148,95.42407556987885,21.84902118435501,21.95184886024232
190.87872569924542,95.4520296529974,21.924780618007418,21.895940694005226
191.18212611477642,95.4474294107698,22.0080698489839,21.90514117846042
190.8638518277103,95.46889496752038,21.953072267675545,21.86221006495923
191.18586443225155,95.47538874286609,21.999051133858817,21.849222514267844
191.21024053366273,95.51691058496075,21.950298931036457,21.766178830078488
191.1970139575658,95.5375291081013,21.97675208323034,21.724941783797423
191.17670617665885,95.55026102988006,22.017367645044178,21.699477940239902
191.1760123537505,95.56468002589307,22.018755290860902,21.670639948213868
191.13778766966144,95.54774878665395,22.095204659039048,21.704502426692116
191.12498420141384,95.5363853756218,22.12081159553426,21.72722924875639
191.11545164031205,95.52601847561706,22.13987671773782,21.74796304876587
191.1188209185511,95.50960747555003,22.133138161259676,21.780785048899954
190.7014096938502,95.50103172709592,22.276408330176316,21.797936545808184
190.95690207015488,95.50922236878282,22.45949752377237,21.781555262434395
190.9194437669775,95.50438969562397,22.534414130127146,21.79122060875208
190.8747599922348,95.48539445361868,22.62378167961254,21.829211092762634
190.83089980347054,95.45799470486146,22.71150205714104,21.884010590277096
190.8566210345616,95.49048031324286,22.660059594958934,21.819039373514293
190.82583250127232,95.44311630662048,22.72163666153749,21.91376738675904
190.83129611624125,95.4047142769097,22.710709431599643,21.990571446180603
190.8329865947318,95.38431066244735,22.707328474618514,22.031378675105316
190.84119444770633,95.3380053729521,22.69091276866947,22.12398925409583
190.8292740332567,95.33354216452258,22.71475359756876,22.132915670954837
190.82656686871718,95.3165250642791,22.72016792664777,22.16694987144181
190.79966620055347,95.29729572285113,22.773969262975168,22.20540855429774
190.7987552064487,95.29282837780161,22.77579125118472,22.2143432443968
190.7776738872948,95.26768464705559,22.817953889492525,22.26463070588884
190.75418445604927,95.31045794165483,22.86493275198358,22.179084116690344
190.75014724534404,95.28243108249282,22.873007173394043,22.235137835014378
190.74787079063788,95.33195317729341,22.877560082806383,22.136093645413187
190.7598012923972,95.3448043893443,22.85369907928773,22.11039122131141
190.7541113635172,95.34666870363009,22.865078937047727,22.10666259273984
190.72507544639876,95.31112352290488,22.923150771284632,22.177752954190254
190.76218019857376,95.30597631878904,22.848941266934624,22.188047362421937
190.77150020479067,95.28818061700913,22.83030125450078,22.223638765981736
190.76415176772912,95.29393137423436,22.844998128623917,22.212137251531292
190.7325508488091,95.275040590508,22.908199966463954,22.24991881898401
191.07832450141123,95.29533194014486,22.927785248322365,22.20933611971029
191.07011292830546,95.33373235101287,22.944208394533895,22.132535297974275
191.03943036584582,95.3710491155768,23.005573519453236,22.05790176884642
190.986974230852,95.38269636804073,23.110485789440798,22.034607263918552
190.99132757813118,95.41748171114618,23.101779094882495,21.96503657770764
190.91397586988532,95.39465459696144,23.256482511374216,22.010690806077122
190.9236474916172,95.38021686803835,23.237139267910457,22.039566263923312
190.91299851349862,95.40816194727331,23.25843722414759,21.98367610545338
190.87734359493228,95.42523558210428,23.329747061280273,21.949528835791458
190.8479618174261,95.41827059844704,23.388510616292677,21.96345880310594
190.8166614656247,95.40971937908814,23.451111319895485,21.980561241823718
190.79514527144926,95.41187312933504,23.494143708246312,21.97625374132994
190.77820455010527,95.40183425116703,23.528025150934326,21.996331497665935
190.72205546058836,95.3827321718481,23.640323329968098,22.03453565630379
190.65165625667828,95.38954099492742,23.78112173778827,22.020918010145195
190.6240062410199,95.39768494676645,23.836421769105034,22.004630106467133
190.5715100391351,95.38763854368011,23.941414172874662,22.024722912639803
190.53730334104438,95.36316750423592,24.009827569056057,22.073664991528183
190.5141459991894,95.37971173781648,24.056142252766044,22.04057652436706
190.57575528928382,95.37980846905694,23.932923672577203,22.040383061886118
190.54245452836014,95.38294788867893,23.99952519442455,22.034104222642164
190.48956536939443,95.36877701347824,24.105303512355963,22.06244597304353
190.5107752164302,95.37298812543244,24.062883818284448,22.054023749135116
190.54172362314506,95.34986988062639,24.000987004854707,22.100260238747254
190.5496979265747,95.30808884276388,23.985038397995453,22.183822314472266
190.5634390844935,95.28075499198378,23.957556082157843,22.23849001603245
190.55469822818733,95.28931752347331,23.975037794770174,22.221364953053385
190.5296060206327,95.22621916808905,24.025222209879395,22.347561663821935
190.1167061751301,95.18009935500939,24.12086132582904,22.439801289981244
190.09515773121484,97.71736437269779,24.163958213659544,22.497106318313296
189.36568860415358,97.68164683985688,24.15349108464393,22.568541383995107
188.96720622181414,98.08366746488156,24.214781657011535,22.50017432625701
188.96478862204557,97.76832178360384,24.219616856548658,22.395320983507506
188.9613557763117,97.77371572267678,24.2264825480164,22.384533105361616
188.89911211663463,97.77531024380436,24.35096986737058,22.38134406310647
188.88565576822114,97.77970805780471,24.377882564197524,22.372548435105763
188.84715185779913,97.77228501609835,24.45489038504155,22.38739451851849
188.83858690203834,97.79013135756813,24.47202029656311,22.35170183557893
188.7717461185554,97.78074125030453,24.605701863529024,22.370482050106126
188.70401399662654,97.77154737224353,24.74116610738675,22.388869806228115
188.67281810507964,97.822198599503,24.803557890480526,22.28756735170917
188.68467993398454,97.84755264921885,24.779834232670723,22.236859252277476
188.6389201498787,97.81888434921866,24.87135380088245,22.29419585227785
188.68134224661387,97.8405793243427,24.786509607412107,22.250805902029782
188.6683083836625,97.81540752149913,24.812577333314838,22.301149507716936
188.72162604122101,97.82888791685745,24.70594201819779,22.27418871700026
188.6541742258072,97.77750376296893,24.840845649025397,22.376957024777298
189.0230611007882,97.78496196331932,24.846406211015434,22.362040624076553
189.06852383732806,97.81390941225652,24.75548073793574,22.304145726202144
189.08429649083473,97.76650566019238,24.723935430922374,22.398953230330424
189.1209287505521,97.76461995358873,24.650670911487637,22.402724643537702
189.12140233074015,97.72025731312743,24.64972375111154,22.491449924460305
189.17804674602257,97.74744354908091,24.53643492054671,22.437077452553346
189.15322861669608,97.71395364301289,24.5860711791997,22.504057264689408
189.4922913076633,97.71421527076757,24.64934139455208,22.503534009180047
189.48526738793916,97.70322559297638,24.66338923400038,22.525513364762425
189.4546792590831,97.68689782694695,24.724565491712504,22.558168896821275
189.42098807983498,97.71428506145611,24.79194785020872,22.503394427802945
189.3905112564552,97.72456050298544,24.85290149696828,22.482843544744313
189.3020230817631,97.74312470227059,25.02987784635244,22.445715146174003
189.22652654175351,97.73405182148855,25.180870926371636,22.463860907738066
189.18438978998617,97.74678682330718,25.26514442990634,22.43839090410082
189.14967416317955,97.78317539487304,25.33457568351959,22.365613760969097
189.12321954498546,97.74485652741669,25.387484919907763,22.442251495881795
189.05992215416293,97.70481466660891,25.514079701552838,22.522335217497368
189.00202584128107,97.69788400131608,25.629872327316548,22.536196548083012
188.94640717579068,97.69459868055185,25.741109658297326,22.542767189611467
188.92120727645087,97.66058874202535,25.791509456976957,22.610787066664475
188.88061496398427,97.65525658636116,25.872694081910147,22.621451377992855
188.83295105523487,97.66171563604503,25.968021899408956,22.608533278625107
188.786254716197,97.63278904838774,26.061414577484708,22.666386453939722
189.16636566016564,97.60808957059481,26.068093857911435,22.715785409525566
189.1240360507121,97.59142166210066,26.152753076818485,22.74912122651388
189.08513441698034,97.59645890122374,26.230556344282057,22.73904674826769
189.03201770857663,97.56926393095516,26.336789761089474,22.79343668880486
189.03756171642985,97.55658778814151,26.325701745382997,22.818788974432167
189.03520770800782,97.60894810094459,26.330409762227056,22.71406834882601
189.0256706296579,97.60517152937311,26.34948391892691,22.721621491968964
189.00630817055085,97.58558427445892,26.388208837141022,22.760796001797335
189.03800196440136,97.61506882865868,26.324821249440014,22.70182689339782
188.99730715674215,97.60506346153255,26.406210864758407,22.72183762765007
189.04296880558607,97.67050480016059,26.314887567070596,22.590954950394003
189.05366935395085,97.65696412310436,26.29348647034098,22.618036304506468
189.06751727972082,97.65592667665577,26.26579061880107,22.620111197403652
189.0895935018404,97.65930462349864,26.2216381745619,22.613355303717885
189.0947707057756,97.65506320249351,26.21128376669152,22.621838145728166
189.0919789172204,97.6340568402187,26.216867343801937,22.663850870277756
189.10512458690263,97.57183250275415,26.190576004437432,22.788299545206886
189.08847888277293,97.53126100850157,26.22386741269684,22.869442533712043
189.07293539570796,97.5380065807911,26.25495438682682,22.855951389132965
189.03220502355794,97.52359811112966,26.336415131126863,22.884768328455863
188.99935930129098,97.5451675178215,26.40210657566077,22.841629515072192
188.9982123775278,97.54816410132733,26.404400423187084,22.83563634806053
188.92456461767208,97.54640139182376,26.55169594289854,22.83916176706765
188.84598182858238,97.54296288547602,26.708861521077942,22.84603877976314
189.1622251872315,97.53182446607622,26.85617397604877,22.868315618562733
189.1165492911699,97.51429253641815,26.947525768171992,22.90337947787888
189.11397739193262,97.50905602466048,26.952669566646506,22.91385250139423
189.06275231791415,97.51161172126416,27.055119714683485,22.90874110818685
189.0205041822963,97.48697680365179,27.13961598591918,22.958010943411615
188.9978430488452,97.51468056012271,27.184938252821382,22.902603430469753
188.95979256549916,97.48634013341459,27.261039219513478,22.959284283886003
188.9600553591269,97.4916619305136,27.260513632257968,22.948640689687977
188.94538156072042,97.49767900298477,27.28986122907092,22.936606544745654
188.91481014528773,97.49160603245859,27.35100405993633,22.948752485798
188.909403414532,97.48324376128691,27.361817521447787,22.965477028141347
188.9030115034432,97.51081407531298,27.37460134362537,22.91033640008923
188.87432415639435,97.4723242664817,27.43197603772309,22.987316017751752
188.81300684966982,97.4552611145254,27.55461065117212,23.021442321664388
188.7611268126184,97.45709387837215,27.65837072527503,23.017776793970892
189.17758099533643,97.47609056389294,27.62267496143458,22.979783422929298
189.1345299630221,97.47549563209843,27.70877702606327,22.98097328651831
189.11048031465901,97.50690416562682,27.756876322789395,22.918156219461522
189.0968817016657,97.49161273826068,27.78407354877606,22.948739074193803
189.48346406222132,97.5617044429986,27.808943048632496,22.80855566471797
189.55914514095087,97.57994910921602,27.65758089117338,22.772066332283156
189.55504413378054,97.55997478342333,27.66578290551402,22.81201498386851
189.54408879788895,97.60386098264597,27.68769357729725,22.724242585423248
189.51782833376973,97.64418256376517,27.740214505535697,22.643599423184842
189.54019149940203,97.63553162710183,27.69548817427107,22.66090129651152
189.52388206508792,97.62356703374145,27.728107042899282,22.68483048323227
189.50423106689723,97.65246715176245,27.767409039280647,22.627030247190284
189.75262522699893,97.68781716988053,28.06320111150381,22.556330210954116
189.30484800239472,97.65326291654284,28.162777770693033,22.625438717629493
189.24973627534501,97.65702871958302,28.273001224792417,22.617907111549144
189.24767842754403,97.63044843552824,28.277116920394423,22.671067679658712
189.21453611869077,97.59754187482444,28.343401538100935,22.736880801066302
189.17518041334162,97.54913120663538,28.422112948799228,22.833702137444423
189.11672815461736,97.51979717069196,28.53901746624772,22.892370209331258
189.42437608951485,97.53981008459039,28.73244342475917,22.852344381534397
189.0043198121265,97.49171369308266,28.761517612292682,22.94853716454985
189.0124614225233,97.47545705857198,28.745234391499068,22.981050433571212
189.0036633178807,97.44306633990068,28.762830600784294,23.045831870913815
188.96102949202105,97.3778799526001,28.84809825250355,23.176204645514996
188.90524271339555,97.31323095918542,28.959671809754568,23.305502632344346
188.8011178029076,97.278412575059,29.167921630730458,23.375139400597195
189.07864553683294,97.27497522376589,29.439057812611146,23.38201410318339
188.99122645597606,97.24421792392317,29.61389597432494,23.44352870286883
188.8990148054451,97.24361967724964,29.798319275386834,23.444725196215902
188.91683593075942,97.23751138928591,29.762677024758204,23.45694177214336
188.92602716757435,97.27116580189762,29.744294551128345,23.389632946919942
188.88899817847005,97.24253941450576,29.81835252933695,23.446885721703666
188.9095264326403,97.24213193113864,29.77729602099646,23.44770068843789
188.9584287884848,97.26580891961235,29.679491309307398,23.400346711490464
188.9952531219261,97.25968497180341,29.60584264242484,23.412594607108367
188.98216058067248,97.21958302481968,29.63202772493205,23.49279850107581
189.28901849815142,97.22618150935327,29.85352557689979,23.479601532008658
189.23009768984286,96.80916205554101,29.971367193516922,23.475249537709303
189.1932026718136,96.81990350565286,30.045157229575455,23.453766637485625
189.1382901159269,96.81931493052532,30.15498234134887,23.454943787740692
189.10986102125634,96.82059543556204,30.211840530690004,23.452382777667257
189.09507166512583,96.87981864290622,30.241419242951004,23.33393636297891
189.05314936924592,96.90118752573458,30.325263834710814,23.291198597322158
189.00922306468487,96.90883542415884,30.413116443832898,23.27590280047366
188.60122014148126,96.93372834244458,30.38549569633848,23.22611696390216
188.62452558889015,96.91748884418364,30.338884801520663,23.258595960424053
188.63321045487538,96.85588044857228,30.321515069550244,23.381812751646777
188.6094678974747,96.84957066210865,30.3690001843516,23.39443232457405
188.54303667220813,96.81615422354282,30.501862634884752,23.46126520170568
188.9019503324452,96.80679957506808,30.632038174432605,23.47997449865518
188.891792766982,96.82661741610616,30.652353305359014,23.44033881657902
188.86114930373728,96.84054025287432,30.71364023184843,23.4124931430427
188.80500935654533,96.81371844322338,30.82592012623233,23.466136762344572
188.77233095278922,96.81303432982266,30.891276933744543,23.46750498914603
188.77331102557173,96.76788931493236,30.889316788179563,23.55779501892662
188.78436695810495,96.7327364750262,30.867204923113114,23.628100698738933
188.73919005747632,96.72618091335644,30.95755872437036,23.641211822078446
188.74493587664227,96.68820076047925,30.946067086038475,23.71717212783284
188.68544402312196,96.73446838522008,31.065050793079067,23.62463687835117
188.64650772587,96.74980197659158,31.14292338758297,23.593969695608173
188.5930358948039,96.76855840832157,31.249867049715185,23.556456832148193
188.56566191774198,96.77565961119222,31.304615003839032,23.542254426406895
188.4964497223491,96.80370088871092,31.443039394624787,23.486171871369486
188.4386509259373,96.81488065808865,31.558636987448374,23.463812332614022
188.4031420635419,96.82634097728987,31.62965471223918,23.44089169421158
188.3910723514398,96.84892352833182,31.65379413644343,23.3957265921277
188.33748634639687,96.8690918369023,31.760966146529285,23.355389974986732
188.36763134385376,96.83537645537282,31.700676151615472,23.42282073804569
188.36542036001237,96.82994429005787,31.70509811929829,23.433685068675594
188.32552301245212,96.82401817900706,31.784892814418733,23.44553729077721
188.6711007049211,96.84334672518682,31.961025746723713,23.40688019841768
188.68213667651696,96.83159760801146,31.938953803531938,23.430378432768393
188.71004997250648,96.81507629953673,31.883127211552882,23.46342104971787
188.73608977219274,96.78970095273523,31.831047612180388,23.514171743320862
188.74984605628467,96.77423629048243,31.80353504399654,23.545101067826465
188.72476357982063,96.79353649058142,31.853699996924625,23.506500667628504
188.75225628758648,96.78409147182259,31.798714581392936,23.525390705146158
188.74686224440111,96.80670048832637,31.809502667763653,23.480172672138586
188.72961118476508,96.8020667185997,31.844004787035708,23.48944021159192
188.72625747403774,96.83942758217569,31.850712208490418,23.414718484439973
188.66768475351316,96.41164833108009,31.967857649539546,23.402493812982495
188.62663132679592,96.44713731867735,32.04996450297402,23.331515837787986
188.5663275874375,96.49524073719297,32.17057198169084,23.23530900075673
188.52884324825078,96.99053089018435,32.24554066006428,23.114421047260564
188.52551165312966,96.9368468128136,32.25220385030658,23.221789202002054
188.45921884267668,96.88335316654499,32.38478947121252,23.328776494539245
188.41808236362863,96.83588926622531,32.46706242930861,23.423704295178624
188.34995680037122,96.85279779519115,32.603313555823455,23.38988723724695
188.23342522101498,96.87235642330164,32.836376714535916,23.35076998102596
188.13625126809401,96.88481859438696,33.030724620377825,23.32584563885532
188.1382650621381,96.85438891539857,33.026697032289675,23.386704996832083
188.18752644153244,96.76527871229662,32.928174273501014,23.564925403035993
188.2162923331003,96.70151600885663,32.870642490365256,23.69245080991599
188.19433744312425,96.67049856283785,32.91455227031739,23.75448570195354
188.1781650571285,96.64912010627255,32.946897042308876,23.797242615084137
188.53840964234416,96.6945642070667,33.1171074482581,23.706354413495834
188.13489370358084,96.70516373713687,33.03235495021789,23.685155353355505
188.13711687184343,96.21269630552165,33.02790861369271,23.779938612728593
188.4558884652282,96.2717649404173,33.282008660969595,23.661801342937284
188.42393523838305,96.30755856671574,33.345915114659945,23.5902140903404
188.34872797360475,96.35256183521207,33.49632964421652,23.50020755334774
188.29442530825546,96.39778509369484,33.604934974915125,23.409761036382207
188.23502451645942,96.37774392907862,33.72373655850721,23.44984336561463
188.27362806674972,96.39183703854809,33.64652945792658,23.421657146675685
188.26535191131802,96.3590224134077,33.66308176879,23.48728639695648
188.2596636073958,96.3026328853131,33.67445837663442,23.60006545314569
188.65431122360656,96.3248310214608,33.78362908789258,23.5556691808503
188.23864753060587,96.79917037302613,33.71557395413127,23.506372997482252
188.2691783199844,96.72849212127217,33.654512375374196,23.64772950099018
188.6912015755909,96.69044034761123,33.70941683044093,23.72383304831205
188.21528018734963,96.67250787345836,33.760223049127845,23.759697996617817
188.56213145383805,96.664677958683,33.96891689480022,23.77535782616851
188.07335264141923,96.61468300979348,34.04066503738669,23.875347723947556
188.0356353763882,96.61901045548606,34.11609956744878,23.86669283256238
188.00787816312723,96.58913017925508,34.17161399397069,23.926453385024345
188.0394408241245,96.49942170995054,34.108488671976126,24.105870323633432
187.97530604589417,96.51371426852924,34.23675822843682,24.07728520647605
187.8818144403761,96.44098031003675,34.42374143947299,24.22275312346103
188.22163631194852,96.4645487853845,34.66416506964726,24.175616172765515
188.1932675882916,96.48211555379444,34.72090251696107,24.140482635945645
188.17509949534036,96.45819724537964,34.75723870286359,24.18831925277524
188.17511894941913,96.50156491000413,34.757199794706025,24.10158392352625
188.1466393486292,96.49628672405164,34.81415899628589,24.112140295431225
188.15525889076497,96.53757293122487,34.79691991201435,24.029567881084787
188.1406348776758,96.6068526113074,34.826167938192654,23.89100852091972
187.70180656190337,96.57051932914,34.78316221776668,23.963675085254515
188.08082499126616,96.51519038058808,34.94634153239938,24.07433298235835
188.10189943769362,96.52859782954458,34.90419263954448,24.047518084445347
187.9954820935086,96.59242544986213,35.11702732791454,23.919862843810243
187.93937313467572,96.64337188062919,35.22924524558029,23.817969982276132
187.95588681826155,96.63938649490015,35.19621787840863,23.82594075373423
187.96013219637683,96.65799018228594,35.18772712217802,23.78873337896262
187.9683039073022,96.68952953466285,35.17138370032733,23.72565467420882
187.9909930846624,96.751542098816,35.12600534560691,23.601629545902526
188.01898370551874,96.70171476826748,35.07002410389427,23.701284206999553
188.0354572511146,96.19809792890449,35.03707701270251,23.787324723206513
188.0078199818291,96.23043771925944,35.09235155127352,23.72264514249661
188.023308623027,96.22906748752084,35.0613742688777,23.725385605973816
188.07278237799036,96.18774621212364,34.96242675895098,23.80802815676821
188.0665328946764,96.20384147752678,34.974925725578885,23.775837625961948
187.9898844998595,96.20255791904222,35.1282225152127,23.77840474293107
187.8922529795879,96.24429832763893,35.323485555755916,23.694923925737633
188.2372807285081,96.22759400076373,35.558332580551834,23.728332579488047
188.23099368319387,96.19673379015146,35.57090667118031,23.79005300071259
188.25173592249126,96.15953675322822,35.52942219258552,23.864447074559042
188.23275387058266,96.17490835736162,35.567386296402724,23.833703866292268
188.21202451611975,96.64291150515562,35.60884500532852,23.828574047664084
188.18745530436607,96.6033972082147,35.65798342883592,23.907602641545925
188.11018082970116,96.57895864819838,35.812532378165685,23.956479761578564
188.09565874318722,96.54790972973991,35.8415765511936,24.01857759849552
188.0977015354879,96.55100319489281,35.83749096659228,24.01239066818971
188.06354016551464,96.54591277125587,35.90581370653879,24.022571515463603
188.04004676310626,96.57586468055247,35.95280051135549,23.9626676968704
187.97306904221875,96.62989802051868,36.086755953130535,23.854601016937966
187.8484546889417,96.66879140667466,36.33598465968462,23.77681424462602
187.829886444036,96.64174695224372,36.373121149496065,23.830903153487885
187.7855129541204,96.63985688230828,36.46186812932723,23.834683293358783
187.77709738423383,96.59921809572816,36.47869926910039,23.915960866519015
188.2252360914838,96.59123000163963,36.52836081368652,23.931937054696068
188.68753881726917,96.57206462654274,36.550705872703915,23.970267804889865
188.76798449374195,96.55773471313145,36.38981451975838,23.998927631712426
188.80932771855043,96.52420241482153,36.30712807014142,24.065992228332263
188.91658615189624,96.48643781863713,36.09261120344976,24.14152142070108
188.901270050683,96.49674529380542,36.12324340587629,24.12090647036449
188.9366663723539,96.5200293732525,36.052450762534455,24.074338311470335
188.93790638730735,96.57144784819155,36.049970732627564,23.97150136159223
188.89540156450127,96.59996042367712,36.134980378239725,23.914476210621096
188.9188587645983,96.61047125615971,36.08806597804569,23.893454545655924
188.91579730122513,96.64574852646058,36.09418890479201,23.82290000505418
188.8564689660516,96.6548776595092,36.212845575139035,23.804641738956946
188.84663141348153,96.67232045054273,36.2325206802792,23.769756156889873
188.74439327185152,96.7255123164139,36.43699696353924,23.663372425147536
189.16213830413977,96.74336380749503,36.542609976587215,23.627669442985287
189.1277101943394,96.72341085773589,36.61146619618794,23.667575342503564
189.0736852758549,96.73210946806202,36.71951603315696,23.650178121851294
189.1526931397263,96.68264422372208,36.56150030541415,23.749108610531174
188.70616395793667,96.65260360719456,36.510158502738506,23.809189843586218
189.09106587836345,96.63490139755746,36.68498653611823,23.844594262860426
189.04959365389882,96.60060071562715,36.7679309850475,23.913195626721034
189.04085330293086,96.54926512371568,36.78541168698344,24.015866810543983
188.9464825471837,96.53839395109887,36.97415319847773,24.037609155777595
188.9630194149334,96.57836816440808,36.94107946297834,23.95766072915919
188.98484023106357,96.60708362639343,36.897437830718,23.900229805188474
188.98442429813628,96.61830741502493,36.89826969657261,23.877782227925493
188.97706823211928,96.62760243753989,36.912981828606604,23.859192182895562
188.93628461385455,96.65084011268718,36.99454906513602,23.812716832600984
188.9127053990012,96.60854164615318,37.04170749484274,23.897313765668983
188.92129823346795,96.60742472442234,37.02452182590925,23.899547609130646
188.8455053552341,96.6153747901064,37.176107582376915,23.88364747776254
188.8529977835919,96.59684979916744,37.16112272566133,23.920697459640436
188.79024601945824,96.60739146202133,37.286626253928645,23.89961413393269
188.81715322062539,96.61369334014276,37.23281185159435,23.887010377689805
188.82380501038853,96.60863510621465,37.21950827206808,23.89712684554605
188.7747254774563,96.58969586701717,37.317667337932534,23.935005323941002
188.77369828953422,96.60936009944791,37.3197217137767,23.895676859079522
188.74954999860606,96.60346259097467,37.36801829563301,23.907471876026
188.80413707858582,96.56226967011725,37.25884413567351,23.98985771774084
188.8151663791886,96.55573129180408,37.236785534467884,24.002934474367173
188.844782136979,96.56048594745735,37.1775540188871,23.99342516306065
188.83414985199477,96.5621852215022,37.19881858885563,23.990026614970944
188.78145477701315,96.62182068106898,37.3042087388188,23.87075569583736
188.7399359309343,93.82419540822546,37.387246430976504,23.720641162577174
189.16959713539734,93.89035195815745,37.484217305779445,23.588328062713217
190.59614139555342,93.90648461977398,37.49771336533768,23.55606273948015
190.14296756847136,94.36916348109446,37.448871679522746,23.58589435681821
190.1476286197274,94.42678332142677,37.43954957701067,23.470654676153586
189.25554605992568,97.7017399888304,37.31793727620485,23.590962312778746
189.236191488434,97.67954800128595,37.35664641918824,23.63534628786762
189.68951094922704,97.68931295018771,37.40441546919638,23.615816390064104
188.8041447171518,100.11570786371956,37.265557106899784,23.537003629118075
188.82036216280653,99.57800557635932,37.23312221559031,23.661009014037397
188.81181922264716,97.19952819639786,37.25020809590906,23.653016527202787
188.71013120144292,97.22183181708748,37.45358413831754,23.608409285823573
188.7024689309639,97.77607109875507,37.46890867927553,23.455337307152167
188.70823062522666,98.31665706518827,37.457385290750025,23.327236019684985
188.65923650369422,98.27360695108712,37.55537353381496,23.413336247887276
188.64478134073403,98.758675708142,37.58428385973532,23.396856700419924
188.5584096852458,98.76757433621151,37.75702717071176,23.379059444280912
188.5208728399292,98.678819911916,37.83210086134492,23.55656829287193
188.48871997461723,98.66154495473359,37.8964065919689,23.591118207236736
188.9558046950125,98.64714664501695,37.92397078677445,23.619914826670026
188.95969510145818,98.58806099143145,37.916189973883036,23.738086133841023
188.93174229436096,98.55589543731472,37.97209558807751,23.802417242074476
188.94673768391334,98.49790532390197,37.942104808972715,23.91839746889997
188.90620882899296,98.5075350061013,38.02316251881346,23.89913810450132
188.80897571176078,98.49958061208966,38.217628753277836,23.915046892524586
188.79984948664747,98.48717694670398,38.23588120350446,23.93985422329596
188.76203398274475,98.47620129596108,38.31151221130987,23.961805524781774
