178.9,144.5,4.0,6.0
178.4787933075111,144.0800046465046,3.999104319955198,5.996681641968207
178.63620623481248,144.15988880608182,3.9975307745148734,5.993539477394951
178.8704654281372,144.2392117766955,3.9986706624327857,5.991446294356788
179.26108375585184,144.31898530870052,4.000135127260441,5.988439454398072
178.712369726947,144.39796352210993,4.001927815188007,5.98700236613384
179.3375375970932,144.4784037020343,4.003812139667717,5.982649514381617
179.17990769356982,144.71426558599256,4.006085270937348,5.980405760130729
179.10070479602956,144.87244773289615,4.007993726140924,5.977036146077556
179.10121146977232,144.95228427902643,4.0069803786553635,5.973841393455201
179.10116015452084,145.1114756602175,4.007083009158328,5.968285525798517
179.10097039182932,144.40980071630077,4.007462534541368,5.964651400257713
179.1796740768271,144.48861805015463,4.006338338132975,5.963299906137128
179.25766767023455,144.56769169521965,4.006595325032084,5.961396789721087
179.4139120824924,144.64686292470003,4.00654610333323,5.959274132168766
179.8034171321944,144.72591703298303,4.008471209078337,5.957352956632601
180.34788858247205,144.88289666596648,4.012858880602359,5.955773854116915
180.03532433499535,144.9614826593266,4.013030849180187,5.9548409989905515
179.88033312874032,145.0392801893028,4.010557374764916,5.955473882500875
180.74025752149603,144.33803335848071,4.008869242959143,5.952199736567636
180.74061083558826,144.6501862663661,4.00816261477465,5.952370427171945
180.74244644681022,144.65087795994492,4.004491392330761,5.950987040014317
180.74335035318464,144.88500416232424,4.002683579581902,5.950819289937646
180.74319802282156,144.96365275423054,4.002988240308053,5.94951779402602
180.82122206575045,145.04259984251846,4.002921311663516,5.947604774663402
180.97661891619256,144.3410890483896,4.0040301201481405,5.947065070761249
181.21014768214508,144.41953648176468,4.0048571901008305,5.946131737963631
180.58461586266944,144.49563376712712,4.008231135779383,5.949898378897856
181.12903173260662,144.65009668841512,4.011916677594295,5.9531203310901715
180.65825526434293,144.80492281392588,4.016368287686679,5.955835188880342
181.35994061039491,144.9616410885055,4.019682185030804,5.954995215154006
181.27994476639466,145.19735418398184,4.0233332489081635,5.952590896570827
181.27920795898066,144.49480313018174,4.024806863736157,5.950408090087642
181.27927298880135,144.65215865256764,4.0246768040947565,5.948410173448389
181.2797970998092,144.73173006472655,4.023628582079091,5.94559167035904
181.3581042269124,144.81145536694962,4.023278821062021,5.942405559102205
181.43612878794218,144.89009069147917,4.023440410617977,5.9413456216586376
181.59215729395436,144.96755668952545,4.0237782557631245,5.942611054150813
181.90335143604867,145.04406704899634,4.026278325775677,5.945812423759297
182.37055002522652,144.33931167629933,4.02975170650511,5.9485173305255605
181.90069943668496,144.4946210715159,4.030992320608645,5.950718727752328
182.5251470537802,144.57332740439728,4.033807648400602,5.949769882237296
182.44740868816632,144.65231682876365,4.032788169068441,5.9482872440644945
182.44861639845172,144.80961641709567,4.030372748497656,5.946602019468008
182.44991459333738,145.04478189735107,4.027776358726317,5.945445693495691
182.44960842432454,144.4206339706604,4.028388696752027,5.943092925750731
182.44992294427425,144.42389541863014,4.027759656852593,5.936570029811199
182.5279819105469,144.42626819919838,4.027838840325868,5.931824468674753
182.6059779187848,144.4277828334088,4.027973766665969,5.928795200253903
182.76164187435884,144.35188282764523,4.028812943604924,5.9245116677374625
183.0712498179914,144.27545858529604,4.033728725642073,5.921327235110338
182.5217677438552,144.19860896342672,4.040228112548264,5.918960084368044
183.06523951079265,144.12235150147563,4.046253334585392,5.915336614568492
182.67310121372586,144.04528393456866,4.0496121108007435,5.913288184798846
183.45353147991636,143.96855602174307,4.050834537962328,5.910535714495768
183.45356515721596,144.75120055056905,4.050767183363095,5.907116979114927
183.45278790786261,144.6736006982801,4.052321682069838,5.906182318650239
183.45191204083628,144.59447528263678,4.054073416122471,5.908287147463961
183.45114231305962,144.43863136314724,4.055612871675797,5.907561505210211
183.52860142889824,144.28325005615946,4.056915918277013,5.905881562628826
183.60517760275306,144.12840697759336,4.059981078442645,5.903132704010501
183.75967657563737,143.97304534444342,4.06343667297037,5.901402430013998
183.91372385100576,144.67713931044108,4.06785781182205,5.8995351011665935
184.4584518277878,144.6000001854335,4.072521536987167,5.897510539934704
184.22272997229283,144.52307757066293,4.074917052073545,5.89500637084131
184.1450682275215,144.44552926004073,4.073889320156171,5.893751770625702
184.1456070638039,144.36762813957904,4.072811647591368,5.893238719268499
184.1453232053275,144.29091330433317,4.0733793645442,5.890378660990268
184.1462499274329,144.2923464123672,4.071525920333414,5.8875124449222005
184.14736806467934,144.29353524363478,4.069289645840536,5.885134782387087
184.14724290776226,144.21631083694774,4.069539959674667,5.883474413352261
184.22501504865144,144.13890048702308,4.070083939164606,5.882206851933314
184.380557475873,144.14084372268124,4.071155331421531,5.878320380616948
184.7697298820984,144.14140944521955,4.072996376242723,5.877188935540339
185.3141538003955,144.1426644394947,4.076502215566781,5.874678946990078
184.84379308231684,144.14420344742555,4.0808001882282054,5.8716009311283255
185.54625645778242,144.14519789435013,4.080729566449029,5.869612037279187
185.46742060662984,144.14667628861574,4.0823373446945235,5.866655248747962
185.46773742972212,144.14870898042923,4.08170369850998,5.862589865120964
185.46787685387002,144.1505628534459,4.081424850214129,5.858882119087642
185.468074061506,144.1531749784155,4.081030434942178,5.853657869148447
185.46718233013777,144.15618008281385,4.082813897678633,5.847647660351746
185.54465087460545,144.15785339820368,4.083643395381142,5.844301029572061
185.69996522585006,144.15993109151822,4.084474133075217,5.840145642943035
185.93292781851636,144.16137290690554,4.085590890475877,5.837262012168375
186.3202836430156,144.16317489863874,4.08915677974934,5.833658028701966
185.77358866027555,144.16460863517017,4.092927461652715,5.830790555639125
186.31709252125026,144.16583150987077,4.095671198990837,5.828344806237918
186.16117504536447,144.16824421622303,4.0961319969076655,5.823519393533406
186.16207883333365,144.17044565170784,4.094324420969295,5.819116522563788
186.16251966777264,144.17330897207034,4.093442752091314,5.813389881838753
186.16343919563184,144.17627810883292,4.091603696372947,5.8074516083136265
186.16371659774202,144.17885006432786,4.091048892152583,5.802307697323725
186.24166225799027,144.1038293235867,4.090374697360185,5.797132053101962
186.31888136645765,144.02952888393324,4.091064210709934,5.79060520212438
186.39644628721666,144.73096903167857,4.090974743405681,5.783088274557754
186.70658698890566,144.57771568271374,4.090394074186268,5.779744605408078
187.24911677314225,144.50256759187832,4.089389680444711,5.775175762117297
186.7860659351068,144.42762761340038,4.086815294610658,5.770276375422351
187.40723165464883,144.35357697131042,4.081786129257853,5.7637148753858645
