88.5,74.5,42.4,67.6
87.58440681058914,73.96028392912845,43.23118637882172,67.67943214174309
87.39433865788534,73.83287339105246,43.61132268422932,67.93425321789508
87.3919610818458,73.62385153929016,43.6160778363084,68.35229692141968
87.26527196171801,73.66466851725392,43.86945607656398,68.27066296549215
87.2080846327986,74.81720582272682,43.98383073440281,67.7210914032542
87.33934244219854,74.71506773551145,43.72131511560293,67.92536757768494
87.3823766779773,74.42896147044554,43.63524664404538,68.49758010781676
87.97730196625291,74.4510362756092,44.200382368967105,68.45343049748945
95.70479515814769,73.82174817792105,44.6193035148442,67.94823918956943
107.22659282614504,67.67124064898458,44.496973292919094,67.90703457063569
118.43013102394238,65.00087263623504,44.976633018155,67.96621610671234
130.16687261193238,59.71588103459323,46.27463599032993,67.91984810364384
142.4083936587305,58.93174870310701,46.85500667688319,67.6978689966056
150.72838726510523,51.531083905892736,46.383533163394546,69.92368793605353
165.4935279530862,49.971179290374984,46.00856097615562,71.22129034279384
173.50480823314876,46.1719845930014,44.66947314936045,71.47794337087603
181.66727700055145,41.7465188450851,44.69638076953663,71.24451644727445
188.0033329948683,34.775895885957745,44.721113170837114,70.67508306274728
195.0712796957567,24.91058411069966,43.22536837991097,72.34835145490536
195.1333563365094,11.29538915192201,43.10121509840553,70.68986541848747
201.35142509560046,-0.00943010364777308,43.11646563537957,70.17549754147981
201.20218068897867,-5.664537334339872,45.186311982497614,67.31485173186859
200.18058122841524,-7.196546980968229,47.229510903624494,63.32653924428438
192.7796837767834,-5.005062865297582,48.139942808506134,60.67999138774084
191.12575573615027,-4.470269900616163,48.02609338359147,59.610405458378004
164.13215683182517,39.48119310314181,46.15726172648627,61.41564798677227
127.79787501892851,31.981926034506486,47.85440185692843,59.51622414895931
127.32989853081926,31.844816932461292,48.79035483314692,58.10206154627737
125.43317110474756,32.1411140469568,49.22031450297143,57.509467317286344
125.11781915913443,32.57588658222428,49.8510183941977,56.6399222467514
124.9782459090711,32.833876145757415,50.13016489432433,56.12394311968512
125.70670292579308,33.076693312639044,50.34587820087222,55.638308785921865
127.16330743325247,33.39671835927913,50.769713168899315,54.9982586926417
116.12724677467564,36.20947830174363,56.49989074360054,60.046657648420336
122.3452815443912,31.92319933874985,56.81639523538004,58.99831343691762
122.32529474613992,32.111078128702886,56.85636883188262,58.62255585701154
124.1631037647361,32.22627228238034,56.817775929537355,58.392167549656634
118.8001936507004,32.33953573320913,56.65787135994898,58.16564064799905
120.74370232476343,33.47486273612206,56.38726463011448,57.703191951318985
122.51458949454705,33.79240216926854,56.43883074144221,57.06811308502603
115.52580431836,35.479380817600244,64.207921146384,63.62631808675834
130.52621776245655,79.20369320876236,64.08053062094312,62.476473678360605
120.11642800384777,51.98647050507577,67.29698972162976,65.75866513208581
120.11642800384777,51.98647050507577,67.29698972162976,65.75866513208581
120.11642800384777,51.98647050507577,67.29698972162976,65.75866513208581
120.11642800384777,51.98647050507577,67.29698972162976,65.75866513208581
120.11642800384777,51.98647050507577,67.29698972162976,65.75866513208581
120.11642800384777,51.98647050507577,67.29698972162976,65.75866513208581
120.11642800384777,51.98647050507577,67.29698972162976,65.75866513208581
120.11642800384777,51.98647050507577,67.29698972162976,65.75866513208581
120.11642800384777,51.98647050507577,67.29698972162976,65.75866513208581
120.11642800384777,51.98647050507577,67.29698972162976,65.75866513208581
131.13190048699815,80.9181798990796,67.93158855717815,64.23851084726623
130.72886646546198,79.71447509949462,68.73765660025046,62.48348895525909
129.27968114017042,80.57733621761372,69.57013937586875,60.757766719020886
128.7760441389202,81.66068297007277,70.57741337836913,58.591073214102785
129.59693292311894,81.28235771295815,70.96759448530672,57.31576505299701
126.45701244995706,82.67757883770516,71.19538999098626,56.54267128371771
128.08285757310875,83.3861857926778,71.9603229942933,55.12545737377245
130.0817424243896,83.64109365105716,71.95646550410453,54.615641657013704
126.88443493485082,84.12473141835021,72.38534243304399,53.6483661224276
129.03222394437995,84.25573814357162,72.04834808061744,53.386352671984795
127.71974898712037,84.54868411371434,72.70342152026781,52.80046073169934
128.40001867668911,84.8097133848564,73.31309824680906,52.27840218941523
127.2744445355128,85.01645171021907,73.59337485881065,51.86492553868987
128.96612722525043,84.33375832880812,74.1466083571355,51.26201286261173
125.21810983703827,85.51963900548438,73.77583796932072,50.85695280031897
129.47563236715786,85.56282577145987,73.07842123451431,50.77057926836797
129.33739730719225,86.18795502611326,73.35489135444553,49.52032075906121
127.58674491158695,86.55191006826084,73.00435562871901,48.792410674766046
129.73100305577935,86.77558610647975,72.53296177372836,48.34505859832822
129.8690887619171,86.08371377692927,72.2567903614528,47.83476399001764
129.89628109686277,86.36164855253503,72.2024056915615,47.278894438806134
126.06597427728963,85.5736885513143,72.37768704500911,46.98348136982292
129.14478931084275,85.47081365354958,71.82717115701168,47.189231165352375
130.11789481527424,84.59910706710144,71.74516705901857,47.068437427378775
129.92749928442242,86.58876369164294,72.1259581207222,46.81105238438778
127.9870793414292,86.78865675757035,72.28202382673078,46.41126625253297
129.11894059771976,86.01649441957407,71.8763536895995,46.09753855307562
129.31457396571727,85.88011457593495,71.48508695360447,46.37029824035385
131.14888054483126,85.00364512476519,71.50732373564847,46.277812172557425
132.11715661284072,85.98966058301536,71.41498686208581,46.14999651851328
130.8701280766688,85.72546593238323,79.24081823666928,50.93169978354806
130.22356987345717,87.63389018842017,78.79465833380226,50.218788893790936
131.5904701916843,87.72675427108493,78.08006759906434,50.03306072846142
132.09325104850586,87.81635965958667,77.07450588542125,49.85384995145793
132.06051623235504,87.11467369556055,77.13997551772283,49.26987480661579
131.61805510949475,86.10511417162824,76.0463241717117,49.31042026274869
129.0373461610792,86.06702321233283,75.3191468515747,49.38660218133951
200.98621487718796,68.04398137249797,68.14721024157915,56.13429997053309
203.39417789104732,66.32199433943651,61.37638214980287,61.533176100713604
199.22735992276338,64.18145447823824,56.16093568107484,65.81425582311014
194.60758315571596,65.61284502968724,51.96493651815357,68.70956873321906
189.23610815748756,67.0181992187957,49.43723998664469,69.69047364870657
186.45993472865496,67.54499169134456,47.51264072183314,70.50612523422805
179.99736720412676,65.89526359895436,45.63998600358895,71.95585769809588
174.15715723692176,64.5246271828067,44.438488183689145,72.8568565654898
167.9075085092517,63.83623956281229,44.10281581327469,72.40006468751368
160.33166537658687,65.48459300249365,44.685613460812995,70.92446888537486
145.2629094468532,64.80067820626874,45.88119796647416,70.48342801821181
131.1234300856541,63.11428148630041,46.82646863744142,70.21172971795767
118.43128637259537,62.43856341181741,46.53615362762183,69.72926569292815
105.97831728711068,62.63777855225158,45.93659606463886,69.33083541205981
98.96602392950521,61.67907133950914,45.51426688777536,69.44238535103538
91.58372735777968,56.47182402706075,45.874780625780424,69.05382042184766
85.87063171001908,47.86200452117107,44.69625841194292,71.86807256578848
85.29017560343891,39.55731662565343,44.034022822191716,73.8922659335312
83.54801685736359,32.52165292857915,43.83401022454632,73.22627296849565
76.7005895987191,25.86803548404515,44.726678382076926,71.90243773212552
75.48079440763493,18.959332972818494,45.342097369452894,71.12647159623971
69.96631863930997,13.86698845061106,45.433773052846156,70.37388478739793
67.38020614084367,8.43858669738485,45.16658142267398,70.35185503964075
65.69970793228575,2.072072912121776,44.91088413634092,70.42645464809576
65.72625994272993,1.2904641483062207,44.857780115452556,70.18448193797703
65.73265492574535,-0.11257993852218817,44.8449901494217,69.38921027834351
67.26447257337449,-1.0437318023296953,45.358460202123766,67.67440865799819
68.75688792188438,-1.0439349585851438,45.916331683233636,65.90346388144425
68.2915004118244,-4.430916861947246,46.8471067033536,63.90795308753163
65.81526097364343,-3.16407131029192,46.58260627677495,63.113255085201175
60.177865396414035,-2.212501804177297,45.79931518575816,62.93269925089701
49.94139903067331,3.1268962182255393,44.08134695997552,64.20284987538739
43.64344737047934,15.153222974472161,43.09415629501471,63.920610837254436
35.77001306458594,21.438638442888063,42.06828080549838,64.76797518146515
44.00507170878841,9.625844531197323,48.368599756402155,69.94620598917074
28.013681078655708,38.877547568993414,47.72615662047862,67.59692398211278
26.32311196554756,45.40474696221284,47.48857661333331,65.39867989575876
25.627841154304434,43.88893619298726,47.1069685427553,63.113852355017144
26.946427542767502,41.0031985133756,46.200974674742184,61.9606120785884
26.55299646907789,35.022265629547206,45.28903094038384,60.3320307923446
27.200343588702307,24.306519917076564,43.994336701135005,61.854310811487764
34.33343160585665,18.783822302136848,43.0158813440798,62.93391553342708
40.56132735204676,11.568755551591941,42.18788322036075,62.4140289890954
46.66294239726154,4.596752202961355,41.46155447201163,63.241577009693216
53.03071437717685,-1.6909379380670657,41.84541396466158,62.69755383926949
59.13984834835761,-6.2570914999789835,42.73225123663586,60.362893900549494
66.26028333083612,-5.627022831926425,43.04977693275842,57.48515704654665
73.21626748270178,-5.124442749853806,43.35008563315958,54.90085499305336
80.15695102200961,-4.3153595837895224,43.36996966096001,53.28268866092479
88.25089570748841,-3.982140022052924,42.382945380194116,52.616249537451594
95.31059694513927,-2.2355060532664695,41.708452065949594,52.110739191224724
102.34848817718016,-1.4746202877264594,40.909428492154575,52.064163092398786
113.49179783848365,-1.9382039589776028,40.54552205853066,51.5298162423022
120.63189492813717,-1.5290331626212286,40.73956306615519,50.711474649589455
131.3166660610155,-1.8852527862058608,40.9404975344294,49.985882114489996
140.68950247793973,-5.464272648497925,40.786632474872526,48.56308748170875
150.47788956657018,-4.522038614279911,40.890347926583374,46.67861941327272
158.11316098679472,-3.0369917653275245,40.78094554068292,45.086811211236004
166.12348762618484,-2.912285288889592,40.98216866542785,43.48557522473304
176.86920122896913,-2.3266764274377856,40.7716155549624,42.31435750182943
188.24471320322962,-0.7077645692246861,40.26312182095524,43.00168617619978
200.56542912410794,2.424141727735094,39.22112101478942,45.915430096121106
211.33176112876646,7.195764764745107,37.7839047437553,49.76914918095636
216.4842937849726,11.841795385916527,37.10772292361213,52.85708100010234
217.31105908856262,16.115676426356814,36.86552307735538,54.188634245684355
220.80866890927598,19.773927837812412,37.0074100909216,54.00923807776612
220.5567958557274,22.382301712179817,37.511156198018824,53.07369290298895
220.23310579653497,25.96816306603771,38.15853631640365,51.587011048363976
220.34824471696245,32.00821040572901,39.33761335636626,49.37240053470441
219.9457880345174,32.76675057445418,40.142526721256374,47.85532019725407
219.61628733161257,34.1460544457439,40.801528127066014,46.481173957049286
218.65310430423756,34.773400417493846,41.354091162485936,45.22648201354941
216.25704545429838,31.978783566998178,42.05681102145995,44.00005264636689
216.87988503623373,32.40195372433428,42.16627167608335,43.15371233169469
217.85937722522667,32.08037575486007,41.55088659719182,43.7968682706431
221.08079719730054,30.050639630873025,40.48381777049234,45.16845495989306
226.10024907000985,27.799718955691276,39.88336559481587,46.97359586175881
231.11086759678062,24.794854712268926,39.4289330081826,48.88326529135711
236.91441537526993,23.010421776476967,38.93183303112537,51.063381715450845
241.46739060626896,17.322051829763335,38.31003017790283,53.955974000102636
242.20995257032976,10.728089713746037,38.272682032904484,55.56169196715163
247.09528739631875,3.261152404265207,38.80197083612389,57.252762858002384
247.36431553010243,1.8721011756382353,39.769594717077766,58.52518516673502
247.22807227811097,1.1106622472568795,40.0420812210607,60.04806302349773
239.40798353330328,8.31818170116194,39.99894511943427,61.31633770692946
228.1961717054404,23.885734839187922,40.209296111154245,63.50114042688616
221.8844250606764,35.72969577642779,39.84954703373886,65.7797032862932
208.96774342782953,47.59614857531743,40.91978705898167,66.80992092896483
201.99642036990062,54.11932911549461,41.38852772961326,67.23746529383669
195.142784167479,62.4737784272794,41.50784839456659,67.51350634512954
194.13286435055073,69.09399726541474,41.82307129614567,67.91000252707819
187.992158753567,69.20266600990047,42.09368321533221,67.69266503810672
188.09538930639087,69.26795250734685,41.88722210968446,67.56209204321397
188.05831678104494,70.20281139279626,41.96136716037634,67.40408841687027
181.37180668424418,70.17309865333189,41.64959199110665,67.46351389579901
168.07963858468634,71.50783704058995,42.64014013117218,66.50028965855292
159.35913512347057,72.3716399265578,42.99666899066351,66.48113169291123
150.57605507059466,71.40073714628198,43.4216854063414,66.70882288445546
144.44374974121084,67.57635239678474,43.61396716054445,67.45911872369874
145.60882471373205,59.98442083790447,43.022893560068106,68.73037108493101
145.86555451544015,46.778186634048474,42.5094339566519,70.66784283095963
145.39628184586286,39.021700313616066,43.447979295806455,70.26454382738834
144.95024634879258,32.99418726919626,44.340050289947015,69.8717791335348
140.8646437520194,22.51905336747189,43.57455123743783,71.16129759566131
140.45503288564979,9.557981162474164,42.60001357009958,71.97081040457186
140.55253885615986,1.6381738124739726,42.405001629079464,71.70598702615123
139.1953550582306,-4.219712889413213,43.33721794364159,69.16455017955455
132.547737070252,-7.820316204508494,44.31265737978134,65.8059312041873
130.30657850876185,-5.70211479175784,45.343228239037614,63.295401510548004
129.37141866557923,-4.64994061520046,45.508553002778754,61.191053157433245
