246.5,122.5,16.6,16.2
244.33749696997668,122.10026206538367,16.825851076906336,15.99947586923263
246.0523102814758,122.4067789427508,17.014477752464227,15.903335442863515
245.22968064086976,122.69680233838616,17.10478626853178,15.841605573307685
244.92160941983929,122.67231114132386,17.202183239486843,15.890587967432282
243.02081099462157,122.92853099577256,17.35647444722396,15.899191921777474
242.6633397180057,120.74294468851818,17.547831440763954,16.081680058752333
240.74919124234344,120.62411221330983,17.669819040721084,16.319345009169044
240.11261269926086,122.4301431782927,17.8726625465263,16.453380610463128
238.15685525363844,121.90507369639164,18.001012889223787,16.42261541753742
236.71373803341052,120.56187127330536,18.177437841300268,16.399210775330666
235.23947535559455,118.63259657400002,18.404292703206416,16.44742148272517
233.5816944950056,118.87259924877067,18.42807706462658,16.516045693143507
233.26728444045486,118.81228196532261,18.50680201192381,16.63668026003962
230.99277275777274,118.52483536332147,18.62986751768371,16.658328731591357
230.0378733986897,117.6330752871595,18.8731579720505,16.775340620115987
227.71124969596414,117.5229299585813,19.037200477485477,16.99563127727239
226.74736228121887,115.4046762097321,19.263320040822972,17.261609820613575
226.3648963089907,116.99198335324442,19.453272228043947,17.536874077001116
224.23894634970063,114.86035518991625,19.62888655887407,17.723844815907466
223.30339593634406,114.79767217859325,19.735865286802817,17.849210838553454
221.75862298755436,114.73821980811816,19.866888646270887,17.96811557950364
221.44295186974605,112.62337237446616,19.90259165412801,18.028335852491434
221.12713327567576,112.85499403541024,19.93707373487581,18.16224763799609
221.09021812118326,115.1833781398632,20.01090404386082,18.304091727148993
223.41421417131642,115.79287719082582,20.188800504629498,18.291565765482517
225.73899753694417,115.75398156897462,20.38568061974229,18.369357009184906
230.13556340378628,116.0978890470637,20.74418409910256,18.291651067209735
234.03564696829832,117.37698888476764,20.93166112497137,18.19118805484582
231.90159718156815,117.56271739308815,21.50538152314488,17.8197310382048
231.2183883494056,116.1025224679836,21.634573667704995,17.64705708900136
250.20873386978963,115.51235478582144,21.34035606925555,18.20958141328764
248.81940064337022,117.15284231160935,21.00729446625486,18.66268002871931
245.196837584192,116.7575147541856,20.75900660155191,18.82888397831183
240.02154781402706,116.43278214665014,20.514402843683037,18.855103117018125
246.20398462279258,116.88670362139162,23.36764570272589,20.725814958794867
268.30330093474447,124.91806327022883,23.35622866217642,20.655098514409126
270.9150067490664,127.19367086645116,22.982174520695718,20.260475453818643
268.91579974849594,127.30480761761973,22.89669261787466,20.03820195148148
268.108932964778,129.02442170311275,23.158895503715144,19.977800484484128
265.9812210540815,128.39147122871566,23.341182713464782,19.885989229397254
265.5099305093876,126.00551352568509,23.603564810900643,19.89651169179367
265.36793549740435,125.93903915894431,23.887554834867025,20.029460425275236
265.6035919590253,127.27825965702874,24.107180939572753,20.114775540897156
266.12975595012114,126.80757881806841,24.446250711023612,20.3604383419966
266.0039536938026,125.29963223455819,24.697855223660717,20.55679809672777
265.93974051563725,122.64151562395969,24.826281579991313,20.889553591436268
265.21054413894825,119.49378838225547,24.84614078758884,21.430873891722687
264.0936404160463,119.62167496105837,24.895121561146972,21.903376291532133
263.66537302737424,121.75459379924595,25.015048706687804,22.057184405976795
259.0986805446622,119.04014571906676,25.257285092235954,22.29957722807424
259.319668535307,121.50456472970973,25.563873884769563,22.61069262355068
259.6033936797612,121.7214412049559,25.7547217348203,22.93523781201751
261.4567351321873,124.65331986324811,25.880286611564703,23.203076945987352
261.7758629830817,125.66099987861658,26.014709758613343,23.505753461762957
258.963237257177,125.4808621162292,26.182764393643154,23.866028986537717
252.49562073892008,122.1776187356066,26.510655947648953,24.168845006528876
252.02810447831195,122.03470012496908,26.647799133809244,24.45468222780392
250.65006589835943,124.6994042412474,26.990141726016706,24.75732131987488
245.55216799271167,124.5323935207877,27.4091654778195,25.091342760794255
242.80855988685258,124.78544068435252,27.93691249820396,25.411826632220254
241.367667850113,127.99971902652803,28.29898960478366,25.7024885262678
238.14957251369543,126.55226059680984,28.78398198313355,26.04689183092477
237.49617128364,126.77424200005433,29.227575118374503,26.466138349305755
237.24823205727853,128.38650017523,29.72345357109743,26.748809145401612
237.95177471916926,125.075375066,30.09440520338735,27.147930017611685
238.68312690742854,124.42579360800812,30.434011813657,27.545937440201342
238.92943266918692,120.5375506759244,30.854187124968725,28.020128625740583
238.7525204035406,119.37874649141168,31.208011656261426,28.483965018633235
238.52466117928805,116.7954971006953,31.663730104766493,28.951531859156344
238.76512119371745,116.93925200382337,32.137142211002384,29.61835418799492
238.53747459891707,116.6477188594102,32.59243540060316,30.201420476821244
238.33873314117997,116.34990839634702,32.98991831607738,30.797041402947634
237.08504947896944,112.50440504031778,33.48854436035131,31.45745363449099
236.26606682862712,108.58043525024374,34.103863084864,32.14686718143552
235.48787687392837,106.1429576260208,34.61703820919218,32.84900328960432
234.1673514832674,105.2496844595016,35.133356721386214,33.5731834880788
233.97596465665436,104.88903114223662,35.51613037461234,34.29449012260876
232.79556721011414,103.00782403869212,35.6782497335893,34.7588910285426
232.57500821612928,107.00045016239206,36.11936772155908,35.64742029811774
228.83290186227376,109.33848522448892,36.822503257261225,36.622247817264736
224.03488588407362,108.24698863063122,37.16566178725532,37.64863182667936
218.3142912480949,104.22456472140172,38.00330562723937,38.62444935715608
213.75487845031816,100.05258881016255,38.67504651001288,39.728042854394445
210.13248536190082,96.48263768354629,39.74650028094837,40.69461270172778
206.53682388879113,95.34645795599566,40.603987312630515,41.700204973921586
206.0671586333335,94.17750394518298,41.54331782354582,42.742012724879054
202.7373712872332,93.64261827231748,42.893714590624896,43.81178407061007
197.61690213455546,96.39651938490191,43.576700379113895,45.1310907860601
195.0668049143099,97.68124386545692,44.486136403166725,46.75240024138836
188.94239733708258,91.25820684472453,45.2412192818598,48.1047420070916
183.26831284612857,90.68625651747824,46.300492797178734,49.24864266158418
181.33065442350767,92.18141014482279,47.16674620277408,50.771930566364716
174.685558166748,90.06007571258996,48.12029786896086,51.93043921899725
168.04306376818477,89.32565120242694,48.802754612590675,53.3992882393233
162.10102566375073,87.57808072710786,49.42331288043509,55.28535519838663
156.1845963837166,87.39120360835807,49.71800670517344,57.307418683790495
151.49386719628146,90.67598877381252,50.677564964814835,59.159748468110465
149.83859143297985,92.39859875451444,52.25968494271426,60.899823152818
149.23892944162364,96.76735780504204,53.45900892542671,62.84674739476528
152.26439813612166,93.83546329986436,54.72844949564231,65.05034742551484
154.46377459874356,85.16469769207256,55.983282058779935,67.31565067208122
152.88442587568224,77.28477242312566,57.20231541690928,69.49785259402219
148.167012682923,72.25379437929074,58.665429768152315,71.58809664741653
146.43435960877216,76.18361456564807,60.082024612175985,73.97201279609202
139.52283150757424,76.0709038984542,61.25556754730057,76.3056863416916
135.63149818969936,70.47023997089966,62.54900850956207,78.85471329881634
126.90592764217365,73.6260974390808,64.43826843840021,81.43550188600454
118.05185846768855,73.50747468134156,66.09314751014986,83.96607015537165
109.00582750406622,80.52337820350164,67.67260791601772,86.44686463242833
100.56107631277526,70.88903184103731,70.02667747485035,88.75755239631607
95.95649891537064,70.52144682592831,71.7472751505715,91.98890813289678
96.39752711031511,70.259318440487,73.4388107506101,95.08675689370696
114.26669237022423,76.46077587161658,74.77900845350791,98.57463984118323
123.22977279567948,76.61065492887039,75.91763683564308,100.99842304568213
123.68444286029849,70.12547727708682,77.78736832856319,102.85249186061662
124.50912995432702,68.93325971135411,78.97586168766217,105.23692699208203
134.16220750418432,59.04453779103585,79.92497560695008,107.6527116735736
145.76447651540735,57.61129043615395,80.28763712958263,110.5192063833374
166.57776722635646,61.54436311779682,80.59649306299679,111.6392261676186
186.75999489008652,67.54604506237524,82.47634033786193,111.70566302198326
199.23946102045423,71.75368550080123,84.96120770187434,112.43831535338056
210.02736646037528,94.85908083169902,88.1943236624567,109.64314666232767
207.20808300475937,97.33767753884538,90.72192079425257,107.79692302747084
201.65198891614398,108.05576664643115,92.46394312999078,105.10107649528446
200.60597624553213,93.04419786639231,94.55596847121444,104.02752855941125
207.12067192957633,56.81328568647193,97.15862592404768,101.4555185788283
127.8811012530362,22.65905256690573,99.2578270486455,97.82921231285877
124.20793033050819,26.512389453507836,103.50045637533243,93.22625105802365
138.63764137310005,31.476797357274812,105.6110537704709,86.39443719852191
