289.3,102.7,25.0,23.8
288.79835973159413,101.93240634929113,25.003280536811737,23.566741453606703
288.4450886832417,101.66867717334989,24.94502403987416,23.32940121184665
288.0806542759736,101.01890671212426,24.913772131140252,23.108700687757715
287.7008961656514,103.73620925805254,24.91716251038587,22.966976485692392
284.70054492322606,105.7015309950604,24.886468488896863,22.805955828138966
284.3684078187626,105.44615663525697,24.79985957892733,22.56582142884931
283.29560233596135,105.13282831021624,24.70834418640258,22.44676929288834
283.3204802219608,105.60496971890923,24.65858841440371,22.244873141553626
283.3118175731496,106.8010284768961,24.675913712026023,22.067933532140284
282.97274888010287,106.1703557345917,24.618214006474794,21.857604833459565
282.2840017205496,104.42854928887655,24.532548728751852,21.683318732816204
280.15154526652435,104.14237832728567,24.4326831930084,21.528197582032284
280.13137612239416,102.38329593854783,24.473021481268848,21.429202397204502
279.7363811978003,100.26363204228942,24.540539092152887,21.333696759899624
277.53778341762444,102.52185528807448,24.6058097266421,21.149175194192082
277.4813994313735,100.79541797218572,24.71857769914395,21.001866271934063
277.457284737709,100.51109480179147,24.766807086472927,20.85110062934735
277.1081994218366,100.58174274603176,24.747247414817135,20.70980474086677
276.3662349805177,100.29388629589756,24.800870630977407,20.570364807896347
274.58896580891025,99.65328307067247,24.786755352044253,20.424109809487266
274.7357080855412,98.99889130573239,24.49327079878226,20.310587432660704
274.80144750527734,99.02671683999748,24.36179195931003,20.25493636413051
274.5145346621187,100.75547799295407,24.23373654198152,20.306819576446085
272.2017765753975,100.79733091235043,23.954043171365363,20.22311373765337
272.6598898692676,100.48474564205301,23.73289930697581,20.1532015548975
272.43613460970573,100.2147803515617,23.489865147176392,20.002587456956984
272.25404943492595,99.88118248708798,23.169665626208953,19.985413315377368
271.74251376264294,99.94706818299574,22.834447217121603,19.853641923561856
270.5627143667268,100.6948010720424,22.506671935857366,19.70186318201671
270.65862728650654,100.10623413093269,22.31484609629794,19.550328377207165
270.7713203953033,99.81864314401071,22.089459878704492,19.4665757165562
270.5272535147238,97.60348773997917,21.923493845657234,19.318187965175856
270.63757846707864,97.7044575882112,21.702843940947506,19.11624826871183
269.47101658205986,98.08582545565349,21.465977231160704,18.996010153783338
269.53568709665575,98.10300596819924,21.336636201968872,18.961649128691846
269.5813754624933,98.16376138838076,21.245259470293753,18.8401382883288
269.3508908463391,98.19981687052775,21.075246729225388,18.76802732403483
269.4526085320575,97.92497315788877,20.87181135778844,18.690524671764337
269.55227510463175,96.39482201748402,20.672478212640048,18.636866330692808
269.6181994306193,95.55288939820045,20.54062956066493,18.4642198034421
269.6494987841262,95.60137012691814,20.478030853651152,18.3672583460067
269.70025914982125,95.68155580608015,20.376510122260996,18.206886987682676
269.4571785885178,93.60272760361059,20.255298901513875,18.11293698914405
268.9244524305175,93.66704397750871,20.112773890589512,17.984304241347807
268.9932837894592,94.0135582916002,19.97511117270608,17.890995465597776
269.0731410376374,96.4228582493306,19.815396676349632,17.841121905528972
269.15452046890255,96.49193040312558,19.65263781381937,17.702977597939014
267.4464064396086,98.9150435875822,19.540403476616717,17.561367756746638
267.47032546197056,98.67694480982163,19.492565431892825,17.453493288902013
267.25614315436394,98.43751669701265,19.33932392331711,17.35074339073102
266.45895788690933,98.49864630600189,19.200942063758912,17.22848417275255
264.7896834188918,100.82446833055153,19.09860211425221,17.16469197104234
264.5492729071269,103.1454211667484,19.008550697782827,17.0897658186418
263.18351034648157,103.4367513695372,18.898692726280533,17.075382031622837
263.5077615695514,104.05248507217472,18.81652919846167,16.976592462989515
263.5537209007496,104.10600187325741,18.72461053606522,16.869558860824142
262.4742154181673,104.11614909378154,18.642230481291694,16.84926441977587
262.50938351309867,103.87092378302438,18.57189429142895,16.780972192161734
260.3231428900912,108.09216497283646,18.49190007381701,16.686881306838025
260.0851604436535,108.40789003373119,18.414050753071887,16.609245398669007
259.8148182423942,108.45474828937343,18.40337029471683,16.515528887384544
257.95303418461475,108.49288062454188,18.279017585250283,16.43926421704763
258.0123474960852,108.56089197267232,18.16039096230925,16.30324152078675
258.0685540935309,108.3265884728381,18.047977767417898,16.229311187640988
257.8635948352696,108.37764220565822,17.918286439863735,16.127203722000747
257.8971782318542,106.77952995327571,17.851119646694606,16.107644619055456
256.6208135701383,107.08947493141015,17.730811689415155,16.02236211892883
256.1525755485891,106.89983501139498,17.60453615067649,15.870266168040638
255.92333167362773,106.9538558361698,17.536038558024313,15.762224518491028
254.14336481676608,108.58174899446942,17.42659988669068,15.651614531940528
254.39477839402224,108.10561041375844,17.444501968475173,15.56243322076888
253.89115358217632,107.89257230557016,17.412585673352016,15.468926477737941
253.90121767069203,106.39928405084451,17.392457496320556,15.349945737649245
253.66999868271452,106.42220687444437,17.33951795170715,15.304100090449536
252.97741747454748,106.51316711027057,17.183211866021157,15.122179618797139
252.7594181680538,106.84946125583362,17.11072306197196,14.958078744707564
252.52490967875704,107.12653515652788,17.07500406469426,14.908666919190264
251.30555740348623,108.42955507674084,16.99675394859972,14.819581745400509
251.6123753706998,108.70572929666373,16.883869312156325,14.767984603538384
250.17124663464614,108.97967292910175,16.777071496525636,14.718273219951996
249.95015541336568,110.76516238459722,16.723529250989014,14.617367125644156
249.99924935093728,110.76454914709446,16.625341375845828,14.618593600649685
250.06085601183895,111.02987736767578,16.50212805404246,14.579713845265845
250.11861220557614,112.28047517920295,16.38661566656809,14.524736778239994
250.16218878032598,112.5702242290766,16.29946251706845,14.431810819917864
250.24029990010672,113.60103404462808,16.14324027750697,14.305125491721242
250.28940778841044,113.66583366655983,16.04502450089948,14.175526247857722
250.11552967271282,115.84454177931649,15.917094260341667,14.099288269921999
248.50186584674287,117.55559919823733,15.837046646968222,13.984548697393675
248.53070421281873,117.35736800225315,15.779369914816547,13.911606248751864
248.58696139512188,116.01485323392566,15.66685555021026,13.79257729833558
248.6190795629352,116.01234867212574,15.602619214583562,13.797586421935419
248.68035442718886,116.05342778180426,15.480069486076278,13.715428202578368
248.51961535380337,117.470902099795,15.341986022074579,13.63784923123276
247.17892436913053,117.7202382692811,15.28629968534966,13.59535494327232
247.8879653414921,117.99986768420678,15.232120587791478,13.490730395809292
247.9354463638986,119.8299498187729,15.137158542978487,13.44753002809498
248.19768181185452,120.06618313957085,15.062643579237216,13.425019318669598
248.4289327602146,120.10059181935539,15.04858094289395,13.356201959100536
248.6574504110275,120.14154817728303,15.038666522336563,13.274289243245256
248.87944768969734,120.401876225007,15.040328793343825,13.199289976144236
249.11455866418072,122.22067493084579,15.014588920247649,13.117549171431198
248.69879407431927,122.242753725946,14.960570285328238,13.073391581230771
247.16997018167078,122.27919563688323,14.929611121253851,13.000507759356308
246.74723087558021,122.96610087263875,14.895925677554185,12.945443371666453
245.48954360088288,122.98960207292612,14.782234098435282,12.898440971091706
245.96414803344453,122.40085515975609,14.704352646381011,12.768943677828156
245.76869681177538,122.4018152472089,14.662873230100471,12.76702350292254
245.59399272110488,122.6295586828745,14.58057255155096,12.743245491481824
245.62385968818802,124.3278090699418,14.520838617384701,12.787169325129005
245.6559453054774,124.33266101019751,14.456667382805978,12.77746544461759
245.70888231875318,124.37093595746508,14.350793356254375,12.70091555008244
246.14013118867842,125.46630378639358,14.339921687898226,12.639245070961195
246.15104368418483,126.77886675382409,14.318096696885412,12.562065228100353
246.17080573808636,126.18681034619486,14.278572589082334,12.476926784603068
246.20556601804634,127.06049742479333,14.209052029162384,12.41398288285522
247.6965848059157,128.1170169029822,14.160168944065097,12.396054276935649
246.89198158334258,128.12197914431187,14.09746543406142,12.38612979427632
246.9067608689374,127.11643641229797,14.067906862871792,12.312981511666441
246.9369154054533,126.92695720295872,14.007597789839988,12.276722740407
246.9640332264517,126.7421755839693,13.953362147843183,12.232584104860795
246.7861967552405,125.34084953448885,13.896880640223968,12.15015505353027
246.77375284031535,125.3585679648477,13.921768470074248,12.114718192812598
246.78326772686788,125.39462008814766,13.902738696969193,12.042613946212656
247.4154040632792,125.65333913093507,13.86344290558155,11.933501487782882
247.4493619027876,126.91439756742041,13.795527226564793,11.847185248276363
249.08079665518397,128.1548005323765,13.76090355899338,11.78756369628017
248.3111816325795,127.98721850614798,13.69198193309181,11.72068983095956
248.33012684749684,127.22439140550055,13.654091503257105,11.646750323470787
248.3608903238299,127.04283477516366,13.592564550591028,11.611738758061355
248.4209031270791,125.67409174695388,13.472538944092587,11.572943629799063
247.25928157201372,125.50726982874448,13.4309820655146,11.512454134766372
248.4606980840836,124.34949189073532,13.38326562979582,11.472893422363766
247.3278923910866,124.16638362695701,13.30199836409247,11.447963507970826
247.743172720289,124.00695559585695,13.250417073170254,11.377329886429692
247.7570807094708,122.85944679864286,13.222601094806627,11.34699947291153
247.77354697955028,122.2841621694151,13.189668554647703,11.33764606143294
247.81669790979603,122.08807876192836,13.10336669415617,11.343831334108799
247.85684070458768,120.95249647649138,13.023081104572867,11.306520656586402
247.90111893962657,120.97911359302782,12.934524634495116,11.253286423513508
247.9307879004395,120.979100329269,12.875186712869292,11.25331295103116
247.75833444904464,121.14202414255271,12.840331908749766,11.307227031372935
247.58809128204214,122.05764002923482,12.800733377283738,11.37641958536381
247.6166367575256,121.8664157039716,12.743642426316793,11.378290879698268
247.82989964474874,122.07368951808417,12.696837457446751,11.34346405704936
246.70835482416368,122.12276243825966,12.669302600861926,11.245318216698355
246.53045226755097,121.9707859370817,12.648666459579188,11.172829964546155
246.73377560170897,121.46457956515853,12.616981435957095,11.060357774310917
246.3959948760914,121.3072303977689,12.547202931968311,11.002386131478193
