193.3,50.1,46.2,48.2
193.999645680097,49.56207575613451,45.287239399510455,48.27584848773098
195.1284246582181,49.76087992448073,44.50292796751461,47.87824015103854
196.25588423857133,49.97150253352262,43.70258756971002,47.45699493295477
198.0135891272268,55.25852887669523,43.05773691980099,46.92989919251603
198.34182937896975,55.685171621381535,42.40125641631502,46.07661370314342
200.80676290336245,56.86970618463829,41.6505445094774,45.100596290612486
201.11584268274171,58.69932820689401,41.032384950718914,44.173131403225995
201.4304460901826,59.180715271720885,40.4031781358371,43.210357273572235
201.73233056190892,59.692397656253675,39.799409192384495,42.186992504506655
200.6980019178286,60.2140037090951,39.286091364770485,41.14378039882381
200.34330520920327,60.613959625346,38.7289570937774,40.34386856632201
198.15670035499858,58.56367878083705,38.1214611097628,39.46372456291593
196.57105695820206,59.60969826448395,37.62744319999908,38.59345383007434
196.19749468603493,64.75711032175259,37.17426275798705,37.90106960630791
192.24171894689596,65.12068347941391,36.809890302369084,37.17392329098527
192.46686248462592,70.17290113499214,36.35960322690912,36.3902551852034
193.24547834580866,74.53030035812606,35.94803854072911,35.695125992233656
193.43445093543613,74.84070005026646,35.57009336147416,35.07432660795281
193.11973424163094,75.74319161347668,35.0870230471861,34.38184718343083
193.33992819374822,80.97395352904579,34.64663514295156,33.7661781402233
193.56912282267115,85.53706766455886,34.18824588510567,33.258708528585416
194.36859319176136,95.35553627510362,33.65143669122047,32.74013910480924
194.62343191855854,95.62086860144149,33.1417592376261,32.20947445213348
194.89851375467083,92.28020739146103,32.59159556540153,31.686907133495364
194.19442601142933,91.56661845616048,31.975301412565194,31.089615364777153
194.0731399742554,88.85766326622577,31.22474967695743,30.54878288491292
193.871248311063,89.09694651458129,30.655736027821618,30.070216388201874
193.68419770686418,88.85589127432974,30.073534138355196,29.59602377084091
195.38262472004496,92.36606819346292,29.49569177701553,29.153363817625557
195.66234732136144,93.57813745422762,28.936246574382572,28.576431778863753
197.2334732254419,93.77863253103472,28.511115882691605,28.175441625249565
199.21847551270614,93.99404355843528,28.11190242891585,27.744619570448442
200.7404578153362,94.6703483447864,27.70681436458768,27.271635511390162
201.80133254002018,94.43591262799751,27.316656074118953,26.87471136551835
204.5105452119357,100.61989522411899,27.018632328649815,26.45434990278639
204.67725790276043,102.01012969123302,26.68520694700035,26.200128427970245
205.2199538682965,102.17437437017892,26.43264618464027,25.871639070078423
208.22790398911644,106.03817845898342,26.182489748265297,25.557130070667192
208.44513062471492,110.23348999038305,25.748036477068382,25.314329841859895
209.04531384536654,113.64539220342589,25.351794537292587,24.923521427993684
209.20859064206493,113.84821571066595,25.025240943895753,24.51787441351354
209.37305181106564,113.63065379734249,24.696318605894362,24.172801927304576
209.18783583324472,113.18843414161061,24.297169152114435,24.28765982934654
208.62069548132945,112.66348314344516,23.901219029210846,24.572446412310406
207.27507270664037,114.05787882014565,23.539078525348085,24.837041112150306
207.40234642257252,115.36699290186084,23.28453109348377,24.50409324610405
207.07866233969384,115.66220502291249,23.179383766497068,23.913669004000752
206.77319514968227,115.94284462171467,23.048717806258328,23.352389806396385
206.8535526736189,116.2030821798688,22.888002758385028,22.831914690088116
205.51271954439412,118.6003146594774,22.6896747587219,22.357441118040047
205.97934989052254,119.43617342299231,22.46581264264685,22.104520743373815
206.48917382192607,122.21164608170004,22.14805402866903,22.168689416592684
206.5742231513614,122.19738137310793,21.977955369798412,22.197218833776915
206.6599420022972,122.7434006880637,21.806517667926745,21.80085009621336
206.73817496325915,123.65885543802798,21.650051746002866,21.343400995404924
206.43580781813506,123.82670316399428,21.57772809385305,21.007705543472333
205.16801665137194,123.32663667573631,21.43082350580305,20.66659505920016
204.91246110534274,123.47677927043334,21.27901043530655,20.366309869806084
204.6728090418608,124.25231885552644,21.102522123181853,20.126815577796986
203.86501463602914,125.04641260023269,20.770404574413284,19.837098995339094
203.34511126072033,127.78041331616122,20.53131928900112,19.48466570760117
203.4524716189775,130.40507758271082,20.31659857248679,19.27628997212986
203.22868427770794,130.45636903315878,20.1407170091094,19.173707071233927
203.30620323569747,130.48951831556897,19.98567909313033,19.107408506413574
203.03020308316746,130.3108093298819,19.92207906585126,18.849226145448654
203.13126683688324,130.42900004514388,19.719951558419723,18.612844714924684
202.90529132347885,128.3839812271855,19.568299448091427,18.477660390881695
202.37300093205386,128.46873222573927,19.43470537874616,18.308158393774157
201.26471779613982,128.28622357545387,19.274033200232978,18.078866081759603
201.30923854222868,128.3574022755624,19.184991708055225,17.93650868154252
201.37309019779485,128.43435561531444,19.057288396922917,17.78260200203846
201.40749082849936,126.4731919807958,18.988487135513854,17.644446783182843
201.4496630201769,126.30853880311122,18.904142752158812,17.396953620507652
200.1043135845654,125.24934136685553,18.737103561473525,17.229158043492415
200.14047503683116,125.03084355551977,18.664780656942035,17.099880314272745
199.65416959664603,123.62722752840183,18.511215133415924,17.091671358767684
199.45572588627346,122.9944259451918,18.34753860368462,17.236146624234756
198.9562133795909,121.79664835967118,18.225954296614518,17.390483154405594
199.03833158671037,122.10539509888632,18.06171788237561,17.333839874604358
199.09705345040942,122.22423655946909,17.94427415497751,17.096156953438815
198.0548504437008,122.05245765394776,17.821570559570908,16.88793736227552
198.4095064387062,122.12811409441092,17.658815555623,16.736624481349196
198.1934690231811,122.14006595579342,17.549278587618883,16.71272075858419
197.43726320555302,121.90519815158638,17.443133717750683,16.64293753195683
197.2486184301324,120.04278395784861,17.28367172500399,16.610505114317125
197.3178465599272,120.10483171038933,17.145215465414395,16.486409609235686
197.42893474784236,119.93522417449913,16.92303908958413,16.29601819475811
197.01911795487857,120.00573308461982,16.696449751178616,16.15500037451673
196.86407043500344,119.99404006467282,16.489216686950574,16.17838641441074
196.4364221097274,121.82777469643007,16.315624096310255,16.112029495069617
196.27076478444346,122.07889573712498,16.136269553030978,16.120456607526986
196.64587095587495,122.66129888315068,15.894037134444785,15.971610164029226
196.77384967254778,123.2310118262655,15.638079701099137,15.83582596892414
196.669951306807,123.29824688798877,15.35022682048575,15.701355845477613
196.48661758577478,123.36409802342502,15.227900776812726,15.56965357460513
196.57643073723588,125.38075424590777,15.048274473890524,15.416288254622163
196.64453634283677,125.94330501295792,14.9120632626887,15.250683004610778
196.7127273854221,126.77344198021953,14.775681177518027,15.015398254851736
196.82866827325563,130.4019300627392,14.543799401850976,14.795627991651621
196.95358426213232,130.4469825849472,14.29396742409764,14.705522947235657
196.5913183314407,131.38592738337485,14.105152505262001,14.654326910817995
196.17463265200385,131.39377791460666,14.03275477605532,14.638625848354362
194.6712998910721,131.62613518455026,13.878972086406112,14.625403910111825
194.70762383649935,131.92045404400477,13.80632419555161,14.48561552318213
194.3714311469782,131.75441008696126,13.587689073283423,14.372193186613867
194.48823330554745,131.58659913169373,13.35408475614494,14.267545323096508
194.36449877124818,130.241719794398,13.166626994055813,14.34774301356221
194.04969707592755,130.83790833219953,12.92983569112633,14.454957978315214
192.38157669512927,130.64931314138582,12.81736156598399,14.401058999100288
192.02162235887027,130.4230513500546,12.680360010351594,14.425127467687512
191.8647490902922,130.59304298583865,12.567469616669497,14.511781126957674
