162.7,94.1,24.4,23.2
159.92373125999126,91.52099804817044,24.455257007213547,22.860723430855195
159.14261686232948,91.23636872447781,24.527430273353332,22.684954313648554
158.40388209458663,88.72449502290544,24.518178679970823,22.50517776575467
156.89438688033488,88.78067371603656,24.57574652518945,22.392820379492445
155.41365725717725,87.00434040328004,24.57935484896131,22.248173351826242
155.0759551411817,84.46669426804651,24.51754617529,22.162975282656827
152.53837562679198,84.19579454075237,24.448457732390263,21.969882241290925
152.23012715031402,81.70775990402765,24.334217777835498,21.830793162165666
151.57491626687218,79.57638865928463,24.191158019210565,21.733091075125873
149.06359639495108,79.27911670109802,24.15309536391283,21.604677505907674
148.05319490186935,76.81591680797004,24.012952141132228,21.488869471294272
147.74288000251212,76.10729288775458,23.917293495486224,21.473540423004245
145.99240320863197,75.43089217170673,23.845460856337752,21.397227364336437
145.66467050463234,74.7478107201579,23.788703824591757,21.338945387943603
143.93799976081854,74.09369807748244,23.689996258634114,21.226351051860405
144.33381173455933,73.77738075585714,23.60545030923947,21.151907697024022
144.38227800981412,73.4455019963276,23.50851775872991,21.11108974634032
144.43922690954372,73.53544142370029,23.394619959270717,20.93121089159492
144.83882424523517,73.93897906265947,23.293200320080167,20.82191064586898
145.24283337725709,75.05196824874297,23.179635640864397,20.679293028185956
145.2769538343654,75.10356350628903,23.111394726647728,20.576102513093826
144.98587731639572,75.15737038723788,23.005845365472346,20.468488751196123
145.04561697766144,75.20527327468756,22.886366042940907,20.372682976296776
144.74713095144818,75.58104944126774,22.802380817768352,20.302087920735406
144.47168661102015,75.97229900921721,22.67474452056863,20.19811376289222
144.5005758708574,76.3247913692886,22.616966000894138,20.16801047820988
144.52452075195677,78.03834740181694,22.569076238695406,20.10841424129841
144.5696585399288,78.06326452585708,22.478800662751297,20.058579993218117
143.91108762583139,78.39917094827535,22.456724712551384,20.05637603757897
143.94506798851123,79.07967571899307,22.388763987191677,20.033828118071426
143.99777353001795,79.101555435634,22.283352904178226,19.99006868478958
143.69575028134994,79.48649184047281,22.221921169615676,19.88567410701051
143.40339923478936,79.8535658878332,22.143766735672543,19.814382539353993
143.11289924116292,79.90742685803839,22.064263082746358,19.706660598943607
141.51206312583292,79.95594287178807,21.978196170142443,19.609628571444276
141.20243069570301,78.34215478369188,21.942800257528905,19.563900883270023
141.20047100342657,78.37469237146036,21.946719642081774,19.498825707733076
140.58147531641686,78.39574809027037,21.87990884461424,19.456714270113025
138.66948562039127,78.1132615729878,21.799743697882427,19.370996548214364
138.69550307118482,77.83810749770052,21.747708796295328,19.273228687032066
139.37172521866086,77.88026173059137,21.68667473521419,19.18892022125035
139.70501551494453,78.5469814652702,21.663503779639562,19.142300025878146
140.371527415911,79.21930392528309,21.61508871639115,19.08226384453692
140.41259887038066,80.5365441912097,21.532945807451803,19.010154575591365
140.7060257775896,80.58108960257026,21.584256923292465,18.921063752870243
142.29232702790546,82.81344109451538,21.599325832153653,18.91910074227012
142.28845051778106,83.17270722348347,21.607078852402495,18.838304846040664
143.5892898872234,85.42797377320214,21.551647922783463,18.783705412818243
145.8505839540612,88.00144613353123,21.472858566676315,18.71538786652404
146.1735938704297,92.15301344070159,21.45935195255068,18.634925094130452
149.01951816264778,94.70992125830477,21.44663073044348,18.569222669883207
150.6259532615324,97.26372959719606,21.38257800679611,18.499713950695583
150.94822905017793,99.47414189424659,21.36568367698098,18.472490088925923
153.4705535683599,104.21553072856418,21.336707184578785,18.394098440219032
155.03604327064045,107.38405879897354,21.331991853492795,18.309570446350552
157.23822665803172,111.17101088535853,21.29438456115635,18.22153967205961
157.22204875460088,114.0020707429375,21.326740368018015,18.155867143939524
157.84968990506755,116.53590749663907,21.31400177779618,18.058368479382377
158.16945032981525,118.73608417852671,21.29398810197133,17.994565331300862
159.41854195736406,119.3774520944053,21.268491635974428,17.94817289409406
159.45717270092587,119.75061897560639,21.191230148850828,17.818870769529337
157.30917160034818,119.14997323236484,21.190925356505236,17.792645972154986
157.62265967972198,116.7276470553375,21.177280289660885,17.730649590984058
156.10423042231784,116.44997181110286,21.153528845024635,17.67387808756445
155.802789726346,114.36384963251012,21.145569177960212,17.570235031693002
153.6832125262073,113.79027841457696,21.12139174113921,17.499282656959792
153.69711173033255,111.69166164434463,21.093593332888734,17.443802583851703
153.3892203978248,111.72463180563075,21.103168695142518,17.377862261279454
151.28919213588512,111.77165237055914,21.066194208642543,17.283821131422677
151.29571317047402,111.80612800913514,21.053152139464725,17.214869854270678
151.01599718633344,111.83434236872283,21.01069640320673,17.158441135095305
151.93496836880186,114.57998390580994,20.973722896969882,17.070064637021076
153.75084333168218,117.28538337141924,20.931927500556707,17.04419749982359
153.5070806546443,119.69951228659215,20.822187617689966,16.99406156501743
