344.7,161.5,19.2,8.8
341.6642463434656,161.21968115550843,19.072217978436747,8.793911800202503
339.9570812939478,161.2382432985958,19.036073558839313,8.756787514027776
336.9745640080191,161.27978363846373,18.979234462170826,8.673706834291895
335.1075113187961,161.3190023751331,18.862668572863615,8.595269360953155
331.936107924281,161.33765429899253,18.833722102236898,8.557965513234294
328.9646439812759,161.57194234227023,18.844725340852833,8.513098330064205
326.8419380225268,162.03469026448056,18.859321144035256,8.433765708506714
323.84389410214175,162.04611440832417,18.948806470777022,8.41091742081949
321.5057826895384,162.05614067445205,18.974266879839988,8.390864888563742
319.76979072150175,162.06549656879935,19.063747646383163,8.372153099869157
316.61429927804903,162.10340122539543,19.018024447085544,8.29634378667698
314.35016604374607,161.86290537549584,18.906693429975512,8.355553896865606
312.7472430021962,161.65264527541132,18.74284700637265,8.354862533696883
309.7603261780705,161.68174218435772,18.853156889270583,8.296668715804064
307.8518267578944,161.6839512465831,18.895568842440696,8.292250591353321
304.79705187367847,162.31989527913757,18.706088384806723,8.280168571457532
303.24561980388063,162.26099653245439,18.47314476120159,8.397966064823919
301.48335149810356,162.22140547612054,18.25670268007586,8.477148177491603
298.28237079717906,162.17457213474918,18.036210543825746,8.570814860234286
296.51282247928475,162.39666147138888,17.864369010542998,8.538962650185072
294.0801686218511,162.40695023989824,17.81848961528444,8.518385113166328
292.5144977233085,162.4000622758036,17.683926933877064,8.532161041355602
289.5407216158934,162.38128162655576,17.53376637794712,8.569722339851273
287.8306678534434,162.37562534478676,17.309111452045958,8.581034903389307
286.12532420544295,162.16448718426284,17.10283405974347,8.601426259070102
283.18920753034865,162.3719639678837,16.986794499515312,8.585690885856177
281.2620961277315,162.16804232322158,16.868555295009525,8.5962879742064
279.75372615717595,162.1485123078224,16.71972776461065,8.635348005004825
277.0730928589723,162.33697095310066,16.562394461423644,8.652616421562154
275.5596221362798,162.50394865612722,16.451959647455602,8.710833047928109
273.8617691167759,162.8900613780594,16.32373001383843,8.72170442020262
271.2106479743061,162.91152231570678,16.16810549498532,8.678782544907921
269.88592516717534,163.12926144777003,16.109808982260912,8.63012458463653
267.56585910546085,163.36586715806433,16.128404517068873,8.542041213099674
265.89395379108635,163.20810474647783,16.017194083869413,8.473674807167246
264.6101541615957,163.5878227290657,15.917221466158834,8.476402235332074
262.79778665662764,163.75579598529404,15.745382615149152,8.520113108969891
260.57761053348605,163.58592198871506,15.651234355426416,8.481986059960697
258.74818538680967,163.76927905704449,15.55173585917313,8.491106802262415
257.6832961690181,163.18751335875714,15.434373064050735,8.531067583484315
256.5704719757355,163.18637494776365,15.41917983544805,8.533344405471311
254.727284657832,163.18447104319435,15.372673907968554,8.537152214609943
251.99232541227371,163.18743301477014,15.252602261959513,8.531228271458332
249.81589344975376,164.48134909351575,15.155979834789221,8.53892981942304
249.83996525360797,163.2001670535905,15.107836227080798,8.514844863499635
248.76011188291056,164.12185990751092,15.057318646714842,8.513312757126076
246.75965268701663,163.95011675872024,15.014667885471624,8.489201858977285
244.0159450881298,163.98956759449106,15.003742853671877,8.410300187435647
242.033628195413,164.03499481373964,14.952806661953733,8.319445748938502
241.3943506149019,164.05280541820196,14.780357154714995,8.283824540013875
239.98544546823612,164.11098941672267,14.721405279863351,8.167456542972452
238.5975267964798,164.33093067317697,14.643312950321025,8.08431523919574
237.2598413225215,164.3421867725889,14.485326443616476,8.061803040371911
235.95116968899262,164.3430383432171,14.291053344780405,8.060099899115448
234.81808615799977,164.36404941390046,14.11736670349576,8.01807775774877
235.5712357009892,164.3692585733924,13.99212967722519,8.007659438764897
234.55616062033525,164.3614020199987,13.96287675717052,8.023372545552263
233.84465145933822,164.51906845099063,14.013626786817927,8.051106756655109
233.28640529327097,164.68614180930274,14.09724980459195,8.061249811484348
231.85033850816876,164.8583044383231,14.203775706077954,8.062625512033426
231.29003561201003,164.83539866753094,14.28247600979014,8.108437053617786
229.3664127019151,164.80869192830843,14.288021287204034,8.161850532062786
227.28884675222722,164.65016216317758,14.240332762294006,8.128675026967288
226.14225440223316,164.64047336010583,14.09076037268739,8.148052633110796
224.668425977486,164.62658245441395,13.914720458345958,8.17583444449457
223.8978942611113,164.61197601455447,13.731106759559147,8.205047324213517
223.80927690831987,164.6051536657141,13.565641531479162,8.218692021894222
221.52203995709846,163.9033678209071,13.373576106167658,8.260395332149873
221.611220823746,164.06265248136586,13.195214372872565,8.280131177045646
220.84776058278877,164.22991465234605,13.042271297905943,8.281579546461417
219.92084478423448,164.229255821855,12.893843618031026,8.282897207443586
219.63144227800555,164.2058444774072,12.80962908981417,8.329719896339165
219.16676886981628,164.025041945714,12.745888993637434,8.36029598887378
219.03477625535797,163.84361216489972,12.679292061515559,8.392573389463859
218.0657145107335,163.66360644449574,12.636699861983205,8.422465548808262
217.91509799972803,164.6436699351133,12.607956752993436,8.442195353577299
216.95606738485583,164.44376146831124,12.546788091299156,8.51214063860834
216.8328632611803,164.2503954118507,12.46308481016718,8.568761223046389
215.8787290121397,164.21545795662405,12.392627350585164,8.638636133499661
215.91724817481463,164.015801067602,12.31558902523529,8.708070587269097
215.30327938397735,163.81693553875155,12.224084814459319,8.77594119685737
215.35551025744672,162.95008275820518,12.11962306752059,8.861683415340327
215.3954558367498,162.90780859733022,12.039731908914451,8.946231737090272
214.60448340553762,162.86812732199814,11.973733057421143,9.025594287754421
214.63145342288954,162.84878107765638,11.919793022717302,9.064286776437944
214.6607917590856,162.83185929775968,11.861116350325204,9.098130336231362
214.51930402825772,162.8146447050966,11.814742713562524,9.13255952155748
214.0390246804618,162.80160470325208,11.78769534481431,9.158639525246564
214.4053016359528,162.93723028277864,11.713568088994128,9.216601693774294
213.59240532814266,163.1078239978187,11.694250418588389,9.204436320899323
213.6105854248489,163.28523702239042,11.657890225175947,9.178139012817146
213.6217232000293,163.46984897368725,11.635614674815137,9.136460091329242
213.45799473949813,163.1793265258036,11.636544736925886,9.06445126919341
213.62634025023684,163.20341686235963,11.625223946037591,9.016270596081302
213.80190336559468,163.21906098312132,11.59851084791193,8.98498235455794
213.51106425859652,163.06288433386047,11.533197859233892,8.973840051742448
214.00453377349515,162.90640601157637,11.513207100819974,8.964480605849536
214.01212257672574,163.5611185901361,11.498029494358788,8.942488285549105
214.1749040645301,162.76625606327275,11.49373487952694,8.925871535391545
