136.5,135.9,13.4,32.8
135.78096909718025,136.97150241163834,13.838061805639489,32.50236421996711
132.67157983830378,137.4113268415998,14.338284760998814,32.337534805343424
132.39471563067005,138.0967360693561,14.892013176266268,32.409235650332704
131.79029077215972,138.45068262990839,15.36884281200098,32.43336261051412
131.61914097995904,141.12242669027302,15.711142396402368,32.2747884320107
131.54117092804415,141.27586097828512,15.867082500232144,31.96791985598649
131.11517603718735,142.17717642884756,15.976509894828432,31.650413729096208
128.39537836070963,141.77768112865462,16.23745911033251,31.709597738417582
128.3519168067479,142.1886773649652,16.32438221825592,31.6327839937571
128.23604247426948,142.72315943088455,16.55613088321282,31.309369495177556
128.59589059818092,145.04209555098322,16.581216905382426,31.14019087493513
128.66596707969754,144.76856693183268,16.44106394234914,30.944524828923882
128.69406674837498,144.76834949733168,16.384864604994263,30.94495969792588
128.3471693719193,144.38751052307796,16.342177754249168,30.970156042776843
128.35720550311964,146.66292505942545,16.32210549184853,30.836043413822075
128.40972643007728,145.18905275566001,16.217063637933226,30.84857975061319
128.5164482668303,145.1899595408412,16.00361996442715,30.846766180250835
126.79046016259244,145.33550700022604,15.813168969991395,30.555671261481102
126.79000042806727,146.05420364184693,15.814088439041747,30.56014214899023
126.8068197126472,146.0924580236682,15.780449869881888,30.483633385347687
126.8646903699887,146.15296592726477,15.6647085551989,30.36261757815455
126.98063385783678,146.61082743842545,15.432821579502715,30.162435549350853
126.40930566872655,147.1212722376778,15.15826463186768,29.850152613773897
123.66926517511074,147.11980920759976,15.044028096399115,29.853078673929968
124.79084959995093,148.9349097914343,14.892937003289292,29.70967376721185
123.35232715844421,149.00750062328035,14.99939586034237,29.56449210351975
123.31647342950367,148.95090503300187,15.071103318223445,29.6776832840767
122.30131293313377,148.61806750807494,15.015654598006462,29.648101762945
122.2350452448346,148.61207812610144,15.148189974604815,29.66008052689199
121.839557727912,150.31924250424342,15.242836209755119,29.72739576408244
121.74577714716939,150.64033634945568,15.430397371240336,29.784156585077543
121.70641015064102,150.97744088573506,15.509131364297088,29.81296057357935
121.71674125257445,151.3994757020829,15.48846916043021,29.67368214611353
122.51785061981055,153.63281936539062,15.29102950888571,29.421332068281213
122.58501919312069,153.90564279252666,15.156692362265419,29.5709708659641
122.59717994180978,153.9786315062488,15.132370864887243,29.424993438519838
122.5928608122786,154.487430192595,15.1410091239496,29.100003182941112
122.66956469920315,154.0966076473019,14.987601350100505,29.193664053613297
122.3787088401171,154.15672034784504,14.88259575349371,29.073438652527052
122.37557257185438,153.85373646086254,14.88886829001915,28.996263435422332
122.32199065643032,154.22863974820592,14.99603212086728,28.92857573936023
122.30706212111423,154.1331521126987,15.025889191499466,29.11955101037466
125.0124872399353,154.09758421920995,15.105354115926788,29.190686797352136
125.02438457719944,154.1216774938305,15.081559441398511,29.142500248111027
124.67735331776935,153.46240325714166,15.088036873890449,29.0858785487522
122.94039985097437,152.67416795581303,15.127618104139092,29.288618870072906
122.90445271566296,152.53784002982587,15.199512374761909,29.56127472204723
122.8215041943014,152.47167459263474,15.36540941748505,29.69360559642952
122.6987707729621,154.93165483818015,15.610876260163629,29.677596680293185
122.70191539962931,155.2983540879512,15.6045870068292,29.64874927463431
122.6372513170804,155.349753059839,15.733915171927023,29.54595133085872
122.65506888800844,155.39510199380598,15.698280030070944,29.455253462924745
122.72772288664267,155.4811774814312,15.552972032802504,29.28310248767434
122.81777326518048,155.6612336314257,15.372871275726867,28.922990187685365
122.92850142701448,156.83944585150823,15.151414952058875,28.634660489537406
123.03461536834901,159.40686119019946,14.939187069389812,28.269086124460745
123.08800188702357,159.54321542616887,14.832414032040694,27.99637765252193
123.1597772839559,159.58871023496167,14.688863238176038,27.905388034936315
123.54601193539074,159.60967130350005,14.579047655886379,27.863465897859577
123.70389840148702,159.40203363772588,14.263274723693794,27.61859095920004
123.52441535858986,159.56197256849245,13.971121206351492,27.298713097666923
123.20687751507727,159.62589072222914,13.964806607795555,27.170876790193503
123.16872990853972,159.55520152316885,14.041101820870676,27.31225518831412
123.17106968666468,159.58384698093676,14.036422264620741,27.254964272778277
123.18258440668534,159.49126665382943,14.013392824579435,27.44012492699298
