228.7,179.1,9.4,7.4
228.3671362188224,177.5121469752465,9.329825384185108,7.4629234748674
227.34900055299792,176.95963548410924,9.253745833453873,7.51177101595185
227.64645001507105,176.80433823142744,9.186181623541378,7.558698164198569
226.62605403546226,175.7180951886407,9.119874921952327,7.624085588965468
226.13782978026612,175.04238655961163,9.042638440807274,7.658396607601898
226.16997847765856,174.89395313444678,8.978341046022342,7.692480977332437
225.41266299098072,173.55114678600447,8.918948107869362,7.754720488369209
225.31439575489034,173.5380022205725,8.853065193083768,7.781009619233173
224.6773473450278,172.59803483075893,8.818072571370488,7.828219180846585
224.70414207392034,171.1311731107253,8.764483113585388,7.879607847104888
224.07417649612452,171.12347774363997,8.714319038913489,7.894998581275541
224.0856243673566,170.19013307725723,8.691423296449372,7.9312965162534805
223.83861318382563,169.91753168036723,8.662032298389686,7.95308594491189
222.9431403798257,168.86867153251265,8.62180694470919,7.958039427272061
222.95121829091923,168.06918109961512,8.605651122522142,7.990734529528159
222.32570580823955,167.92139541292644,8.550098333533432,8.0249903520359
221.30126008663547,167.01137333343158,8.511051623521663,8.018088626958209
221.18863252658727,166.47759288369036,8.47603426503516,8.044559612108904
221.3463013589073,166.4745057174438,8.420841249112707,8.050733944602051
220.32498665988615,165.56295231835668,8.388442534113178,8.05819114386463
219.95951527229735,164.3883173136631,8.342418157230778,8.076559697071938
219.98036094565617,164.39079536704372,8.300726810513163,8.071603590310673
219.8638979528805,163.8687123134327,8.275827133282117,8.084467046403205
218.98361095777057,162.85155714800075,8.23293496982176,8.05767320163254
218.98618346351648,161.95163541400774,8.227789958329945,8.061727577717862
218.49425416942287,161.81895293867777,8.185550535763472,8.070568025689406
217.62068780095538,160.92431069209576,8.140681409751988,8.067850655906964
217.38499149460532,160.54622989287276,8.101570363908335,8.058256766537225
217.28074491851845,160.29906708517044,8.055578277993483,8.043611905764788
217.03761706135015,159.2654028001586,8.034772919197886,8.082696183259726
216.1592761418868,159.02809520547922,8.014727844186492,8.04967511149327
216.15899693559024,158.01556082195995,8.015286256779616,8.0508832860993
215.41865561220678,157.13072199582965,7.977906571195346,8.049488217283525
215.4290181745825,157.0076131371347,7.95718144644386,8.043306646072894
215.30976376044921,155.98822917818535,7.943714996843213,8.06627234103364
214.56961530253886,155.8733949153711,7.911268284518748,8.04381692863798
214.5745597234651,155.8713301814508,7.901379442666303,8.04794639647863
214.21561887153865,155.6367868546786,7.865757643625712,8.014697381427329
213.47009451357457,154.63660322092844,7.856307422756052,8.014399399863938
213.478500480343,154.03605490839018,7.839495489219205,7.9658495704276975
213.2434087215534,153.04213999887907,7.811876840068345,7.9624707225298215
212.38390678953186,152.3199939163233,7.791996059102622,7.916290334776644
212.2722735739515,152.32267671594425,7.767889837410442,7.910924735534788
212.28158621516647,152.08304036049927,7.749264554980549,7.896381652345623
212.05173238720187,151.2219949404117,7.716201398710228,7.893774649822346
211.19409577203922,150.86577902051604,7.710717702745968,7.868739235489572
211.2131090358633,149.89419227588013,7.672691175097796,7.84917173748127
210.72722954587903,149.41050501641524,7.666710810698268,7.838806912042925
209.88681507480132,149.42642894458263,7.638296403089539,7.806959055708175
209.7603219752795,148.815660633373,7.648053858323314,7.812351959077864
209.28876201964994,147.86394339561002,7.617303686692278,7.76804626882342
209.39542557700673,147.26647681453775,7.6462626402652445,7.751549089534983
209.29662384332403,147.28372499999506,7.601382300714437,7.717052718620399
208.6889680847684,146.6884643650425,7.6105264288755885,7.701406599575391
208.70631183668647,145.74622942274772,7.575838925039445,7.656822549837911
208.58684098010838,145.14867274142455,7.574897053051546,7.65251798676401
208.01307241146884,145.15879616248614,7.523429026459345,7.632271144640807
207.54328702698749,145.1431651932015,7.5083161756886065,7.663533083210098
206.845640828357,144.8017236079996,7.470066768608339,7.629645351443274
206.8451023055662,143.84751687144382,7.471143814189915,7.635759447055955
206.74147736822613,143.51347338728743,7.440493231573079,7.590145043477696
205.9284990878268,142.56883910040267,7.409549569277674,7.585813362282585
205.94526948035457,142.34345149256495,7.3760087842220825,7.5643018396413115
205.61118394681017,141.40624207073276,7.338352418795577,7.5565141965981235
204.92429006101258,141.17593104327352,7.304788959915516,7.548019174691539
204.94231957029356,141.4113908387786,7.268729941353557,7.544888882349887
204.95918137593773,140.3569801630419,7.235006330065255,7.554233422159797
204.74323576954527,139.78683047484594,7.201121844932198,7.530093553756679
204.0620442524748,139.77452435806444,7.171665786627921,7.554705787319684
204.1918919962511,139.09425338791374,7.143862049303285,7.52389722625336
209.63126856628543,133.10928045217545,7.120649619130387,7.4834576314622705
204.24288238822422,138.16436471737617,7.0889166804557355,7.49188980257302
203.21461938101794,138.26488297338432,7.079069016836883,7.520450365893571
203.2299635249648,137.44166055252876,7.0483807289431315,7.557683256083192
209.10627998581634,132.8630755092919,7.024819319337292,7.51558156836303
208.9995915014506,131.9720318518969,7.009246205597017,7.466068223379088
208.79054220715966,131.99734382457115,6.971486141312544,7.415444278030604
209.48553215267933,131.90346456358537,6.940739431611281,7.376663936445784
208.92393242452528,131.24417068370965,6.936714936097611,7.342582954011033
209.05266825869342,131.37024703449214,6.904091390472902,7.3152783751576616
208.1728638661914,131.39191307526144,6.872470773093451,7.271946293619094
208.63658208057797,130.9642182547225,6.835932405204986,7.236437873812261
207.763046428298,131.30030540482747,6.810286180567635,7.2290326470512865
207.8858629745987,131.52845587768854,6.785720135414459,7.214865796225569
200.15483591165753,132.54117625236526,6.815870174312423,7.1735270009129835
199.70387951044341,132.1199830735947,6.836633110015239,7.13476349172865
199.03695882973972,132.36249355881878,6.850417649288152,7.089761461992013
199.13826423061542,132.4930342647571,6.867329137766779,7.048202340345366
199.01677459938688,131.5245776000867,6.891170800181364,7.01287726930412
198.90856536688065,130.78213060528373,6.888629975398358,6.965056230341785
198.2523510003395,131.0138559987515,6.89205396801053,6.937940356896267
198.36789542108056,130.90066870738636,6.878760013050469,6.946520053104519
198.38390981970588,130.2586316371927,6.846731215799794,6.924272440437055
198.0603266549417,130.24531035592472,6.843301525842198,6.950915002973037
197.29334693923167,130.13665122986484,6.856650231119816,6.9510031513581545
197.40533585189894,129.49433002300185,6.850114496944214,6.930993018130611
197.40790650842104,129.4872532770134,6.844973183900029,6.945146510107533
197.4222217331578,129.16942743129383,6.8163427344264615,6.929300781014164
196.78419395768452,128.41204615370677,6.793608287021988,6.928808338112057
195.9245524459538,128.2944697467629,6.784103894183203,6.947862724962228
195.93901677873845,127.65574575332441,6.755175228613922,6.927825120690592
195.92984036525027,127.32956215778624,6.7735280555902255,6.933764215481934
195.39559277097692,127.0068686347905,6.762727328622542,6.931573712164786
195.07997266599378,127.0117507050536,6.747004980611086,6.921809571638558
195.72748797263503,126.67900403561842,6.7434894960026845,6.941545346171887
194.9864280922973,125.81660772384438,6.717062236129316,6.9422842319498965
194.98898205718945,125.71577667382022,6.711954306345061,6.928845823905804
194.88445493045037,124.95944456953794,6.706199598468952,6.937847302990984
194.4666172486215,124.96395752963285,6.682438409041797,6.928821382801135
193.71740255042525,124.86072763913657,6.6804754263952795,6.920939395359546
193.70381271112342,124.11515603335722,6.70765510499895,6.9127726251554416
193.71307484100262,123.26831675284112,6.689130845240504,6.890540433120201
193.18802782150794,123.16472619640771,6.669988831675146,6.8838743354760785
192.43395550773116,122.4242015772347,6.684053320276557,6.870843434869948
192.54331076247678,122.437065139937,6.67880068478674,6.845116309465325
192.55010946188023,122.22337259341086,6.665203285979844,6.846559313526853
192.2269606269356,121.47831409571539,6.67316434213317,6.84722421020072
191.7046260511134,121.48789492760764,6.653258025573887,6.828062546416227
191.8130101139854,121.38676226186742,6.648789698968784,6.818028078757819
191.79980004679604,120.64285244959635,6.675209833347498,6.821345916691269
191.70622487358673,120.6413462560184,6.649819109535253,6.82435830384716
191.1858270972329,120.53364377116553,6.629678064100376,6.827575953924388
190.44794867482477,119.78838067948944,6.621998190035879,6.834665418395812
190.4590191190166,119.78389266028758,6.599857301652231,6.843641456799529
190.4664066598763,119.67627407659018,6.585082219932814,6.847178684825357
190.1464194966056,119.03611075661081,6.590491745474077,6.858375722783828
190.78793625575574,119.04387142074762,6.578154334017229,6.842854394510207
190.0574205195175,119.05144523509038,6.559776468898442,6.827706765824676
190.0513401295883,118.63381208537905,6.5719372487568615,6.81970925798339
189.94425128940836,117.79925576815369,6.575231882497749,6.801757519481999
189.74373601334685,117.81174485596303,6.554955036325258,6.776779343863318
189.12448295049913,117.60171213620174,6.533813318517533,6.77696216888483
189.23490516523393,116.76538062626331,6.5225786571381565,6.772747044039981
189.23915034775666,116.77464817445825,6.514088292092699,6.754211947650112
189.13756623703742,116.67361375035732,6.508315458057929,6.747339740378715
188.82128656981035,115.94570133004632,6.514648819414276,6.741970643772586
188.5136954044669,115.95223470899136,6.503557188101586,6.72890388588251
187.7908385883605,115.85183095865683,6.490627205494799,6.721333727291616
187.79029390316768,115.12566408988755,6.491716575880375,6.717286339617452
187.79944975071567,115.12912766264415,6.47340488078441,6.710359194104254
187.0768987685083,114.40813183832879,6.4652372077670535,6.699081205302917
187.07554699339445,114.3972186589422,6.467940757994774,6.72090756407611
186.96093135701693,114.19982303411813,6.489483183364787,6.700321118954151
186.86192685820032,113.58286440924633,6.479785361829354,6.6879974536856555
186.2426712395466,113.68250339843681,6.4741355340907045,6.696079652812361
186.23325495844577,112.65166007292423,6.492968096292397,6.6837902953255846
186.23227796776038,113.28535309650994,6.494922077663141,6.661419645736858
186.24038363917097,112.57000485923297,6.478710734841955,6.641839768291355
186.1416679430895,112.5625705570568,6.469523276991297,6.656708372643687
185.73516992964156,112.26132420655388,6.455691084738139,6.639079909287775
186.260990889852,111.54476160449283,6.435108215581589,6.628722441639788
185.4420157116201,111.74980611432854,6.427266828215585,6.630081357925826
185.4408428533973,110.82075563152016,6.429612544661162,6.637590361245138
185.44408574770327,110.41883871545407,6.423126756049222,6.6183193664758555
185.44874841364404,110.94506700156938,6.413801424167698,6.592719560704321
185.050312805058,110.1243642451148,6.3913836126310075,6.595547016195944
184.43421901866057,109.92903891074398,6.396497539050208,6.577173136145676
184.64599188005064,109.32793104001249,6.381561458881758,6.553559949773403
184.75384072938448,109.63792208646412,6.36956195741412,6.54467244847026
184.75404130650128,109.63422952114391,6.369160803180525,6.552057579110683
184.750451867135,109.44269617335517,6.376339681913089,6.52816695907592
184.65408096645967,108.84428763516776,6.365864422640091,6.505681671708866
184.1598033845424,108.13308833457428,6.340926968582284,6.509190607846584
183.45657824720308,108.12608360882999,6.330859209754767,6.523200059335182
183.56003517985008,107.8359489624659,6.326365809092882,6.496207958167075
183.5689808680735,107.23988461692275,6.308474432646021,6.476781446978022
183.47558807558966,107.33730437334384,6.293921766837423,6.483280184912141
183.1744826018539,107.23960289076071,6.292501950847354,6.477472895591198
182.7797300628732,106.74881508999329,6.277620261381544,6.453565037842094
182.8835638999532,107.05681825583937,6.270438907715212,6.439017667630886
181.98780925888286,106.25607815200358,6.26064750307923,6.439341709278714
182.58719870111787,106.36628849861893,6.2618379024463495,6.418915896687573
181.89319112859735,105.5761066042977,6.252001487614813,6.4017350454756325
181.89765173649508,105.4774918579619,6.243080271819326,6.399696584545636
181.9027102685916,104.77602039508247,6.2329632076263,6.408974307755801
181.6040994059652,104.78255051749066,6.2329425144127715,6.395914062939418
181.31525007509705,104.78598571487109,6.2140147027314345,6.389043668178561
181.5218855986093,104.59158132426313,6.197680805973788,6.380915299127658
180.72998107667308,103.90293380892172,6.196826864047847,6.371630217236933
180.6326869673256,103.90957451939495,6.19349141061994,6.35834879629048
180.53975142541822,103.9163483483474,6.181699981885232,6.34480113838557
179.9525492050217,103.82229006682148,6.172523100437768,6.335654147730687
180.34938073873155,103.13232880018909,6.166759957549133,6.33675181306618
180.55478034239502,103.23265758840462,6.149763045533357,6.332995384290695
179.6798102476396,103.23625777975278,6.1305410305410595,6.3257950015943765
179.5749275256635,103.14225410380617,6.144149727269044,6.317645606263351
179.18705947657344,102.65523190942031,6.134909863316254,6.310470042368873
179.78099324281413,101.87872079616193,6.122954488509139,6.295609391986577
179.10505301190105,101.88269489909355,6.105892481447776,6.287661186123327
179.20994365904488,101.88228734524472,6.091280012777889,6.288476293820981
179.21314468264885,101.4957212951943,6.084877965569936,6.281805958669318
179.02359325382804,100.7247076749827,6.074491313572887,6.265875160537734
178.5452193058796,100.72903238675372,6.059586024222569,6.257225736995714
177.97281548557567,100.73125817088611,6.04063788555571,6.252774168730928
178.36475095506935,100.63742786232186,6.031126282964929,6.2468449517602895
178.46521905244242,100.06520920056244,6.023536504991512,6.231203774642881
178.4702218175281,100.06686785907539,6.013530974820135,6.227886457617004
178.38256470535285,100.07135925546451,5.996074360827426,6.218903664838734
177.81295757465892,99.87806182051501,5.981165482039187,6.2207908213457
177.8130820757717,99.87833537890947,5.980916479813604,6.220243704556803
177.82010695072404,99.69588642212987,5.966866729908903,6.200871590833437
177.63319484120643,99.31435587085033,5.9574728143844435,6.197496424273117
177.25616332735927,98.6388037854912,5.94590581012027,6.208748039064037
176.68221583795454,98.73166442148755,5.945396693919551,6.214427449573043
176.96568010704573,98.6454004858769,5.95291288474592,6.195473744458086
176.96314679309174,98.4621397944702,5.957979512653856,6.179387844517222
177.0566751300666,97.88336437667304,5.962054531362336,6.190148524162329
176.10255257074067,98.3627042492495,5.956651164200539,6.188293021916256
176.01063170240803,97.59556836435658,5.949242634610227,6.192562661657696
176.67613072028223,97.60330989955834,5.956644132417909,6.177079591254175
176.20415267495895,97.41966747170564,5.945228323284593,6.162215687047622
175.53885202444127,96.84760343770182,5.94120434404164,6.162379229102407
175.9248559528499,97.31847313176105,5.931595123922165,6.173638136856109
176.02701766830194,96.54798747034673,5.917895760612026,6.189616918932591
176.21550110158498,96.54995706382124,5.922243867196861,6.185677731983567
175.44896412611948,96.4645856015462,5.9300006361785496,6.165756008789959
175.54780875861826,96.2807969633122,5.922786682207634,6.152382663204658
175.5464949005761,96.09861146533585,5.925414398291926,6.136450552262968
175.5465278181038,95.62922325870998,5.925348563236523,6.125510162223703
175.2697131451686,96.10375947595364,5.909665634807182,6.125291518235926
174.80263990084723,95.43587498436322,5.896215727214711,6.13442554668744
175.46254915673185,95.34890979561507,5.902544645004003,6.118906291389651
174.80056088912278,95.1673978914601,5.901375523919665,6.103317055041778
175.09126680384063,94.88565270780293,5.887094463390577,6.099676653449515
174.34244858806164,95.54415844761505,5.874645874914768,6.103989566354796
174.44231676511058,94.97815128693273,5.863540805071061,6.10421618219439
174.45029581012503,94.31127850334377,5.847582715042187,6.118748146961079
174.45290722603852,94.4931271546723,5.842359883215172,6.131918962021898
174.45669795079647,94.48423263776087,5.834778433699263,6.149707995844737
174.46273036203715,94.38268194707194,5.822713611217916,6.164093599018169
174.36492004029856,94.10025334403385,5.829584776724927,6.162702371183745
174.27375421292183,93.81656798250863,5.823079731651743,6.163562994754152
173.99435133023889,94.37653456407924,5.815644533511559,6.17611175862514
174.65987296874013,93.80378694455553,5.806377830540183,6.188655648503053
174.28909365109504,94.26778971095203,5.792439741506952,6.205021021114266
173.63196979784504,93.5979110878652,5.7843282404937675,6.222419059774798
173.91958568885445,93.77914520344136,5.776249957072421,6.2380531610207886
174.2057799032824,93.86362568481903,5.771361563332082,6.2582588766373
173.45262502437367,93.85343497920293,5.762438968448573,6.278640287869509
173.5521443906649,93.74590026103176,5.752979964107696,6.3041299959702926
173.649081079788,93.54980684397403,5.7489327323743,6.316664537059996
173.64596552673083,93.17496857734533,5.755163838488647,6.306513821989344
173.6452642358845,92.70683499402837,5.756566420181324,6.293290680602302
173.64615891005386,93.3751404290597,5.754777071842634,6.2846810499722014
173.64885447372092,93.00140217667764,5.74938594450851,6.273950161126426
173.64737591285413,92.62938994074652,5.7523430662420765,6.2607793574529
173.55449267795515,93.29491838199029,5.74896887024693,6.253707135517176
173.55256717112607,92.73338720232827,5.752819883905113,6.242909096732022
173.457341346498,93.30432592021722,5.7544018343232715,6.2342498539817255
173.36196756564442,92.65062858699581,5.756389542533256,6.22032554594444
173.26949168342162,93.12657416415004,5.752767000353062,6.211305924765133
173.17463074807992,92.47269637258339,5.754112871673753,6.200429512359401
173.08073632624254,92.85084649344,5.7536740094034595,6.197040094426107
173.83484688352985,93.22949203752145,5.750795615054208,6.19242036637588
173.64621897750723,92.4835347656901,5.751951440955811,6.179934965464012
173.4596992678678,92.67401129885614,5.749243857389573,6.174728901977042
173.0847454913875,92.9606613407809,5.748154574011711,6.164676445381314
173.83250479060823,92.21718898697092,5.753235719096809,6.151021409474713
173.64397672894756,92.41072950782957,5.755406945067945,6.138825265107647
173.18031274314393,92.60094611162194,5.746302858216728,6.132964880906284
172.71617090012697,92.7901013838915,5.739335013781277,6.1287549485549375
173.3673618853887,92.8896482948738,5.745070341261426,6.116535026305146
173.08619745749044,93.07969988374002,5.747077095299987,6.109979916411368
173.74380303155186,92.33665708064535,5.73879003743007,6.102437990883038
173.55892580062346,92.52693009402307,5.735636405501306,6.094800057913212
173.28167939423406,92.71598727659998,5.731275357302063,6.089254933411388
172.81849866942497,92.99962196219629,5.72699310170649,6.0803717853470065
173.4707384642643,92.2603017499037,5.723967048368467,6.071636739828596
173.10311974116644,92.44725192295698,5.71625502721097,6.069211127398632
173.75337582539618,92.73056430099243,5.714782439785125,6.059317620342135
173.47686851207413,92.91883573662828,5.711599912235649,6.0535728518661145
173.20223528516541,93.20219063423949,5.705090136039827,6.042639286656979
172.9257569174571,92.46437645839873,5.703093312199553,6.038391480320123
173.57076352322255,92.65195293470627,5.707285061059162,6.0330113735309085
173.29476807002067,92.74896838336694,5.704669664353363,6.023849243912742
172.92981230421825,92.93461359271357,5.695845253280705,6.021926796558245
173.5796415695428,93.21615757410746,5.687784581797566,6.012380773413045
173.67338472589805,93.21564926917145,5.684535113925257,6.013397383285058
172.84575065696293,93.21763977631463,5.6819923691661245,6.0094163689986875
172.93389043320173,93.1312354418255,5.68981143829464,5.998126416370884
172.93443639480188,93.03814543656087,5.688719515094352,6.000260424001101
173.0260113868799,92.94873562231676,5.689631609265346,5.995017974162336
173.11904080842658,92.85982928122719,5.687567283580782,5.9888361389327045
173.20946878427063,92.86294695565314,5.690576398555856,5.982600790080805
173.30217834619694,92.76853795182207,5.68897245528633,5.987603617159811
173.39418572715257,92.7687204535257,5.688825745945068,5.987238613752537
173.48183636485257,92.67956504013027,5.697384485962356,5.981689425126161
173.48507865922576,92.58628963308767,5.690899897215951,5.984331439670055
173.48511969674806,92.4972375779449,5.690817822171345,5.97858815696267
173.57635287548845,93.23389785588634,5.692107667600505,5.975317224359098
173.6678725180482,93.23519633892165,5.692793824188881,5.97272025828846
172.84090720286764,93.24187415038848,5.693463514458581,5.959364635354809
172.92906897851546,93.24705406777531,5.700637123619797,5.949004800581155
172.92506534602708,93.15621863895348,5.70864438859657,5.947227154087747
172.921595891146,93.0664525697826,5.7155832983587125,5.943211873750487
172.91640283934785,92.97643035700153,5.72596940195503,5.939661974496523
173.00378492122843,92.98413458478471,5.734908262762419,5.9242535189301595
173.0926568892247,92.8982649187661,5.740767120526301,5.912390057210924
