174.9,98.1,35.0,31.4
171.61071831841224,96.80956461872394,34.30685332294783,31.93558575584749
171.9310441437711,94.06230943392208,33.66620167223013,32.21499157788996
171.65457061965722,93.95550717612124,33.181712542831114,32.42859609349162
169.31422399851763,91.8660713163008,32.696324837527534,32.474603055066254
168.93740420134066,91.33321782238853,32.42365209170887,32.51399770271817
168.02039328435757,89.7680652389051,32.21239411205087,32.57638314924884
167.1053260995653,87.23548789129516,32.001945122722034,32.540079447185185
165.75517661325983,87.30392236435259,31.653041085186455,32.40321050107034
164.34941741183988,84.80635400514171,31.43833176773422,32.354634352338564
164.4394200267324,84.90844961689713,31.258326537949177,32.15044312882773
164.50517325586583,84.98452236990184,31.126820079682297,31.998297622818328
164.11231105297543,84.52579495935345,30.91847182750652,31.92167978595846
162.17582205232787,84.02827543595542,30.83314119102767,31.927141673311052
162.21989108930276,83.52570783149308,30.745003117077893,31.943963511021032
161.78867439108083,82.08684619814605,30.620253832942026,31.860138735975895
161.34935021567927,82.18230071870019,30.51500742942705,31.669229694867592
159.97775097935929,82.31485501786625,30.32049444952502,31.40412109653549
159.97579702628587,81.86747282533454,30.324402355671857,31.326881741361653
160.02398593331282,81.94149112250375,30.228024541617955,31.178845147023253
160.05119542180788,81.99931111186689,30.173605564627845,31.063205168296975
160.58982442546125,82.08886286731891,30.060681341373435,30.884101657392936
160.61113998464555,82.60444891940443,30.018050223004835,30.812668015218144
160.69353617314,82.60386231543174,29.85325784601592,30.813841223163532
160.79345957417925,83.13205091995833,29.653411043937396,30.712821460461125
160.85830549082058,85.55619533267978,29.523719210654725,30.61759628976413
160.94479287005126,85.64409859504188,29.350744452193375,30.441789765039914
161.99214387941106,89.01361767760349,29.139193476072595,30.293780249012393
162.05770499359724,88.97902444839373,29.008071247700205,30.36296670743192
162.12559896002034,88.96276820910221,28.87228331485401,30.39547918601497
161.27099433978316,89.04788828204056,28.71494550065329,30.225239040138277
161.3392416053034,89.1318033258913,28.57845096961276,30.057408952436774
160.95176960031802,88.7412832907446,28.4300690455347,29.91512308868132
160.99828621656647,88.82296316105408,28.337035813037808,29.75176334806237
161.046213110877,88.90267392035798,28.24118202441674,29.592341829454558
161.10115596813213,91.73235938900811,28.13129630990648,29.39718297152355
161.21486051638522,91.39196013829721,27.903887213400324,29.172076004090812
160.87104664555372,90.07553088968386,27.692736359424465,29.10859871440109
159.10884801915358,87.69743895786273,27.639374662379453,29.39258389073671
159.13240412401206,87.41126120929616,27.59226245266252,29.96493938786985
159.18729489962095,87.48523702398306,27.482480901444745,29.81698775849606
159.25714192938133,88.51236052519201,27.34278684192396,29.56707393106453
160.6072528148111,89.5477306033668,27.330706466629067,29.288428038424698
160.67856792985359,90.10719622047408,27.18807623654409,29.061003455355642
161.13459701034012,90.65597907025335,27.16170758403952,28.84912726426554
161.17240701823513,90.75881015168882,27.086087568249482,28.64346510139461
161.2149855037427,90.83149748018755,27.00093059723435,28.498090444397157
161.2379877955225,90.89453439761185,26.95492601367471,28.37201660954854
161.249807654926,90.96749303965044,26.931286294867714,28.226099325471385
161.27705177816142,91.05499957757908,26.876798048396893,28.051086249614073
161.3008554228105,90.75603637847163,26.82919075909869,27.784056016173608
161.29271120885724,90.87690331447946,26.845479187005267,27.542322144157936
161.28135150730833,90.98551464905614,26.86819859010306,27.325099475004563
161.32792097531822,90.61812770114567,26.775059654083286,27.206443188943467
161.3267346935644,89.83179955659905,26.777432217590956,27.078908236280732
161.3798274441488,89.48023688216375,26.671246716422136,26.933905561468617
161.40655294198172,89.5174853072044,26.617795720756302,26.859408711387317
161.4338947397813,89.97410368962088,26.56311212515715,26.78833049741025
164.01811954495116,93.42743053316164,26.43573247828367,26.60310342828372
164.07544206851978,93.50635610275539,26.321087431146474,26.445252289096235
164.1353355151489,93.61025164219004,26.20130053788821,26.23746121022693
164.15464017177476,93.64314515932062,26.162691224636518,26.17167417596577
164.15640787511273,93.36873412822938,26.159155817960567,25.89633300652829
164.20802964799154,93.48478281916323,26.055912272202953,25.664235624660606
163.85346437756095,93.15578327418164,25.950558133935584,25.507750035495253
163.85314332701722,93.23452795429161,25.951200235023038,25.350260675275333
163.86017244589323,93.31752248155318,25.937141997271063,25.18427162075218
163.8847864885075,93.36990747564542,25.88791391204249,25.079501632567712
164.27976167830346,95.8046207029094,25.90057475615327,25.025742520255992
164.28467407156165,95.82985688714233,25.8907499696369,24.975270151790134
164.2690052453599,95.86590722502933,25.922087622040433,24.90316947601612
164.3391806253264,96.26108434792542,25.781736862107383,24.91317276867624
165.1709735832105,99.09336766771766,25.71478242478022,24.836816303635356
166.40273379303335,99.54214945401439,25.63943646144277,24.735310883144617
166.85421060660835,101.64842352551356,25.529753998054648,24.48911855895579
166.88313716343671,101.73742142814122,25.47190088439793,24.31112275370048
166.52875612375038,101.80975833051419,25.396731620038523,24.166448948954557
165.02703214326084,101.84617229996259,25.278329937956304,24.093621010057742
164.64920013070437,100.73546163533184,25.256538886739964,23.98267711033148
164.6918991578047,100.78943021521792,25.17114083253933,23.87473995055933
164.31703999826763,100.81619089455998,25.148550533961284,23.821218591875223
164.33484737392595,100.87434034820762,25.11293578264463,23.704919684579913
163.99089272819594,100.91092003132403,25.03213989439228,23.631760318347112
161.7567041298064,99.06161600174684,24.90282927804797,23.498961866565317
161.76602649005557,98.74834652307578,24.884184557549645,23.36334805105058
161.40311309816923,98.44581013907583,24.85030205237875,23.208711530106918
161.04645184019643,97.0063927561416,24.80690009699037,23.060648410639352
159.92786325046688,97.11447952144778,24.78299453287331,22.844474880026965
159.6102323575263,97.17962989847992,24.668372763520097,22.714174125962693
159.6314958351648,97.2663684973096,24.625845808243056,22.54069692830334
159.64570122986947,97.40046259812988,24.59743501883372,22.272508726662785
159.66664432679676,97.4517313087378,24.55554882497913,22.169971305446914
159.68856041083183,97.52628679216838,24.511716656909016,22.02086033858577
158.60937598753029,97.17172656321529,24.472483584538107,21.997446823500653
158.64103129843463,97.19969713674698,24.40917296272944,21.941505676437256
158.66568554090972,97.24787778158296,24.359864477779258,21.845144386765313
158.6847407141051,97.67059146435402,24.32175413138853,21.72708548824806
158.70746733701608,98.0490257648397,24.2763008855665,21.69510761305434
158.73986472407816,98.43438945770143,24.211506111442386,21.648054068094595
158.76638801911162,98.45936472783511,24.15845952137542,21.598103527827256
