252.90000000000003,104.3,41.4,43.4
248.47645982979523,100.87862118739366,41.23503905833847,43.901396770498614
247.93466790665218,100.30572911873809,40.97805602509064,43.70661402827582
246.04576070832354,100.4753889167425,40.75553908313427,43.367294432267
242.27154102973373,96.57982646378952,40.35632202775047,43.210762925609544
237.8448906131257,92.10755505830481,39.9988468686647,42.94452974427713
236.0757121957223,87.62719753490379,39.61923683017657,42.76332208672433
231.64697852547062,83.86334996349636,39.396815830477436,42.50825579507992
229.82581705154792,79.55320762815886,39.170305921137754,42.1012637989896
228.67844797719795,79.76071210866948,38.905725771316924,41.686254837968356
228.16307768345789,85.68227334403872,38.66749016620759,41.26391810053467
227.08377480411804,89.61402954373405,38.30890332534838,40.95198349976064
223.48383677814672,88.57058821457821,38.02060279342152,40.54280729678249
221.15500040685427,88.199033353092,37.730036933660685,40.04885736916845
217.62326023991886,84.03112943139934,37.44514695682088,39.811566516724746
216.53156142787338,82.97750474725454,37.1955476569583,39.4858189610608
211.7690946647657,78.95318993462669,37.06091386454529,39.082327182516664
210.7065347106144,79.15009508188932,36.78803273928165,38.68851688799142
206.099543186927,75.15998863555876,36.493912773775584,38.34913964438182
202.69359670420306,73.53326552120416,36.23456444252855,38.06696522474353
199.35313891598335,69.69232061783539,35.89539680401403,37.55875794736816
199.5009586898326,69.85912168203421,35.5997572563155,37.22515581897052
195.66579695427924,67.18028491463734,35.24263745892647,36.848941304838725
192.99699069818993,63.37042276018734,34.90409998838529,36.52205563793098
191.4405352704431,62.38854064536495,34.642763243472906,36.236321467305075
187.64579104359018,59.245948187506485,34.4193029911775,35.824693206449524
187.1148572772608,59.440163526483744,34.375021211112504,35.43626252849501
183.39945373965378,59.038042640553755,34.11031852249503,35.14114576266479
183.50393168091867,60.26001348490955,33.90136263996529,34.87829214450281
183.1266460894622,64.72992245848629,33.57281696848555,34.60340903249054
181.63128781174458,64.87929881344347,33.342701464388284,34.304656322576164
178.62325977334277,64.55077042816983,32.96704278145993,33.89642729983478
178.20126859295064,64.68800679965645,32.75808253929971,33.62195455686153
174.6416031953417,61.67526418809357,32.56008384763342,33.37544307694371
174.23148901845929,58.67523115026069,32.34197729478059,33.1454997129032
171.31248744817583,58.80609923083893,31.992303779542738,32.883763551746725
170.94654106262314,58.45042238497885,31.702550312482344,32.57347100530111
167.47355757102048,55.026782853757965,31.563134248719265,32.335367020774505
167.5721598164455,55.08713289002178,31.365929757869246,32.214666948246865
166.70635575572337,55.73937497614436,31.09504400635054,31.91142971248319
166.91542004819652,59.28672130768791,30.67691542140419,31.762186815397285
163.64528533539152,58.354709803792055,30.33439414043756,31.65969819273853
163.7132127427986,56.431438881952765,30.198539325623415,31.60132345667752
163.8717905488279,57.52794095822935,29.881383713564787,31.354646310756742
164.0261695472459,61.48467401560285,29.572625716728787,31.1553974251349
164.1990941967116,61.5930835342685,29.226776417797407,30.93857838780361
162.9720658778743,60.606817488954405,28.838662982026232,31.01633042946793
163.1308547137885,57.902561608755015,28.52108531019782,30.77018811113116
163.30219037918198,57.994466561452285,28.17841397941086,30.586378205736622
162.98100271252707,55.80859425993785,27.89555376618401,30.331945076082032
163.1048803746355,55.489006379576054,27.6477984419671,30.054353052206984
166.43602742958768,56.02554409290994,27.344988238632038,29.889775326477668
168.30777962857772,60.592989827224756,27.205932246523453,29.766004872526743
170.0416745007658,63.919277198444206,27.32602001263053,29.39221577343349
171.39040520166364,66.34226601713732,27.307715758503697,29.01150004882875
174.63664458587294,70.03602329034392,27.022944197050123,28.71850802466124
174.8872380622517,70.16928038508603,26.521757244292562,28.451993835177042
175.57661609702177,69.47949423086544,26.008596113743042,28.100376265636957
177.93051770867825,70.08031815457643,25.560545902939303,27.75067902071681
178.54628380107678,72.72438752760101,25.168383432297958,27.498758559602173
179.09911831513398,72.43369525601291,24.89191521259186,27.25094229437004
179.63225587232668,72.5889970917986,24.646577342703203,26.940338622798652
180.972737880334,70.2785922350941,24.402188082326795,26.687998824931224
184.29630818622067,73.58261855189332,24.189995717588747,26.51489443836809
186.74404582892367,76.47549192660153,24.084274451691225,26.317194045044843
186.01747409422836,73.40177789589306,23.95035960794248,26.116388853904215
186.04245268457626,73.18115759142142,23.90040242724668,25.769361218409763
188.4665834307407,72.89837883512317,23.744516269488205,25.55285617524454
188.4690222366608,73.0139437704405,23.739638657648033,25.32172630460984
187.70969263232436,70.40987147264418,23.713258895399115,25.122234501976294
188.10429578486924,70.98514284029353,23.69303545261499,24.740674628983196
188.1377419898601,71.10019420691239,23.62614304263327,24.510571895745475
188.18048353014683,71.18381762087115,23.540659962059806,24.343325067827948
188.19703075950034,71.66848755916378,23.50756550335278,24.1280372092832
188.2269451269483,74.80203628738269,23.447736768456867,23.86214825264402
187.14372118210224,75.33695323224109,23.379093417346517,23.537344776528084
186.7926686249993,75.84068130852337,23.342358035959258,23.26872911955664
184.58435850938142,77.44677288803467,23.354782429360622,22.992676519090296
184.603495511048,77.56710247661546,23.31650842602742,22.75201734192874
182.4851846753284,77.57534660913696,23.200280224968644,22.735529076885737
181.83325970125426,77.15967182798397,23.057351541976985,22.843489323621732
179.74544210971595,75.37520446066496,22.89591116806342,22.798194427434588
179.5191201309493,75.07520681157915,22.62896332284697,22.67859792285642
179.30794428370393,74.26221711204154,22.337810222867724,22.87756773299173
179.85995312460722,77.30608758707193,21.94583305335825,22.486150881307555
179.24451224637616,77.05806636155384,21.777308113564555,22.282489984215854
177.5602792785527,76.80865803755692,21.67655561999434,22.08746294636626
178.50093964460547,77.38770222166565,21.8628035321926,21.61856412625005
177.89355629113763,75.82071051951544,21.708083745638223,21.32883129682549
176.61381082510968,74.32735573774829,21.556614219012086,20.926840287007185
176.61072478599652,74.38617749990073,21.56278629723843,20.809196762702328
177.3126837189232,76.81562556390418,21.493366311529982,20.62104321520276
177.1223377808015,74.86041827616155,21.21087470913327,20.552356918847376
176.52176873221018,74.34356539716943,21.09667631249551,20.270726183011217
175.87179317650478,73.81544670451936,21.093782036261683,20.024118180666775
175.99654137505067,71.65751874963931,20.844285639169918,19.807675633521917
175.79371462057637,72.4049541054464,20.609802817538284,19.59307758306815
