208.9,119.1,24.2,26.8
208.34378816229656,115.94356011075837,24.312423675406865,26.49265929403991
207.92112652224097,114.04925432084696,24.357851107208518,26.28179163231487
205.96520445138262,111.71802789309504,24.283041317014067,26.160259769525375
205.96798230349526,109.09024160295019,24.277485612788784,25.856116205579124
205.59815605229196,106.46534027563419,24.227730432521167,25.580065081491636
205.5870935534724,106.53783036348905,24.24985543016024,25.435084905781903
205.5788903757893,106.21718401187553,24.26626178552648,25.29399326226351
205.58908368305362,105.51603000608002,24.245875170997873,25.135432267035014
204.43712044883557,102.43232070729343,24.216921119802116,25.081836145589957
204.49944692022865,101.70968137815615,24.09226817701594,24.974457782397124
204.59426146451048,99.49964378188315,23.902639088452318,24.75849424115488
204.67343356049614,99.58818742032582,23.74429489648101,24.58140696426954
204.73211747908184,99.67776470271589,23.626927059309587,24.402252399489406
205.14623734334614,99.7456672518572,23.555027723588527,24.266447301206803
205.59282464123027,99.05719237272368,23.4149263887809,24.137250537552692
206.00138021272593,96.5117977512992,23.346646826593926,23.98621871477075
206.80352428901674,96.96411842966106,23.23312356455958,23.826959803320687
209.45192738841803,99.9989083197592,23.123939834386164,23.68609141584346
209.13753730206682,99.70252237491043,23.015567450113124,23.5417107485655
208.7916496030985,97.24291692324658,22.974169069305137,23.328705200681362
209.2147389309155,96.59953530362878,22.857164192224086,23.157120882811046
209.98492346194115,96.62882261170928,22.766056253186314,23.098546266650054
209.98438415598338,95.99894406517211,22.767134865101877,22.91375843923728
211.47704620898617,96.47023300003212,22.65934363950222,22.690563789618764
211.86970980457704,96.93398785507267,22.588188176549078,22.477225807766267
211.89772365160988,96.27455686916973,22.532160482483416,22.376705737614692
211.9251045578616,96.34446800921945,22.47739866997997,22.236883457515226
211.22975442020228,96.11411032570633,22.45978019214131,21.99343944796282
210.90550423145203,93.78994773687198,22.408239497013664,21.741477117234645
209.93178503115283,93.51151835133265,22.269923981530038,21.60308458295261
209.2832150116489,92.9036809060768,22.185276883247816,21.436972336174264
209.37169207881175,92.99312276763271,22.00832274892214,21.258088613062466
209.0789244169732,91.03520104091595,21.912522872430348,21.085920865482954
206.72989824016068,91.10996985172096,21.870808272147755,20.936383243872946
208.1139397712038,92.87023318121054,21.799080597808825,20.786300819577882
207.16176577983757,92.60768098630739,21.691663043807225,20.640816697139513
207.1889484525568,91.35002908982231,21.63729769836879,20.48971300122205
206.89877939736624,91.39892869303569,21.554279858522104,20.391913794795308
207.23148936770806,93.45342415342037,21.549366487701693,20.245962293205615
205.64506959054177,91.53514963253151,21.431635366930962,20.133826524859266
205.98661475806267,90.63377226181112,21.40303946270413,19.973097973855154
206.02523299546294,92.98796131773729,21.32580298790355,19.82518786099295
205.74033543660877,93.05848598652882,21.247658734158374,19.68413852340987
204.8269776979354,93.07778466591685,21.140941245059956,19.64554116463382
204.8891948153873,93.14228699780921,21.016507010156147,19.516536500849085
204.62576723247213,90.96975075201533,20.905155807377,19.394164412170603
204.67155750626438,91.05304749232327,20.813575259792536,19.2275709315547
204.38391166866148,91.44564903665949,20.75842137840951,19.072813399471062
204.4292217591067,92.14839554054268,20.667801197519047,18.921566602011993
203.5352700488512,90.92844765505315,20.585795707014015,18.86825049163637
203.8760136056875,92.85695800960544,20.52548495391983,18.73828794600214
204.2202048926148,92.91965925936337,20.455269355554336,18.612885446486285
204.25345913662875,92.0591934929439,20.388760867526386,18.488590545316676
206.15761196917077,94.5373056252763,20.252808643354875,18.428837535201886
206.22457624608214,97.03102465779821,20.118880089532105,18.313323108508325
206.56044489483347,99.83550604102976,20.052207335819674,18.14994123615695
206.32270786441765,99.87668746518214,19.926259248926797,18.0675783878522
205.75428463854863,100.83080347304326,19.866807434012504,17.95379377210842
203.998912007849,99.37664693846934,19.805095630097764,17.885059286827893
203.44529038504066,97.36740291259625,19.72563253033084,17.750075129731428
201.403828883905,95.96375224409394,19.678810449243574,17.607558550051387
199.66217741312013,93.68724260428996,19.64035112214884,17.46489480477335
199.11195926658408,93.70191317253982,19.572620508055728,17.43555366827366
199.7347335619832,96.06939930825033,19.49219774809933,17.361084720220102
199.75255015949304,97.88626386537518,19.45656455307965,17.208099679284356
199.80748512862831,97.92208419042126,19.34669461480911,17.1364590291922
199.53790757200912,97.95814182953387,19.31157552109432,17.06434375096696
198.1252122403887,98.30695777989065,19.27408733052752,16.939287621014923
197.5932070981303,98.06008516257526,19.198111678081847,16.863039887164447
197.07406283822246,98.07929185505049,19.101211340766355,16.824626502214024
196.5188157202071,98.13430420472211,19.080751239839504,16.714601802870764
194.5565584067159,97.91966289729443,19.061477247840497,16.580486043585914
194.03463872266886,97.68638295917091,18.983415216741903,16.48609522023658
192.9421540286409,97.46478689580648,18.93546965285584,16.371058608979954
193.53099601147287,97.54861300129333,18.869068775206966,16.20340639800625
194.10117169341908,99.81680401472298,18.832564364541405,16.082412184054277
194.40979114404882,104.00128575207191,18.764741027761488,15.954682176550037
194.4535649584841,102.96940557418631,18.67719339889092,15.83318381655188
192.60515804633974,100.87091132204677,18.572944628979105,15.686100784601722
192.62465795270055,100.67602659996237,18.533944816257495,15.53683677423026
192.38885396284644,99.92610191923094,18.46952429562893,15.428600634682914
190.83277314468722,98.63055945145085,18.38193710019651,15.353228210450709
190.0845042241032,97.35463308633156,18.286294207369185,15.25144638403024
190.6559335813824,97.9229645208403,18.198660528477937,15.170008550679972
190.45245668762934,97.43839568724671,18.080664866430666,15.08924731876027
190.5167950408295,97.22450126055828,17.951988160030336,14.995206683547174
188.76321024232456,97.00562811472913,17.830841770065874,14.914622119923427
190.89593926965895,100.64667475849144,17.68670453222355,14.844840261845015
190.934451361788,100.95751419449697,17.609680347965448,14.734980253142963
190.73469349270047,100.98205592262802,17.50033454382058,14.685896796880844
192.30417353569274,102.29990168217516,17.399685073497892,14.58213079083811
191.84965776044865,102.3271174126142,17.302393066089817,14.527699329960036
192.17714781529358,103.84630800941794,17.148197894394322,14.494027764319082
192.21944078050018,104.87881107763945,17.063611963981174,14.42047890183318
192.53699392017117,106.63805766178207,16.923881146084636,14.369613963666103
192.59841864894497,104.93884466806364,16.801031688537044,14.321237371752849
192.61664594026462,104.46809343024881,16.764577105897718,14.28328911413801
192.38055830358962,104.24008757533964,16.748200114294185,14.250748559002798
190.9333359971017,102.5668563952415,16.715987654861312,14.182777668055486
190.0065489490395,102.34796694975434,16.624818820928585,14.134370826515545
189.81458379121534,100.94611069854535,16.52474954419866,14.034085774663875
189.85583702378966,101.1944759893793,16.442243079049994,14.018196924155006
189.87773800278757,102.19878742283154,16.39844112105422,13.926822385378284
189.92134829506702,102.47110388875532,16.31122053649531,13.859355946588536
191.84166259310805,108.20381386929755,16.268470278879864,13.787571000904075
191.84137680323263,107.51989114747947,16.26904185863069,13.73665583356242
191.14684941351675,107.29436822086517,16.241767341216587,13.715591921175728
190.45547662073716,107.80075606927659,16.210463175864984,13.645516058293385
190.4721767905013,108.31153597747083,16.177062836336685,13.563434099428978
190.71372938502645,109.99818964165296,16.161859568231513,13.465440217681081
190.6983576870022,111.89851779956777,16.192602964280063,13.393490460209069
190.68624462034543,111.89841794051573,16.21682909759355,13.393690178313165
190.45008940769463,111.62375490566635,16.223362286319215,13.477239011435973
189.55471783142949,109.99725598486906,16.14520175782687,13.459655411240952
187.90243528789574,108.6387815247571,16.189597897713526,13.382173805309844
187.900467432552,108.41520341186938,16.19353360840102,13.36415779120106
186.97141521387977,106.56528297859067,16.191870036415356,13.344462639098236
186.74596313727284,106.59662118305289,16.178175761310428,13.281786230173793
185.3689152051484,105.2424919990518,16.15201853256518,13.209791505181855
186.0787710969061,105.51608678990968,16.11773666927698,13.124411896875161
186.14008786917339,106.46825124641543,15.99510312474248,13.059693856320107
185.2654654633742,106.71283315839776,15.916461151294484,13.027501728617079
185.08237328636454,106.0733918080783,15.827403044695673,12.940657047401796
185.36195171966284,106.09004369108747,15.72071591466542,12.90735328138344
185.37616479008472,106.33791401645009,15.692289773821635,12.861903790608016
185.16106236738483,106.8121318345755,15.673374897157169,12.811707598485718
183.84542564092757,106.83087351355749,15.616542172774356,12.774224240521725
182.52797514114027,105.52092149402125,15.572214079400213,12.714899186645525
182.56268640625345,104.00501098696908,15.502791549173903,12.632435343496372
181.26178715749325,103.11513625512443,15.449604330632042,12.642194329810867
181.27981833328155,102.01044637102437,15.413541979055422,12.642384631398745
181.08551145964012,101.57387944287149,15.36086924737534,12.632945529778555
180.46195593015855,102.45115672671822,15.28700866504163,12.639686483814122
179.84973273468557,102.69609973917743,15.193566476492272,12.589096652060853
180.1271772875803,104.25967251208102,15.075718741270663,12.52124070022873
180.1618250893497,105.77606399716663,15.006423137731876,12.527382291020567
180.21031501217664,105.81097560834206,14.909443292077963,12.457559068669681
180.04023173630304,105.39392417544796,14.819066069040858,12.430574384889189
180.08080265848233,104.35907591959392,14.737924224682297,12.3566915030045
178.8278706673656,104.38502646436406,14.686140001144759,12.304790413464222
178.4181749732073,103.34727228633199,14.656250917655479,12.257097590013759
178.6644597198247,103.59919611677205,14.587092472690706,12.176660977403643
178.90576216984172,104.67016037440118,14.525536442850555,12.139976813115062
178.49042164094183,104.47847449620942,14.517199463638233,12.10383955099251
177.44239427658337,103.87883213097153,14.519263899125493,12.046730105530495
177.87386099004084,105.98825779992579,14.492148209127537,12.006967452206684
178.31712272498882,107.4702133746378,14.439324455733066,11.961005310537915
177.49804192715473,107.51305758312425,14.416306061251571,11.875316893565017
177.5343065703462,107.53508242099257,14.343776774868655,11.831267217828383
177.5603669121667,107.3267114222583,14.29165609122763,11.836278821073098
177.37014890310985,106.92028239210153,14.261083039880246,11.827118742464412
176.57527870521156,106.93463168683371,14.209261169741266,11.79842015300004
176.58976510741041,106.95491186007511,14.180288365343525,11.757859806517253
176.39747553581788,107.19406525506996,14.156838324972794,11.687582200083334
175.61673851566013,107.01223379261447,14.09217607351395,11.644711052050761
175.6407759668664,107.24857748491523,14.044101171101392,11.576870561398964
174.2317831103336,107.25798463871003,14.041003540975915,11.55805625380937
174.43423492495546,107.2607413001697,14.038760357333734,11.552542930890034
175.0386276760091,110.08842140416627,14.03758555679196,11.532699330202483
174.64376131910439,110.10408117672752,14.02292161302851,11.501379785079978
173.6393423194761,110.12750447975544,14.024425396495904,11.45453317902415
173.66743284017159,111.55297578275825,13.968244355104943,11.40872063232479
173.47927989641954,112.5781322535477,13.945421499128628,11.354051408147942
173.49393057086223,111.21828045476325,13.91612015024328,11.28849661202654
172.71525954524202,110.04620236921487,13.887928236046115,11.254351834966895
171.9382883521149,110.04975897705467,13.86027855834341,11.247238619287282
171.53519162198984,109.85974734323489,13.876755469252206,11.232403612256174
170.34216902241477,108.69255283064973,13.893573210359099,11.19756517938326
169.76017136556493,108.70304109584433,13.873872369748321,11.176588648994063
169.34508625481266,108.12193227652432,13.916195937588816,11.15703630713804
167.97930685640887,107.91621342091284,13.887963413054754,11.174218115312181
167.96541313831548,107.93046323150938,13.915750849241528,11.145718494119121
167.94479913082915,107.97011116474299,13.956978864214172,11.0664226276519
167.35944546500318,107.99757086557854,13.947451749351565,11.011503225980801
165.96598493889545,108.033130442913,13.987754941384065,10.940384071311867
166.37888259520923,108.62235487465871,13.94562984104653,10.937440526255502
165.39710292535128,110.01682658100565,13.953474996976095,10.886496970862561
165.416474695514,110.41600700580787,13.914731456650596,10.869005161092769
164.24119082016634,110.44461646031883,13.927953815597638,10.811786252070847
163.8563057316894,110.83296107620362,13.92006641614715,10.812754596705584
163.85270823231076,111.0522558758559,13.927261414904427,10.762889002548071
163.25845673176028,111.66069814436216,13.951698099705943,10.710070781834984
163.05572202622125,110.32179650027642,13.969632866379518,10.675131559175268
161.89342519805749,110.33472438677612,13.97079485035941,10.649275786175885
161.13458103632541,110.34531918844961,13.941145027192588,10.628086182828893
160.77601331801583,109.36758894126469,13.886207280454926,10.653363718806684
159.436309496564,109.56398506496379,13.866340374171939,10.646182121292268
159.45850012192648,109.37354284946899,13.821959123447035,10.641876203221923
158.89195729282926,108.04210065944768,13.801716854269467,10.613662086063227
157.35918774467308,108.23957183283423,13.797865327804356,10.602393567137314
157.5499186248984,108.24867792875739,13.799834946925138,10.584181375290981
157.94952897784927,109.8014976859621,13.766943385966602,10.543858440654422
157.9781474089928,112.86937633479029,13.709706523679548,10.520184072305858
157.78877030383813,113.83954432330687,13.707715038023236,10.483576575100724
157.77893306850675,114.03897901504794,13.727389508686036,10.46482560081584
157.79607446229411,115.36139934840197,13.693106721111288,10.480773536333029
157.80054601338384,115.35275547024777,13.684163618931825,10.498061292641447
156.84042195674914,115.12640383593285,13.704435733472899,10.570769361525615
156.47791661748846,115.32487567415298,13.666467293330793,10.555315244417086
156.5072761449455,115.1529285335926,13.607748238416699,10.518551577938684
155.56583601194765,115.35958162104058,13.594817054682041,10.484407692988817
155.7493229503999,116.88573331316692,13.6062518276429,10.459373507658652
155.7579700149541,116.70274849074582,13.588957698534434,10.447167820404232
155.60292063442142,116.71556987399063,13.521344062585442,10.421525053914584
154.48693557154644,116.54065139936809,13.495740884779106,10.395099785900292
154.1366339134251,115.58094258027384,13.445462751258571,10.43731379968073
154.17491807599453,115.34132142466807,13.368894426119722,10.541195982246093
154.01806566771168,114.54608109027103,13.306721258374607,10.62816471379692
153.86757109580606,115.6813065090952,13.231373600755402,10.615734684731404
155.21168453465808,120.20403920687617,13.168005583551865,10.569785382314162
155.4231060295835,121.53286500038311,13.11842583433223,10.524976479718898
154.87971094120064,121.55671055537915,13.089886119527602,10.477285369726804
155.0917582941867,121.03080806266925,13.036357402509239,10.417392388285476
153.8293703884948,121.04020713170635,12.979713407332818,10.398594250211252
154.0372047240003,121.04884874295406,12.931645664010146,10.38131102771585
153.16290934809464,121.40703383593831,12.847318608906585,10.398107964513304
153.39740412674846,122.30415346150562,12.743890423286016,10.431675571814097
153.79585678128166,123.18774184432719,12.676015412345283,10.487074551485177
152.73159124861417,123.19057954931101,12.618352621566576,10.48139914151752
152.5629866318932,123.40094644508031,12.59217559692455,10.42405160806289
153.12266029975015,123.62235143504174,12.559002281284553,10.34329963483133
152.96697506551266,123.83729959248835,12.51012879355758,10.273647276140107
152.45774930492294,123.67108536610587,12.45347869699405,10.247708522990749
152.6818789845115,123.68028345570143,12.362296201162703,10.229312343799636
151.9821993213822,122.97117467376047,12.340148672027583,10.22602305228785
152.37265263499458,123.64473815922526,12.269207406502188,10.298826804756924
152.41161378774794,123.62784979256043,12.191285100995435,10.332603538086572
153.68114883558096,126.28225262312266,12.133048965365353,10.339870648467661
154.94548687068436,129.1217330513762,12.079730217660085,10.318869386249911
154.7945411902373,128.9548334011898,12.029160331223789,10.300207439292322
154.46469936995575,128.1167310506371,11.986084050843518,10.219512338039333
154.67729888791877,128.32560942551413,11.910302683076562,10.151173256444366
154.3622590151116,128.16691307583437,11.846085251719908,10.121417367318326
153.17474689760311,126.98668287882649,11.801361541999304,10.06212981659656
153.19921540142448,126.84736654717699,11.752424534356553,9.996727989860242
153.21717610154292,127.21415322593805,11.716503134119682,9.947609097401324
153.4068660247709,127.02306543612319,11.67800597634184,9.988901988352913
153.58440095480407,126.15884064065409,11.663887956571115,10.01259237781311
153.93449831229574,126.18503293091209,11.645921598842568,9.960207797297121
153.10097667008083,126.19804129260827,11.612989829884498,9.934191073904767
153.1248371279508,125.20601722077271,11.565268914144578,9.88383058160263
153.15273837684126,125.2217540233802,11.509466416363653,9.852356976387648
152.66830403325676,124.24576835147472,11.469874525981318,9.787407165096024
152.85448493112818,124.26725362132505,11.432010836023155,9.744436625395377
152.8454218614262,123.12611049262381,11.450136975427148,9.694165222417759
152.84861972989523,123.9686354239683,11.44374123848908,9.6725851078507
153.03137943948286,123.45894308014762,11.410469826473502,9.695225774012876
154.04774102013036,123.1156544105095,11.370338522855311,9.717605827396827
154.56677665902131,123.6180923107097,11.327782844586629,9.708245626509653
154.5698525665765,123.47211402459402,11.3216310294763,9.669171695940648
154.75351149907073,123.3292783370635,11.28462081171669,9.624535423772798
154.76712931016377,122.85687684754359,11.257385189530616,9.582282919323283
154.77149721655795,122.88766120802569,11.248649376742277,9.520714198359086
154.7972723572633,122.745690603712,11.197099095331557,9.477861925761374
155.30615942348808,122.75937103559144,11.155250133742296,9.450501062002512
155.31677619603556,122.77104722907005,11.134016588647357,9.427148675045288
155.31754208548864,122.7905963920739,11.13248480974118,9.38805034903761
156.14842329906887,123.76412007200142,11.08505231602616,9.378198909317057
156.82313648598972,124.7333667809744,11.023528131655345,9.371558775577395
157.7865475561929,124.74746043769552,11.02221977245302,9.343371462135147
157.62860154376108,124.92300958220041,11.017666375475056,9.312718594966919
157.79841621030994,124.9377427101605,10.997919003879614,9.283252339046724
158.91528181971208,126.24515205828574,10.997909003484425,9.221257892406669
159.08530083252077,126.59451064813132,10.975975596072399,9.158749949126227
158.9281417293947,126.6138101117183,10.973534530382569,9.120151021952271
158.77697430580452,126.60900760851572,10.959770080945887,9.129756028357416
158.00118491595788,126.29239748805769,10.931138024374087,9.13089193476746
158.01677366816682,126.61656916975818,10.899960519956203,9.11378721317596
158.49171371770205,127.23743999334728,10.89466993614903,9.131498253015563
159.6147664080803,128.50850168014324,10.85403353644214,9.109910857766003
158.5173350561023,128.52085095235387,10.850247093637659,9.085212313344773
159.7977737915441,128.84739319400623,10.798461385532383,9.059400770734602
158.86380641798323,129.44407955877915,10.791862370289575,9.115717216098512
158.84829596537554,128.3281843060429,10.822883275504948,9.154916891147781
158.5092488576708,129.26028486765915,10.872303945882928,9.176736403009716
158.65597983025376,129.26033339480736,10.894292517996625,9.176639348713282
158.33587924327193,129.08972451327125,10.902917344326992,9.202068937968853
159.7595975831293,130.3818040213009,10.902455924504512,9.148554597369404
159.29465929820262,130.87053971045086,10.885947099433368,9.117468613993992
159.46765550828363,130.5764812158082,10.85466117562868,9.076172610564706
159.62837558497935,129.82012848005198,10.846779863418512,9.021083876170586
158.6998902824504,129.83608337632512,10.828454548147045,8.989174083624272
158.71254537921746,129.8373245528348,10.803144354612904,8.986691730604935
158.88605123304507,129.85500052854462,10.767455233161366,8.951339779185256
159.0558144902705,129.8745646326661,10.738131485963649,8.912211570942304
159.37623107132546,129.87726900522057,10.71553843167658,8.906802825833374
159.08223962187262,130.0314500549117,10.686151578787122,8.907125602348728
159.71039440558064,130.97457561727154,10.662791637599629,8.87029891697181
159.56703315445287,130.8434986332239,10.642230387637241,8.825169132849148
159.41956332463647,130.7065011842371,10.630930870841228,8.792924854393913
159.26916112471807,130.5647727505591,10.62619033996829,8.770836791040225
159.27658387949467,130.58309814106744,10.61134483041508,8.734186010023526
159.27380779029735,130.8926227147682,10.616897008809696,8.723727384973781
160.9603544980533,134.4046203284014,10.59013286277053,8.696602448423095
162.80866713208638,135.4880903743982,10.533850923730823,8.65319596502826
161.77647006741836,135.49818497864996,10.4856791117594,8.633006756524772
161.64453011105354,135.06408983922557,10.448830972210045,8.59901287853647
162.26488462634592,134.1848305195181,10.406570768348132,8.559858277867155
161.54894950871744,134.03875426115562,10.346792223599863,8.55368103859106
161.72606782871384,133.6090746066521,10.289865771849207,8.521109782871667
161.9026994945549,133.7786442917974,10.232510708031365,8.47787868044531
160.75692789367122,132.6054229329458,10.169432211744178,8.46969970009394
160.77473449966135,132.61228423927696,10.133818999763902,8.455977087431599
160.79787441759785,132.6159697793856,10.087539163890863,8.448606007214327
160.68256729517805,132.33096314094024,10.0265310092729,8.435374485189886
159.83552812009822,131.32294673234458,9.977797805212292,8.418127155790891
159.86683345521007,131.33006504370206,9.915187134988546,8.403890533075936
159.8936941896185,131.0436893268013,9.861465666171755,8.40015421669355
159.78156329282945,131.20104299566015,9.798373174800739,8.37280116392498
159.95029322211533,131.07267090134013,9.74685330073124,8.343605368062775
160.11855439487255,131.09876034231712,9.695005720354928,8.29142648610878
160.5643428692797,131.12589324689034,9.652534403454704,8.23716067696236
160.30639930305145,131.85886044251274,9.605407610338943,8.178761099648119
159.9044094267946,132.1656171757948,9.56986654795413,8.124928176349641
159.9176432981783,131.77250296907275,9.543398805186696,8.075879130576674
159.79566153924313,130.94625420057807,9.510134094916921,8.06500729872503
159.6769813372244,131.08494047108942,9.470954627977568,8.064174628679181
160.5158698448541,131.22606555204075,9.448706680574528,8.057845978085895
160.52304239259655,131.22708013045715,9.434361585089626,8.055816821253096
160.2497433355521,131.38351301950473,9.430515877983394,8.01817295375546
159.68917170595324,131.4068249925437,9.453429648674376,7.971549007677562
160.2347696813676,131.4207038161427,9.458877382586588,7.943791360479551
159.69273547276052,131.29590473405239,9.447753806356122,7.919591526299056
160.24488295188783,131.04080927273057,9.43640557007851,7.883309087954123
159.9643147875501,131.06976458969874,9.452587655990511,7.825398454017797
160.36439638848088,132.18365678694738,9.467801777032737,7.771953587263777
161.58050993916817,133.42643812340134,9.476047343711153,7.726863582408871
161.58072139738152,133.57713698615134,9.475624427284473,7.696027502904812
161.7239437301026,133.7151291574338,9.459236182355836,7.690099580853412
161.86720442529943,133.71196849955913,9.442423570061274,7.696420896602753
162.27233276649713,134.12253399956825,9.440824965980097,7.683947974898704
162.6728976752906,134.8102218045981,9.44767441227397,7.65520447130712
161.8613077278901,134.26954311940455,9.457054600460436,7.660695370617805
161.99870725935838,133.58721229788432,9.451455060229188,7.679359400131538
162.13831624667841,133.70161527969694,9.441652594705333,7.719968945622493
162.5392926788013,133.96605863618885,9.449464344126849,7.730925308416877
161.86234965987373,134.75015982902428,9.452256822356004,7.784035194297241
161.59938694950367,133.63631025339566,9.435942943978905,7.842777149085713
162.13959963931555,133.6144888194478,9.442783599556712,7.8864200169814085
162.14081872181166,133.59637300524128,9.440345434564524,7.922651645394447
162.40409555927775,133.43210207803412,9.460135271920892,7.978021743664498
163.49118330234873,133.9622975328302,9.48090829891591,8.015105090640823
164.5820095702939,133.8103266405701,9.50154315319709,8.043760951389592
165.13357470364474,133.38120721122198,9.502674761725217,8.073803403663476
165.1414683552504,133.52211590794047,9.486887458513873,8.068552187180023
165.42285468762137,132.42600191023544,9.476590701425875,8.050876551974381
166.24574386868647,133.5402044513732,9.485580685803102,8.028829265042132
166.39966305828236,132.99514270891487,9.453321170143393,8.016637295830582
166.8230717018544,133.54298633601215,9.431158225162166,8.020489164519802
166.68976830655168,133.40476629991227,9.42316048053695,8.022324701488944
167.5174358663522,134.2327213280986,9.414888572620306,8.013477856800687
167.52263355997795,134.09968099505915,9.404493185368844,8.005317974129351
167.66360102854432,134.11030597754694,9.396507059768808,7.984068009153773
168.08742422512432,134.26071730184066,9.369312068605549,7.956729161231948
167.95734413192378,134.54473580109266,9.35684801323071,7.93394064627985
168.0922245122988,134.41824271766643,9.359152537215419,7.914861528397544
168.78164120452843,135.63690966671774,9.339288657202431,7.923672738298138
169.195275541939,135.3659995720576,9.326907132831224,7.9222348273184675
168.664870788958,135.4920813476518,9.302057586163158,7.941486039287565
169.48535203776984,136.17505790493104,9.289137848644968,7.932235224816958
169.48321828683527,136.04834205832702,9.293405350514117,7.914674732394122
169.33819036659756,135.9072929625718,9.312685342822563,7.925997075737669
169.2027084796026,135.62907112177822,9.312393470551504,7.939929464802782
169.06348175221626,135.21185449167544,9.319371812267985,7.959937385839872
169.05656275405173,136.02975007179822,9.333209808597054,7.955573153222274
168.91681062595347,135.612502718972,9.34066594527755,7.973923500326544
168.77747326368387,135.198816158273,9.346882424750383,7.983921886525496
169.1864140673125,135.32890093155058,9.34714572660763,7.996467309675173
168.77339953446366,135.46821244177585,9.354412921223016,7.99076491291875
169.18764337172254,135.61579485556513,9.34474910636298,7.968541371892725
168.77906459978732,134.68789550653676,9.34460219422187,7.917296339255777
169.58851565374667,135.10956785897056,9.355351116224291,7.8887771493487
170.13892208132012,136.21066351945186,9.339800000451445,7.857109307134091
170.1406114620271,135.4162436342072,9.336421239037486,7.8225548287915405
170.002429882779,135.44151206699942,9.342827347829786,7.772017963207123
170.0120841751077,135.7186812148789,9.323518763172409,7.756162017075877
169.88762567046973,136.6679073732555,9.303747704905831,7.738526173120262
169.88252231510359,136.6925318681045,9.313954415638158,7.689277183422213
170.5650028125235,137.22677500398018,9.286301732164189,7.690637560763582
170.4417018526076,137.1041724216133,9.26584567007784,7.668784743579236
170.31533141740132,138.05438354744373,9.252196097903486,7.633095590026714
171.25376729851283,138.07068607994273,9.234554533832748,7.600490525028713
171.25717963838127,138.09138460293983,9.227729854095884,7.559093479034534
171.39474943388208,138.10857320897637,9.216622977771618,7.524716266961459
170.4779780632849,138.12504214807984,9.207021378472225,7.491778388754469
171.2751387063007,137.34641479863404,9.188457155133705,7.473276024952926
171.01875683483644,137.6231845383877,9.177137491354943,7.4438199521529675
170.63347926704154,137.89783582234418,9.163518744698097,7.417299972404452
171.2958101070225,137.12980740289092,9.142622005761693,7.388838882080319
170.90396640232984,137.4041829042268,9.146395036854905,7.360030798269946
171.28658082977816,137.5514825241155,9.159854806475531,7.324994433331646
170.89903258381264,137.69516664745086,9.157346545549096,7.2968277709467815
171.55361234611874,137.96353402008668,9.14171903054931,7.277505829520095
