218.5,138.5,9.8,9.6
218.40534251079873,138.0477934994065,9.905838235079491,9.504413001187029
218.95664766597613,137.47184315542307,10.025855544843786,9.43368606903475
218.44385145944426,137.5110284067413,10.132205959824867,9.355315566398314
217.47113449288446,137.55324749078613,10.236665118306599,9.270877398308613
217.57832816051288,137.5931556828226,10.3293890393021,9.191061014235704
217.52843747923524,136.55482425749963,10.429170401857391,9.116778124978497
217.03324377377325,135.97699069498162,10.496647709449638,9.04189844557219
217.29698130950635,135.69212507362434,10.58413333807255,8.99666898819768
216.9687521089536,134.4870610952639,10.624380455659333,8.941951810843554
217.2563739818467,133.4366488287309,10.66482933224823,8.887852165596527
216.32171029483615,132.37767329805055,10.68856764130124,8.85261598449444
216.47468693877732,132.09120715656812,10.690009787830377,8.810757398636254
216.95124459094467,131.94962596909897,10.657120461192696,8.787177781008895
217.11250122324313,130.73728675509534,10.640462415041652,8.765014461448807
217.1200731624802,129.99570645008828,10.625318536567525,8.721969797196474
217.12933368061834,129.88221753555072,10.606797500291211,8.644634741414407
216.83888872136762,129.00046459676213,10.582130967997523,8.59147126660607
216.08899329663916,128.2678596278625,10.574224944285902,8.548984331236786
215.7776798177446,127.53758880796192,10.59539111136995,8.505873994275294
215.18948617883817,127.54218672883341,10.570350246612893,8.496678152532319
215.18783485994078,127.2590822968387,10.573652884407673,8.463239245078915
215.18315056428762,126.37321392968337,10.58302147571401,8.438979935345127
214.73819037663682,126.23198733824853,10.575692897750324,8.422350133793017
213.85924341199404,125.0424243723508,10.541381202171497,8.411868565769355
214.0186450384745,124.00460228227988,10.520582959839114,8.401477671511895
213.42613904774782,123.41955608889616,10.515524252549891,8.381499369536762
214.03036009683294,123.42484723953842,10.495546744609632,8.370917068252226
212.8489036854934,122.99441622506313,10.485353152855584,8.3418641917904
212.56793844828965,121.68317029275347,10.455261960534072,8.300258556129148
212.4320129320301,121.54303038861424,10.432238287787552,8.28566365914196
212.44227443023658,120.54415591725362,10.41171529137457,8.223416732751826
210.39897217196756,119.40278033390824,10.396874699045286,8.162484980089806
210.41813801899357,119.42631731478535,10.358543004993239,8.115411018335566
210.02540717734968,119.43052661936898,10.272829392838624,8.106992409168313
210.36193993802752,119.12569662856737,10.177650230400264,8.138766031854193
210.11095945795108,117.6837601015682,10.103610416845148,8.142635217312598
209.13664222131376,116.24462028132652,10.043753889244764,8.151641999403111
209.01534962763793,114.93534461202,10.000184989831402,8.19480655713037
200.0073094467542,120.7778711293414,9.986770917195612,8.243234027416653
199.0385626285333,119.75719839013901,9.916956811788447,8.27727176397252
199.92099108608065,119.31099872969278,9.86949339900051,8.310974333711584
199.2402566355437,117.7377866462537,9.800745011435751,8.310920465584653
198.41927540755543,117.0220016567258,9.732817045877432,8.317581760028059
198.15742115141055,115.16598239798175,9.688446082778725,8.337103687491071
197.85989654848663,114.88363551715463,9.716160426849843,8.334462587368598
197.69845582751853,114.3322711834422,9.754988360309722,8.30097722088799
196.6443877705746,114.05471317481927,9.874317152089903,8.28786257467457
195.87411686538817,113.08210812797539,9.986130656421812,8.23285303990495
194.68103014778026,113.12140247732069,10.07965767185214,8.154264341214342
194.78416948483422,113.16383853126638,10.160126879988855,8.069392233322967
194.03846230268456,112.92509328553359,10.218508073844461,7.973669456611052
193.67694160632604,112.4422220003051,11.231479966180135,8.975125381092463
193.67694160632604,112.4422220003051,11.231479966180135,8.975125381092463
193.67694160632604,112.4422220003051,11.231479966180135,8.975125381092463
193.67694160632604,112.4422220003051,11.231479966180135,8.975125381092463
193.67694160632604,112.4422220003051,11.231479966180135,8.975125381092463
193.67694160632604,112.4422220003051,11.231479966180135,8.975125381092463
193.67694160632604,112.4422220003051,11.231479966180135,8.975125381092463
199.12975504218352,101.85521260576733,11.286103664057965,8.925771872426262
198.82883356932075,100.64229007328454,11.252438221221125,8.80958338314211
198.85004884974845,99.57947015180875,11.210007660365719,8.727764377948253
198.8908104778896,99.61186112389036,11.128484404083409,8.662982433785034
198.16862575873384,98.54561675475036,11.017496570636602,8.617970991603409
198.22581475362023,97.34343893374724,10.903118580863786,8.553189066047679
197.3277923866953,96.32299988387417,10.864127355921582,8.453191880536398
197.83167559707869,96.20863257768694,10.76721147985163,8.378309644678591
196.82253821564873,95.32538331554872,10.679067728722872,8.339306585536166
196.8628596503975,94.59689816595038,10.598424859225352,8.301602973026968
196.59318588576298,94.46781474927363,10.54359583828197,8.262681531274268
196.78087437904324,93.30301038278438,10.463835631390715,8.227356026898693
196.36512307788482,92.29462445536626,10.413871565210282,8.187372321907938
195.3825981558549,91.12877646432462,10.332066175336587,8.179805179495753
195.55782914507185,90.27391969734882,10.272636734265427,8.143323489271028
195.59935798352123,90.29133590322256,10.189579057366627,8.108491077523544
195.63990016995868,89.14775956714165,10.108494684491752,8.094105454056884
195.52460934669986,87.60136857173823,10.052860370377823,8.03851187791605
195.41304714194933,87.05302061620273,9.991523125866989,7.997361172939687
194.7280168005328,85.92574752888609,9.947313719593474,7.989075205002428
194.89446510772547,86.08552546526721,9.896458753962905,7.951560980994955
195.05821072175286,84.98024422000047,9.849621197067814,7.9168941022514145
195.08634648318167,85.1450927304645,9.793349674210148,7.866570536626659
194.119187208447,84.17702901911873,9.783804263779007,7.858833999417666
194.13810885420463,84.18818608043856,9.745960972263726,7.836519876778024
194.15680344495723,84.0685683338985,9.708571790758551,7.799274404923577
193.35292210072126,82.97287941681967,9.664510875979555,7.788220768080001
193.78666714429158,82.99116105405986,9.620367204119226,7.751657493599632
192.70618256921932,82.04391037690209,9.595902735659731,7.733904431636641
192.59047624030654,82.05743799367721,9.554799151997196,7.706849198086388
192.73787253441353,81.66452828965299,9.531453831811886,7.678326802048921
192.07021721930533,80.86632342317601,9.51362904937892,7.650974039823715
192.08422639169683,80.87054646364535,9.485610704595933,7.642527958885045
192.07309737413033,80.74925327728455,9.507868739728941,7.6157705527767146
191.9455929663585,79.8260428008095,9.493625813590803,7.577429313954258
191.27858776294536,79.17053092130358,9.485577346188967,7.546394198737956
190.48446956426366,79.18570331648584,9.467103429635648,7.516049408373414
190.89279804051694,78.67076054816751,9.451475396698253,7.477896385584588
190.3629112788602,77.6124172608134,9.446644950261522,7.465375020792412
190.50625847507794,77.22190485475734,9.425824281087543,7.448778663120044
189.85800529911313,77.21441676192782,9.395903548199305,7.463754848779066
189.87947854649,76.15499077659322,9.352957053445627,7.46204528831222
189.75550722674734,76.03359588560821,9.336515421091393,7.44045079844277
189.63023015301687,75.65637168410967,9.323287535296863,7.403553101673379
188.72105025644856,74.61895067830847,9.30078214634766,7.3745491908920116
188.85338919710213,74.62069305848676,9.298269536885995,7.371064430535402
188.0710294831677,74.10102482702142,9.290567620945346,7.362119997593109
188.05230211347646,73.06043330178031,9.328022360327868,7.348846488540103
187.79894899933174,72.93228496303175,9.310398434228716,7.342978088842924
187.92324126822805,72.28247151549466,9.323613855430454,7.3336051889453575
187.13363998391193,72.28148950676886,9.331716458745275,7.335569206396963
187.00320903315978,72.27966996390897,9.330572448306238,7.33920829211676
187.00633932370656,72.15507252047708,9.324311867212646,7.326355647591988
185.95442338691328,71.24610252576005,9.33420068396897,7.31209546229954
186.09133113701182,71.24123752164863,9.322047599950192,7.321825470522376
185.97367027552687,71.24704526993939,9.295734706538566,7.310209973940857
185.8462223088459,71.2481468380724,9.289587447980686,7.308006837674834
185.97279511017715,71.1290871672059,9.29735515826112,7.28521286646495
184.92002663378872,70.74891844732444,9.31759818783099,7.263565085025222
184.65339473128438,70.75034520241587,9.329623358274079,7.2607115748423645
185.03742897522227,70.76242396948496,9.343825083809334,7.236554040704199
183.9823037904489,69.85427270355581,9.369430728802863,7.228792438578404
184.10307681430083,69.86570836179013,9.388730004101959,7.205921122109784
183.971862043126,68.8247240830973,9.390392267021863,7.201751444057831
183.71789761654145,67.91258106105293,9.376871768845264,7.200964758436596
183.99672583086118,66.87904007114955,9.340226314976864,7.184002839159084
183.88350191387448,66.87991978865952,9.307004521802726,7.182243404139157
182.85092426415335,65.85084446226817,9.299090410903732,7.167324646580531
182.9985981808214,65.85740318668762,9.262512359648635,7.154207197741632
182.76169456591424,65.22084743323833,9.220324631816323,7.137331310523593
183.54283871460225,64.32501965832213,9.200505569873394,7.129439419017375
182.6635649938357,64.07845548576186,9.162524649302261,7.1092739463938805
182.679540268757,63.074579005234675,9.130574099459702,7.071120738011369
181.6684967521,62.9475685887867,9.115629485976903,7.070512615057725
181.8056302823991,62.69267930636869,9.095753130552376,7.071509769546317
181.81475264503806,61.67218053424439,9.077508405274479,7.0796820170730514
181.957120858386,61.044959173657034,9.046729177202014,7.064338745130897
181.83923969335373,60.677319698013335,9.029254522240423,7.039906741340097
181.7235213526393,59.41954982931363,9.00811881336871,7.029722575733787
180.85734455609315,59.29131738527182,8.97588749952759,7.034103905684065
181.75154897706366,59.046771882913454,8.9491113852395,7.019871273928511
181.25817727292088,58.30370944427343,8.931771537841405,6.999871267683013
181.39467250809693,58.18642756663298,8.909211502480773,6.9840045879724775
181.41149384665567,58.06409675917181,8.87556882536332,6.978838827546652
181.54181645826003,58.20543618380996,8.864152232134112,6.945388608249917
181.43277888471474,58.96214951064922,8.833717071170556,6.923023802896342
180.45484709234998,58.97116484306071,8.808131533737342,6.904993138073354
180.45715055852844,59.96740604802149,8.803524601380474,6.8884836698617935
180.09410675367295,59.974706447454125,8.789638954862086,6.873882870996529
180.8341694435551,59.98827061162017,8.786761351054373,6.846754542664423
179.5991863962171,59.138006406651115,8.799500002393186,6.82722374226648
179.6037859247963,58.16058127159035,8.790300945234765,6.81727689137559
179.7248161636895,58.16530874093914,8.793537621463972,6.807821952678009
179.73697179915177,57.1845683936877,8.769226350539414,6.8077612059387205
179.7422662016012,57.1887843336141,8.758637545640585,6.799329326085913
180.22871439939615,57.190728647077805,8.763825736257065,6.795440699158504
179.50329272328128,57.19856987803372,8.747446288273144,6.779758237246664
179.6251267237187,56.35250581713289,8.747809842054368,6.763665476455629
179.63568697124106,56.348215529152284,8.726689347009653,6.772246052416835
179.76790196173712,56.3535664437865,8.70585145064547,6.7615442231484035
179.41190966314386,55.500183932723864,8.68853771830476,6.766613143043409
179.30137536499504,55.390930448551984,8.666689041759325,6.74220283854404
179.1921992262871,54.43252651417687,8.642855211951971,6.721521849508995
179.07904234337187,53.478059776011925,8.627683709640069,6.698573180699364
179.68679145624145,52.64171320738784,8.616585068051196,6.685106900137041
179.57827359137642,52.536941960762825,8.593129677987857,6.654158273593652
179.2296400700285,51.70735972412589,8.571510038260808,6.635920487880658
179.46629217433872,51.59037480819785,8.57620911302128,6.630888678046253
179.94981408012708,52.43791454817132,8.565131272013062,6.608749646594201
179.1177103721839,52.32561837339078,8.560106744339055,6.594880289932383
179.84487665964605,51.4963679464678,8.534728342814926,6.586267941478181
178.89508508614693,51.02812222141683,8.53326212628304,6.572234709815092
179.13668669888483,49.60083679813463,8.524819220661165,6.578243637255995
179.14076335363654,49.60969194420728,8.516665911157748,6.560533345110699
179.6189642734268,49.02583032713748,8.50800844698413,6.543576109991656
179.74726753387978,48.0837283150594,8.487929521214536,6.535559373056887
180.45864048575342,48.2153701508517,8.481726020733458,6.508366102016671
179.87440990594726,48.930567335591256,8.472424646475556,6.491286773181839
179.64968006570604,49.64344632169271,8.451620120933015,6.476321419053939
180.35773414541902,50.35941887314174,8.442935619478924,6.451799974127754
179.66006095365998,49.43290425256512,8.434052741714973,6.432523533571654
179.20345848552984,49.43193027572198,8.412904664642328,6.434471487257939
179.08607385979465,49.55198995131105,8.414376500607752,6.427649551584693
178.98069272690307,50.47920836781444,8.391930163579685,6.438881541068139
178.75061562219662,50.59670570597301,8.385985868837945,6.436936116828302
178.97693884438928,51.07185087734052,8.399193046268234,6.418353017724481
178.74815949972435,50.38517828279569,8.391101069005046,6.3947462070350705
178.9850492942804,50.5067389686847,8.3819550493684,6.383941619994755
178.17357736364548,50.51791179306641,8.380891929097114,6.361595971231334
178.2913603660183,50.52619286447495,8.376945988869409,6.345033828414261
178.62653116039144,49.71407321257477,8.400472873399018,6.350246694570882
178.28788417508162,50.64978950739338,8.382567351417235,6.332679418537474
178.50859905909692,50.65251449295449,8.403484315911449,6.327229447415257
177.69841592596273,50.9012319798159,8.404029868064796,6.2926003920110265
177.81699308427685,50.90559571289569,8.397720641513134,6.283872925851446
177.12600641588506,50.102712885494476,8.396056152739181,6.275394450836683
177.4798930365409,50.451448616221946,8.379609737094285,6.269249815048491
