163.7,112.7,20.2,19.0
161.0680007875501,110.12757407955098,20.14324479875727,18.824098214755505
158.9712783147437,110.21163067929453,20.041692519164325,18.655985015268403
159.00728195592424,110.3031381683619,19.969685236803237,18.472970037133663
156.62046843152493,110.3689289194746,19.90106088412336,18.341388534908287
154.25968751945905,110.15190243803737,19.805678151160915,18.173323428145956
152.17927351118016,110.24175776924757,19.780811450597117,17.99361276572554
150.09906846041153,112.42381047956013,19.778277109883753,17.79245178735105
148.35055422712426,112.50158456592033,19.726555370693596,17.63690361463067
146.61710083611987,110.79190895458348,19.664437196304508,17.52722988090647
145.1991414532796,110.26529736921866,19.573087287559346,17.409545581865846
144.37235156220308,112.6420712431949,19.480203691922252,17.313233508020335
142.11324793470965,112.42017488691158,19.36502756122044,17.17785329737591
140.40230725303914,111.30225575838863,19.335584788243693,17.112808796876664
138.7139375713893,111.03813905944291,19.26998285685491,17.067318645653327
138.48143732114576,109.07036112158757,19.163005282376623,16.999027996606852
136.2480659173476,107.13800817736427,19.07594112352365,16.8791527894103
134.594645490053,106.88264435652768,18.987035910921847,16.823922753218334
132.69010424036819,104.6374592484664,18.850254518976335,16.804734236409235
131.05674338075366,102.68785133253758,18.7493872449398,16.77509624279041
130.8324743654365,102.70695233641676,18.638700621047708,16.736894235032036
129.2173040748866,102.43140752054774,18.52767310977479,16.73108918470797
128.42503148932948,102.18058566956144,18.44699068303819,16.67765702073026
126.55379903563227,102.22402756267124,18.318675499877713,16.590773234510678
126.01011871748852,102.24620726711996,18.306862705741807,16.546413825613243
124.35670956329068,103.3823500198158,18.321508447657564,16.468910031208168
123.83831450239644,103.39634607287597,18.262925817414693,16.44091792508783
123.29656036499138,102.61590137539233,18.253776316259422,16.362820656107036
121.14994693829068,100.44500444479503,18.18748408712897,16.345095434769764
119.56642419823999,98.28085791249185,18.092769844191352,16.32437553532408
117.43344781699443,98.01579363159053,18.024135428524332,16.31268069985698
117.4669955303745,95.85621245213969,17.957040001764202,16.307288546943926
115.84977516689857,94.53595730619062,17.95484468537844,16.250602136060714
114.53064986096244,93.48330915516891,17.9005889026391,16.20189332241486
113.99824488771168,93.47095984995171,17.891638100673866,16.226591932849264
113.98564831458566,93.48636677053346,17.916831246925895,16.195778091685767
113.43592557106649,93.50079047589107,17.94220574921709,16.166930680970548
113.19790036627492,95.64955045451887,17.881286319793148,16.165169435771386
111.57394932205563,95.95322273365676,17.913222292090104,16.093819230185883
111.6253377918486,95.98691283254824,17.810445352504154,16.026439032402926
110.03168293503464,96.04093814822659,17.801680271398517,15.918388401046242
109.78608901328012,94.48787813253927,17.762050505536813,15.839602776196564
107.68870441647275,94.48731510558257,17.725273007019894,15.840728830109963
105.85261687071251,92.65016944938766,17.698717172868605,15.816289216828011
104.27381388368224,90.82875509758126,17.69079991314807,15.766007481029508
104.05229270663278,90.59173435273168,17.607181437236047,15.713388140717761
102.5199599145487,90.62603553687734,17.524718280325995,15.644785772426452
102.5759556836629,90.41022847632568,17.41272674209762,15.554255281394724
102.07899007710411,90.43269620384345,17.368740370894077,15.509319826359203
102.10532075736754,90.45269345233334,17.316079010367233,15.469325329379402
100.8249810535942,88.66034062579713,17.296254587617764,15.44132562003724
99.3070465518201,88.7156594018952,17.240050528716072,15.330688067841114
99.02560528568311,89.51458771261768,17.29022842705592,15.270945348198484
99.04988907406427,91.34596128486172,17.24166085029361,15.195892965347522
98.78925557835704,92.39517016825066,17.252354266545304,15.139769499220721
98.83298870881104,92.41749724868606,17.164888005637287,15.09511533834993
97.59599251102526,92.4418300791998,17.10003002891206,15.04644967732245
97.3927728101994,92.4739196415565,17.00048396320009,14.982270552609034
96.42502765316195,93.25477316454864,16.92231562579922,14.930807495231631
95.4570899428562,92.02567710100853,16.85267575298654,14.882105505531593
93.99954660778673,90.55372081848621,16.77064598924603,14.828901636696768
93.28392451308055,90.56889206608709,16.70970296063209,14.798559141495025
92.06088776217875,90.84213900774284,16.675952160233326,14.748030118623987
92.08410052022779,90.88227157191352,16.629526644135233,14.667764990282631
92.10543525057516,92.38542638842628,16.586857183440525,14.617227050237895
90.43148345555366,90.47390179343489,16.496654028664867,14.511011388999338
89.96934431990594,90.26826351186604,16.444813654952394,14.434228629633123
88.5131952746985,89.56459202947671,16.440953582935627,14.383492513195957
89.01937877108776,89.57507442420047,16.398894462994264,14.362527723748459
88.8335002861501,89.57909283465607,16.28648502404586,14.354490902837249
89.80460987124098,88.4159954318137,16.273446639852295,14.269209726036696
90.31253671548387,88.447850002691,16.219048446095513,14.205500584282115
91.06713922517467,88.01494528918656,16.146436511890265,14.113581287840093
89.4699938091442,88.060417365266,16.006859701247336,14.02263713568122
89.49428170474421,86.9084959698406,15.958283910047333,13.963243412392995
88.13887435418135,88.61991056279867,15.843439232089839,13.83701683540723
88.41602086823204,90.31842673410874,15.756287885151616,13.709976260928915
88.22988498268045,90.08439315704301,15.664803824898689,13.714287583704273
88.00213155894568,88.96423983430076,15.657902801789437,13.642554876294856
86.23411716922064,88.99236881667183,15.504718975146844,13.586296911552724
86.45337230970445,87.8789138397492,15.524085822831712,13.523821222135403
83.72546883608648,86.54687035452862,15.493779175041954,13.444851395063713
83.34616962554755,84.96973387978393,15.341495982562012,13.411038697100732
81.39945508488147,84.9886672187929,15.162059586208626,13.373172019082801
81.65431117333515,85.68186265249425,15.101500320815715,13.334239886223518
81.44015464257595,87.72704896949529,15.082222710706992,13.272183296865599
80.12863382657935,87.53776575113076,15.027472935706362,13.204451165762327
78.37118715193127,86.02124986143565,14.987442757112102,13.126924858248424
78.3987774101493,86.03424575459627,14.932262240676046,13.100933071927182
76.65365079112411,84.90545161399471,14.892658864058866,13.15236096896308
75.11768835244722,84.91175406712951,14.874495188488682,13.139756062693483
73.58996454380836,84.92201055064946,14.843238194481616,13.119243095653594
72.28460144986879,83.4030895978008,14.813095869454925,13.076071736294082
71.19951488040635,83.43866224739105,14.788336652712973,13.004926437113575
70.5521907579492,82.60219272756585,14.770593327680523,12.928010050168279
69.05214206731895,80.88795284502899,14.718990831714798,12.868832812697718
67.97960792508778,80.89317848714332,14.693011136762767,12.858381528469058
66.48037284503607,80.71443384458576,14.656003768433706,12.782231166665277
64.97427521176269,79.44204979501667,14.645275475558046,12.735921929155634
64.35807627579062,78.82681300155205,14.584859990272568,12.673582158855295
62.65127956387121,78.65106959757536,14.566430058417247,12.596066047346904
62.21707222460697,77.15394264702662,14.579895950118347,12.597999194548594
60.725408063010974,78.22456540075464,14.569227995658167,12.595322456844103
60.72886998807276,78.25223836090056,14.562304145534593,12.539976536552267
60.106736247658574,79.94705563273091,14.527040385338099,12.562425302291228
60.11711441529131,80.1578237648472,14.506284050072617,12.567214231829618
60.166420122150015,81.88369865190445,14.407672636355208,12.524111084513226
59.76849323155623,81.91011599938244,14.355800053407012,12.471276389557271
59.78995540549018,81.93732618652466,14.312875705539096,12.416856015272836
59.17185419504244,81.97107185006011,14.2870506395733,12.349364688201906
58.12176298428652,81.98579700784174,14.291265368601588,12.31991437263866
58.321038819722126,81.79730765021272,14.311499820781128,12.27810696484595
58.5204316421871,81.18552859254815,14.331141926455373,12.246381828362466
58.76982054774634,81.21446320245734,14.250585763014257,12.188512608544102
59.41539800483045,81.64197990536843,14.207571977838906,12.165573288717159
59.48366099948052,81.66709773334777,14.071045988538764,12.11533763275847
58.891261169699455,81.90399563070291,14.019556528655087,12.053638211196807
60.56008161155245,83.35917574873673,13.964392416813553,12.015445150510573
60.57146688607431,83.79884212356076,13.941621867769829,11.953799186555482
60.38632675366625,84.03963235112971,13.904400715253306,11.879720148750197
60.40672548815766,84.8888952725882,13.863603246270479,11.804138549370144
61.85175976700045,84.69552357973079,13.800771655473898,11.786990939815132
60.264956495738595,84.69020484396424,13.75321988387204,11.797628411348223
60.50394502058772,84.70713932228023,13.67732365295982,11.763759454716254
60.11921094989162,84.74678265448071,13.646064691143566,11.684472790315294
60.13519099664317,86.57839945621541,13.614104597640457,11.608701860472095
59.98233084666848,89.59283215066245,13.522929338483648,11.533269858170618
60.01648367725016,89.5974344074105,13.454623677320305,11.524065344674524
59.05578483395788,90.02074158998258,13.410664601924072,11.463593684322685
59.083709669314594,92.97242402163863,13.354814931210635,11.431535845666069
59.12106237081353,94.34816224675401,13.280109528212764,11.41035585584568
59.16010262790148,95.7302360563102,13.20202901403687,11.36604004812546
58.01633724565335,97.2875895196399,13.169788520634592,11.344361465330795
57.05974817074659,97.68707517521975,13.154056987907124,11.316954027187478
57.098415198097484,99.2505774176335,13.076722933205337,11.270738886772765
55.7786543249332,99.08239375165972,13.034119046803662,11.22394541404454
55.790957004833594,98.72739898715969,13.009513687002883,11.170433404711698
54.470121240232274,98.95794915806628,12.987607372701648,11.089844183399077
54.106106073612516,98.97008061371984,12.957881901498734,11.065581272091958
52.59054281728911,98.98896261946584,12.964778600070904,11.02781726059997
52.38273495330963,99.76680603086464,13.002866121157984,10.982243265289897
52.58594738001911,99.98350789741978,12.973824284214722,10.926222548655325
54.10842151573852,102.8331616486797,12.93714166338889,10.8674131410348
55.43217293311261,104.36952923510816,12.911282096780049,10.790841703194289
56.576718325198954,107.0109782021685,12.859520404971855,10.728378317924086
56.383572946838854,107.60054466084603,12.874727411730577,10.662496650453484
57.1461269728804,109.10781712218474,12.830641037582314,10.609995083645726
57.36487676808045,110.42420274466878,12.76187097119307,10.558330506753665
57.37695155213065,109.89351852141792,12.73772140309267,10.519187447840745
57.58729712167834,110.8348880859314,12.682863962574517,10.465616811699885
58.700260273525906,110.82669770418946,12.641685865247172,10.48199757518374
57.4373659443524,110.29397049818215,12.621188028504806,10.45618634644579
