254.70000000000002,102.5,7.2,13.2
253.97198440635452,101.74786748289131,7.338264162645915,13.068730984927285
253.8966007915231,102.28972533878742,7.4890313923088,12.939575027888631
253.8107195859775,101.5515535202117,7.660793803400022,12.821744779831244
253.88415639546227,102.40484340267709,7.833909773304239,12.715112959269343
254.61274813953307,102.61896997842032,7.983306851706713,12.608175921091672
254.54086786606413,102.8277561668949,8.127067398644577,12.51282759098626
254.65318227278527,103.3401611441805,8.22563659161083,12.457611655640767
255.25040890680006,103.5247308316982,8.327229063284179,12.412483715531103
256.01411471306494,103.68850776994162,8.424926097101777,12.409951568313723
255.49035188696615,104.82548846359954,8.49263836428772,12.422221412691709
255.95779469985564,103.6796933852713,8.541486596953401,12.418432566310491
254.97111337147214,104.99369653314177,8.542872523808557,12.4197285771186
255.0116503228145,104.1586797322537,8.461798621123869,12.446235823489804
255.0544383586305,104.14797346126058,8.376222549491832,12.46764836547606
255.25139029745708,104.14937590072566,8.3089838716197,12.464843486545908
256.2338513001391,104.1593887537346,8.29709892942866,12.444817780528023
257.06586033172465,104.25703588780357,8.258118656583592,12.574531070455304
256.7359981998591,104.07769457223854,8.26522698355862,12.60690573320731
256.89652867117616,104.09382518667474,8.271078402454298,12.574644504334923
256.27590091251744,104.75347301100126,8.206232033678997,12.561450741774566
257.44441794176225,104.7506241646717,8.145928670835435,12.567148434433683
256.33394499467215,104.76286740379496,8.096584381257403,12.542661956187189
257.6409990949727,104.9488232748754,8.067569232945145,12.4938868455624
257.62411638233925,105.16344907483554,8.101334658212076,12.386556520956262
258.24240412483545,105.3709056918847,8.148258178009504,12.292518038055416
259.51082688887766,105.26603493491798,8.173362461885478,12.182015825493798
259.3368696430755,106.28892169493048,8.202277611381897,12.05023835811684
260.2820004852302,106.03832968262475,8.21698476324366,11.916432770671223
260.73772815383126,107.04338091521723,8.252691661833385,11.800654777070003
261.810519468967,107.27082942412703,8.309047369562746,11.66032037896483
262.2688380576035,106.99776801140415,8.332517685813267,11.579704875394992
262.41671772994715,107.19104834810965,8.349292518528067,11.505678379386076
263.6362931817942,107.23334929506392,8.403640747256945,11.421076485477522
264.68508882609507,107.40868143733174,8.485113630625161,11.381707082651877
265.70575562672195,107.45353129324042,8.627996067230994,11.292007370834515
265.3263391942451,107.48215435777588,8.760831469507378,11.234761241763568
266.3665857744024,107.5109638703123,8.880355141684735,11.177142216690742
266.76930537271096,107.5550054483045,9.020959788766797,11.08905906070634
267.1880705554247,107.57517314237738,9.132252227956217,11.048723672560582
268.41041624508733,108.0378018121107,9.227178300843999,11.07582287767384
268.19909073008483,108.0619674457651,9.330428547578334,11.027491610365013
269.28221833899954,108.10119173771503,9.40640327555823,10.949043026465187
270.53200507790126,108.12874581316818,9.469453723674484,10.893934875558873
271.4338875214361,108.14692398305026,9.588611255864185,10.857578535794719
272.19934584807845,108.16366882176304,9.666855453874756,10.824088858369144
273.1271222116801,107.51684423778696,9.746682879756989,10.827484590930931
273.61950491712923,107.51312422521464,9.733590027822801,10.834924616075579
274.9194516864091,107.48264177449572,9.724076583271154,10.895889517513423
275.1050984434906,107.42981625754739,9.677375829643696,11.001540551410075
275.5980353876281,107.37733076662073,9.667957750656944,11.1065115332634
275.61400202480854,107.65064272100308,9.636024476296056,11.213809317280857
275.6290680763202,106.33798500688332,9.605892373272704,11.214254970563669
275.6501312346565,106.34639144744085,9.563766056600132,11.197442089448602
275.8523142941995,105.84216548473566,9.486094943927123,11.225808995619953
276.0577941985312,104.52579716244804,9.401019068838945,11.25147417159333
275.91832344273234,104.138869848202,9.355051008360906,11.37550965593379
275.94564672563354,103.78020993476197,9.300404442558461,11.440674172994886
275.6506839124211,102.4797268839265,9.237937834579927,11.432071337051761
275.17230954145043,102.29870844820005,9.219527124345614,11.469055057779471
273.89281747001394,101.16753443509263,9.175930496693406,11.454144909784697
274.05814548075335,100.02983804416186,9.169661924223583,11.458825548583134
272.7727251932733,99.86021263685957,9.14564150365947,11.473718738747186
272.6083324459279,98.883413279546,9.150230511832206,11.482138534265818
271.93095437472675,98.58090722425072,9.207386771448856,11.438350703463646
270.7930922110042,98.78141046351337,9.21052737757515,11.361999042269606
270.9516798405785,98.64817711799398,9.216885694744523,11.304932156990445
269.6821551987266,97.51914933570391,9.173857003991245,11.303669493920605
269.70126374787276,96.40684746950761,9.135639905698838,11.273962553882466
268.60723672828453,95.10680182858309,9.07690569759971,11.306295838845063
267.82288839300304,93.97115405829545,9.043027637582115,11.333986756607423
267.6824719602048,93.13677922022148,9.003470066109141,11.40078424740776
266.5969908348756,91.97169289308393,8.929028971524223,11.485553556439555
265.6768330607533,91.11561647580885,8.844192652532845,11.593413168293077
264.6036385992006,90.58581567997358,8.742718860792072,11.689645025029497
263.5177586382114,89.60443054079538,8.667956563717095,11.726824829911566
262.74488550200385,88.9360430980714,8.612336434407512,11.782506593979823
262.76745050759837,87.8282684014135,8.567206423218494,11.75660600550346
262.95133124899655,86.71985622803142,8.518518201759683,11.739917522904964
262.8172722599998,86.53793865637483,8.468615663593683,11.785732150058697
261.57403504617133,86.522964344014,8.411930808631322,11.815680774780363
261.43619593382545,85.23103688230677,8.370193446592783,11.860211004352609
260.49997163395585,84.26597971113534,8.33823216712317,11.885915467486615
259.56267814513643,84.10784324321185,8.309240584854123,11.884925310015625
258.9573474483995,83.47628165125359,8.252823614574815,11.88097013017894
257.5662980341075,83.63236438415437,8.192920532041656,11.884582654501521
256.7993391836369,83.31692241834384,8.152627632061792,11.885782345754151
256.4936967578186,82.37175927964599,8.1355255622535,11.890947858815386
255.24269958698116,82.38285558437136,8.125614311661424,11.868755249364662
254.14702942751705,81.28871393017877,8.122528181996374,11.862612109156553
254.16621140675755,80.48963759374791,8.08416422351537,11.894035923073616
253.86091016958025,80.4510882869099,8.068399004279096,11.971134536749632
253.8509345841362,79.36154504046112,8.088350175167218,11.951636871937094
252.90704742938306,78.43763451615918,8.091399308507118,11.914732744374586
252.75213999469213,77.9622403593607,8.087598605047788,11.9246743394479
252.13761734111375,77.52174586461328,8.061834626482675,11.864556364651378
250.90224343172727,76.78163609624383,8.03362554831791,11.782927840804202
249.83870419456971,76.82144388644451,7.98599882468796,11.703312260402829
248.62230628745093,75.75331076815328,7.949328579830865,11.678795695277465
247.5548135932151,75.1524086051833,7.93037034519627,11.649775093728138
246.50001794870812,74.57139840025675,7.891278118398002,11.583976351688559
246.35658709826913,73.70125305751628,7.872824300057885,11.492373921860821
245.01661467243866,73.11368163180025,7.820107442805,11.453000458220082
242.61970033916592,70.87485004472212,7.779336047399561,11.39822607429729
240.66553399727292,69.70376167244184,7.779068516983606,11.335110379348967
239.4803160719219,68.82189809813862,7.751859952931779,11.300604216890015
238.30728005531333,68.0954052201935,7.708053580995663,11.259915969559463
236.09446477774623,67.79366346850293,7.672743618782681,11.268607403961006
235.37383603946316,66.92223480965397,7.629290292031879,11.229811757678586
233.76938201564155,66.1946473641267,7.586185994686616,11.206799219192934
233.0302438882298,66.20597358714261,7.5915811766759225,11.184146773161096
232.15086141463956,66.37231269775117,7.584399212167022,11.145793037225525
230.97414079581853,65.38246071280288,7.588819492284158,11.0701036692878
229.6730114919264,65.23643590207789,7.558038698521354,11.069593357232563
228.6606826217605,64.38233455006096,7.538398730069616,11.025540882309102
227.49729146319893,63.679905966851834,7.53675547434024,10.975132065694535
225.32226909228618,62.82569158625409,7.5328117152173855,10.941965426510688
224.0228951403728,62.251866468997136,7.524256414816835,10.930814236923561
222.72680377525052,60.97126481026725,7.511923906687149,10.88750231600908
222.5969341559238,61.698544690206084,7.483130046324021,10.875608051214343
220.90391921666674,61.53684783098525,7.414632256872049,10.911124463992167
218.90981513066347,60.808407108720374,7.380943299162101,10.931614076480315
218.05986262314872,61.238274034350084,7.3586784163686225,10.932965174132384
217.07490529110112,60.0862008059253,7.321838608236265,10.943677948436205
216.93732293589233,60.10405543736218,7.310774597555962,10.907968685562444
215.8064738787364,60.27269388683028,7.28841034367145,10.856199582650785
214.40218780687644,60.01188155227086,7.253406923406003,10.809109138972573
213.13554184749276,59.32726838425985,7.239088222809451,10.762996242014674
212.57429898818856,59.91470435997333,7.2330289747490095,10.716669257256596
210.9113538163463,58.92525490580804,7.18285894851803,10.726199616469776
210.08089010533334,58.79857769289782,7.159892414062403,10.698905049543304
208.97895826676393,58.67374380751316,7.1249003947598535,10.668715858257428
207.7444218295964,58.25222452801853,7.084578785183636,10.675289589276264
206.5139799924967,58.22992857131661,7.041210534634467,10.719881502680098
204.45569097716688,58.20999648880523,6.984813444454558,10.759745667702862
203.36886181560126,57.52217529075989,6.935619500436253,10.746105396825078
202.26395177990608,57.40099261648359,6.93079034388108,10.711639591884474
201.0317160922756,57.12368834040211,6.909156146089743,10.713780238924691
199.92617487441115,57.28475683536595,6.912999176839176,10.66754817461945
198.7007913736369,57.1431374845696,6.886281462137997,10.675510796628862
197.06486187546787,57.56771133572785,6.85874612394811,10.65121167794435
195.98729677147955,56.47630359707382,6.820871083410649,10.641021906738255
194.75030475397432,56.506058567139476,6.834792074860807,10.58151196660695
192.72603326022602,56.38373480414792,6.7931165732361665,10.553478259981985
191.51456479453142,56.009079687303576,6.771965558340357,10.48809251157569
190.44564251377238,56.030401528933744,6.747951174374943,10.445448828315344
188.71013737106955,55.50667156161201,6.719460518018424,10.416139242416625
186.56032696784519,55.001432698864605,6.726641107202994,10.353506913595385
185.4748265032234,54.22388040514506,6.757974972813566,10.303861203309733
184.42746562589693,53.82216061787434,6.714810690020119,10.305593513808782
183.36191035772652,53.70863261239271,6.71358154810192,10.266107064989674
182.17669179897888,53.314385851045614,6.690652961903285,10.256812019785906
180.06422516543603,52.40537113096795,6.669059458790942,10.216985997979599
178.8856887892134,52.0313716543618,6.646077947450556,10.171633529930004
176.92390581580244,51.243202610180404,6.618839482069914,10.167649853411781
175.87827332140105,51.377129784992626,6.60711931036563,10.162668648850715
174.8231862617006,51.78958489532645,6.616469459371035,10.12556741708137
172.9985570866339,51.00210048119421,6.594895720969298,10.12732249311648
172.0945695066864,51.161437699850424,6.569787801823628,10.070517067095581
171.19317932211942,51.325446964838164,6.548380307789307,10.003096803286994
169.5304830044849,51.33995363247328,6.503785118132364,9.974083468016765
167.4883402339073,50.68429196486575,6.459250059277145,9.995150365728577
166.33430369017586,50.313714091165494,6.448704081683305,9.96343309144352
164.4161980530543,50.3173534519928,6.430321854490777,9.956154369788912
163.01565870005376,49.91859454011221,6.409273511941665,9.984001180309122
161.9927674663408,49.14788054957323,6.402073936712688,9.985692629395894
160.9635859489817,48.508368702894685,6.408214557576531,9.982077314093981
159.93101859948388,48.526424761868405,6.420739280223783,9.945965196146547
158.6409874720776,48.5395952273404,6.438358176741696,9.919624265202554
156.59545089734527,48.03014232307352,6.431136025863918,9.913956248650711
155.5845811365151,47.25526899214343,6.405371622987527,9.928074967108337
154.58019049713818,47.239903906296675,6.368395504602141,9.95880513880184
153.58287219305728,46.948286719541514,6.318533522899572,10.030914864846089
152.32511582304403,46.031913853559466,6.2759773128991805,10.073012331791324
151.32281954344796,46.008374143543435,6.234789293157419,10.120091751823376
150.32512226381672,45.35112768108849,6.184313485174628,10.15591569720497
149.32273189032898,45.33356255462537,6.145741191124121,10.191045950131228
148.19461484957918,44.66032464869614,6.104340240137316,10.261057855052814
146.5428656622361,43.4837092795877,6.084570037254514,10.31356419341423
144.51217063067426,43.45684453369782,6.048641474251229,10.367293685193996
143.3772427365467,42.66385286221314,6.0120455333423095,10.415642542054
143.12595447819575,42.517165557160396,6.001882958009311,10.452647606142072
141.85056923081038,42.61425141349999,5.985196622820167,10.515221576458872
139.66523273812345,42.460498430021644,5.98025172241096,10.565338256016567
137.84091443190832,42.210768249170975,6.016228282493642,10.548704324525369
136.92273374367238,42.98626227039653,6.043703778053243,10.54818989428473
135.74727838551507,42.22096557543646,6.0647739833494745,10.525556276859279
133.78999081956772,42.37283356199744,6.095950547817822,10.480713541565743
132.74766095342702,41.61444007764163,6.110557305709637,10.444960779485163
131.586873500867,41.615491063967376,6.105872268869372,10.442858806833671
130.43074426744082,41.475110533688046,6.092865272821774,10.465257038181225
129.38880423789462,40.4600588305001,6.108945106332658,10.4275602189756
128.22081817915807,40.08979325417587,6.1212277860317235,10.39352822569938
126.2736200886476,40.62504499252081,6.147272805244105,10.35458505882512
124.7160504610756,39.99051401071915,6.169393799712585,10.334889413813638
123.66686365760918,40.387157907763026,6.2051103645715635,10.315098010503588
123.52740550039357,40.388569109026946,6.225886569782598,10.312275607975756
121.57824116956611,39.75846233469831,6.247491352941725,10.2802478638011
120.53443998467405,39.78771501604279,6.268412854531114,10.221742501112137
119.10839124262242,39.01923888147839,6.284544749201252,10.21180444873195
118.33746218905887,38.88539968873698,6.278774885416884,10.221544839062853
117.68754236780833,38.13392202727907,6.288683010354877,10.176582340903012
115.75572964552198,38.031435086756304,6.290078282460557,10.124074210450745
114.72600511672432,37.03584961276263,6.295754024627886,10.061471843010096
113.70386737476892,36.81100361831351,6.29297466892587,9.999400122005136
111.92151191658729,35.956577804687804,6.288979158109302,9.923898535666636
110.77022656739004,35.98575578037969,6.308145365584448,9.86554258428287
110.89461982481555,36.01209541406357,6.312517659866457,9.812863316915097
110.77016573844274,35.89573790113163,6.3089829687388015,9.793135478905734
114.77648120021286,36.050985009291665,6.363176155453793,9.734729516031145
118.7025577435641,38.17473871306519,6.326633161069169,9.773201836529362
121.73314577125622,38.53972285650266,6.315475894803577,9.79948589829426
124.64254648402736,40.5441343237926,6.299386469691156,9.827332181404715
127.0451022905067,44.964808683522904,6.290639316114224,9.821391676594759
127.42795619237246,48.74059955999685,6.281546813468575,9.835962934505554
128.32171060843268,53.38938308310853,6.259937083711856,9.87243400077636
127.58544667356341,56.76853462735226,6.217730977960805,9.930433801992184
126.58141328356685,56.88993850853398,6.204870611390248,9.940241932949196
125.82745609649305,58.536185129414186,6.197504293799282,9.930856856622329
124.8148334973454,58.54137334217741,6.20448510581306,9.920480431095875
125.33844485514454,64.17921610350228,6.166242803120469,9.995824553635252
125.82878895365508,68.23886116826984,6.19646734247864,9.963836315133971
125.5554449226076,69.02000163114528,6.237639033939254,9.918104501286104
124.52628879818239,71.1900137901719,6.273829106291495,9.875089808291506
123.2495294758963,70.95362349210872,6.300069269373334,9.842414708119794
122.11393509703682,71.8569698964896,6.29716039790885,9.80446449983405
120.84606859579671,71.87831134750486,6.312288111588387,9.761781597803525
118.57850593271438,71.747165041494,6.317289880991494,9.772400678894057
117.83429274826787,71.35018373398421,6.294219152586776,9.81061474526475
116.6967871742271,70.45821493627972,6.300298668295452,9.829827737717062
114.92990618009075,69.80349821931581,6.299160727766735,9.876796911358655
112.91926883070875,70.27480533770485,6.2696019969593415,9.946891031973445
111.64828998498126,69.2713635227024,6.274249127646803,9.923926213364355
110.51557777468793,69.26342535363754,6.258484416279838,9.939802551494058
108.62227500488234,68.75842589110071,6.243507100977863,9.936046048590887
107.63576167419589,69.38626189874742,6.191479539186619,9.94603292277508
105.89615104397663,68.619175256439,6.136979818469584,9.965754358325288
104.77901420038859,67.99248471942342,6.105162294721767,9.96019587073204
102.78534580222012,68.35787589521242,6.073775923389561,9.982924113091986
101.67483901284488,68.59404106230514,6.035960804220967,10.012555711777463
99.80650029312517,67.06583292786134,6.010857401499817,10.059547306936597
98.68530498864182,66.54664466724176,5.993696066930543,10.093678519937535
97.06216828582639,67.06765861980709,5.973340470543323,10.056767230812426
95.06647382439031,66.07533187550962,5.9585430184150425,10.038327531907168
93.95110386026421,65.7183178451304,5.940519450925223,10.002767760751592
92.95660691249937,65.86513776350755,5.937276676285571,9.958157507768465
91.84433120008885,65.13348715884878,5.927024316963697,9.931589527657401
89.86488799580684,63.42266686473432,5.922016910798179,9.884823027997966
88.01117170188353,63.581609012630665,5.925001587978525,9.813901926249686
86.8932609213203,63.737609032476335,5.947201731380898,9.747859821861008
85.05281826763606,62.41412749707228,5.947868306016723,9.695995821998492
84.06328823147258,62.44380539256867,5.970240967413036,9.636640031005712
83.0872095394901,62.102909301507694,5.969788292408197,9.586203441013986
81.99695779158773,60.41851208854046,5.960451116012635,9.548579043525743
80.4219831096619,60.3094535346508,5.956638720497605,9.524099092892245
79.45404335190615,59.84862661419263,5.955178837219911,9.477083234413993
78.487224404952,58.787143726967834,5.957293824116522,9.427085738475467
76.91902071955424,58.571988929281595,5.964233819437759,9.375938814544211
74.87946410571593,59.19504808419089,5.962000222244882,9.330216629687238
73.69842399985336,58.257164355945015,5.930505655870043,9.291124263699002
72.74014097681992,58.04904882668232,5.941106180674146,9.230863941908698
70.72545612351959,57.23972296067262,5.93263019554102,9.186873330272997
69.17710239200086,56.67507961086313,5.951982724259775,9.132561978230957
67.15770201475465,55.87300744370542,5.974906340500246,9.08310984385438
65.38639304198901,55.65882157255075,5.9795076122576845,9.039746029660549
64.32159393911029,54.73627118238726,5.991468430958587,9.002502465937251
62.68034281222549,54.86439703578831,5.984919525161644,8.98118298481849
62.56700919759063,55.45122694773253,5.977083904242554,8.980037411874177
63.51369413515529,60.24740648837904,5.958557154870246,8.996249350085831
64.223996577135,63.519748465979944,5.94369819982466,9.011713063148589
65.17163282956442,65.9824543555239,5.922634209079506,9.006098633609092
65.75508618581942,68.69019561035788,5.924933002775346,8.968961452487994
65.53423758081924,68.92569186901497,5.8999869788831285,8.96461216906639
64.49664916621313,69.75364639628714,5.879593996728697,8.938590745584996
63.57536130298823,69.53810086309952,5.865283077577431,8.90546015055996
62.66627055582121,69.87972259754142,5.832463972722496,8.916341906372066
61.75388440372335,69.53710799294952,5.809301523321089,8.908595582956936
60.72798440410877,69.06699496547007,5.786695265217442,8.926863301323461
59.12062872897708,67.9119433387583,5.775994705282544,8.933100904605377
60.05057627594734,69.73594734452517,5.758511781395274,8.96991723317814
59.59676549602874,69.95516720080616,5.743888301036758,8.992600040714034
58.785816668445484,69.85259130446602,5.751190100173902,8.967095282532966
56.82237954094461,69.97745187843402,5.761320999860572,8.947770802556688
54.966433179386264,69.98416387541022,5.788791265940819,8.934346808604303
54.14404709475462,69.8808482153508,5.819827287169206,8.910444393289579
53.327687144326276,70.12569686145754,5.837697831835854,8.882132631416088
53.33329404880153,69.78719287817317,5.826484022885353,8.867444034435254
55.18440370026759,73.23248166915435,5.806796794837658,8.8816140928812
55.1895489156515,74.60804375092566,5.796506364069835,8.891005920876266
54.398665823316385,75.2909061428386,5.768185712249431,8.905355568328073
53.6037248427694,75.64322379691527,5.749780699083037,8.889986106286344
52.354930669779996,75.75708433983601,5.725973783755676,8.89148277147268
51.11065738977304,75.41397281581509,5.697250051691467,8.891177558038686
49.293069378357764,74.62727020784106,5.678692259056548,8.866074229720594
48.39600169667992,73.58509021616446,5.651449186683088,8.901383472878498
47.484320596288214,72.90409968626524,5.652849017787865,8.896892755417973
47.4778476022847,73.69020377602875,5.6657950057949,8.918595232879337
47.47069939121143,72.7722929508317,5.680091427941439,8.92847404091466
47.8008672387609,73.12122742102181,5.705645274781355,8.916494642473298
46.87973819908645,73.24120505033292,5.716881039789538,8.905417173143702
46.86307198103636,74.28957129925477,5.750213475889702,8.868781403041474
46.17186802070913,75.56771480994578,5.759178950213169,8.830472199932975
46.17559579453967,76.83115107116906,5.751723402552087,8.816901874766426
46.061614610701604,78.66930142958002,5.7515316222069774,8.791067526284245
44.58381434157521,79.59473804410388,5.746209209774505,8.762300728427451
43.80545305635109,79.59163521848741,5.7122316802230015,8.768506379660383
42.79344220751125,78.91984775621485,5.695325371085891,8.751462632994294
42.80179401316262,79.14358263223684,5.678621759783142,8.756457356708367
46.19607403912026,82.63936173326967,5.670918244880498,8.771784242889105
47.111029876843254,84.88833922247842,5.6500448520230755,8.796424970943018
48.02580728382593,87.24798222856967,5.629693920556153,8.826299150318867
47.79361663035956,87.24930552795502,5.641559808258195,8.823652551548182
46.9936449164817,88.16607301932669,5.656587980395385,8.80144928951171
46.07854634364765,87.73590680616043,5.676104745977455,8.756441525801216
46.408043381905514,89.11115558707627,5.695069636567214,8.717779832391502
47.98997660625815,90.92825746848469,5.691320412000039,8.695138611446758
48.77184790633852,92.74068896048072,5.704820736265418,8.675402311857258
49.6853488546974,95.99870495785663,5.679810867396123,8.691591418056124
48.798909249734315,96.09836096814581,5.652086856552415,8.717354800074014
48.468610265950026,96.79236239536685,5.63768609656018,8.679349400753592
48.36407586450229,96.5630073807397,5.6225654360588955,8.68968050321436
47.47228049827347,96.4447948340625,5.613419363853156,8.702013495985833
47.69383807539405,96.9973731680049,5.618552792737019,8.717478285913577
47.580233570642235,99.34540831711011,5.6213200572045166,8.734684633462054
48.25199276766008,99.33824661216579,5.626276275154848,8.749008043350686
49.94068415843515,102.81989459138396,5.624540543934277,8.762049322262127
49.94071132265835,104.61409560491524,5.624486215487858,8.776999330873263
50.26750986390647,105.7477070639566,5.647186656164187,8.764101490032358
50.93661441657055,106.76020052371561,5.662688424785153,8.769680881438038
51.60651640157021,107.78313801236092,5.678649818092789,8.75745394910786
52.40297875390508,108.7936341552927,5.6680328487096885,8.770857322898559
51.61756784367959,108.88463911345283,5.656380532971776,8.814915140319565
51.508245392913224,108.75007915395692,5.648492142646526,8.857501767453412
51.49978022396934,109.07996928004573,5.665422480534299,8.878838863004344
52.175969197564555,109.4023111106309,5.678894189241634,8.917080029782875
53.084392849178734,111.35670992460771,5.6895612678200695,8.891750463168691
54.79273815232352,112.37617377198056,5.696447372189942,8.906968794818672
56.50785857935938,113.51513693891826,5.694927771362806,8.914856629772999
58.336950543093856,114.54534066662724,5.695529676168987,8.912516205009815
58.33044521152404,114.8982621384435,5.708540339308634,8.892620670235203
58.20404219782493,114.91037745305904,5.732777747688608,8.868390041004115
58.42570088090853,115.9578195246761,5.746680912670075,8.830998287938897
59.33535742481107,116.76368174394861,5.753620164660588,8.817244646715046
58.75761409789576,116.5394152863749,5.768152284018352,8.80939574807331
58.73929223701449,116.66262683644166,5.804796005780898,8.791287941048706
58.612306986632696,116.66891713303517,5.830112961711871,8.77870734786167
58.83515384523329,116.68213999270776,5.842190524850557,8.752261628516504
60.54858981471475,117.81681221986915,5.8456506462727695,8.769805214450477
62.25611521153482,119.07494539926915,5.865751393150671,8.772649985363705
62.24594069772569,120.42831778540925,5.886100420768932,8.8185476155142
62.113336620198226,120.18413804368201,5.92089336795721,8.846076683235365
61.06579337889781,120.0588423126892,5.933314584616912,8.86526089344977
60.4815503272816,120.04189805362287,5.9422900177597695,8.899149411582423
60.589550221663515,119.4646433039192,5.958851157616318,8.890854267887892
60.81731424468169,119.56743051945746,5.96874561552181,8.917991088782305
60.93879390754454,118.84170303638355,5.959070092019189,8.969743241591612
60.93254034490943,119.07695930173968,5.971577217289424,8.967033061867129
60.9286932275032,119.2949612793038,5.979271452101868,8.999165812565437
60.09655465518154,119.40191611790408,6.0007935024636705,9.019935434547959
59.4943627256151,119.52182854239541,6.028430817981349,9.015459894288345
60.066995673565636,118.92983839356863,6.0618713162417555,9.020733797780435
59.35555637743857,119.74768083876813,6.066494277720594,9.039680476619248
63.14063874553957,123.30646645027173,6.071938613928426,9.02424275899629
63.0191844815152,124.73672632972823,6.078251289526751,9.002873229488232
61.957190149428634,124.3858483462972,6.0748295813857105,8.995492405578934
62.89789613671747,125.45798314797428,6.083105949481409,8.977122187732297
62.53760994105532,126.05224792336816,6.095463301786856,8.96895103530927
62.653477468518524,126.54479545656947,6.099881700020473,8.928469781546735
62.76906264884311,127.0257261034359,6.104327953692274,8.909074945097853
63.009532941612605,128.79041766267625,6.0941830494797635,8.910659436565723
62.071199908327344,128.3239940406144,6.0888191113155035,8.902491678321999
62.30299859216615,128.44797458526563,6.095305322518477,8.889572378459837
62.888352217263304,128.33996106646828,6.099370025262996,8.870645025466803
63.955151290595346,129.03551366587848,6.0783977500549975,8.88795707428374
64.5507061802233,129.49380124577533,6.060538435181097,8.909982285995705
63.73245470523139,129.72081940814033,6.05423815080686,8.925318313939366
65.13631856911991,130.52956626735872,6.064263785286881,8.951514056819258
64.19099097558582,130.17287862622615,6.071930464132163,8.958768648500802
64.07172059770183,130.9986961144775,6.074861270206746,8.956403319851864
64.31724543066419,131.81155867974664,6.0550574354820705,8.980038598513657
63.37827959660876,131.79528708240292,6.047786275558707,9.012581793201086
62.43119416569815,131.67685352763382,6.053801671634442,9.013429469521098
62.0752349431066,130.96370851043605,6.057323937973296,9.022927146228142
61.13529874833741,130.93998034019322,6.046528734026124,9.070383486713803
61.49885379029139,131.73786565744265,6.030022461671396,9.13268841250578
61.02896761507724,131.70949468824986,6.019675642563425,9.189430350891346
60.90468821867173,130.96907100981505,6.030024925545707,9.241020648788442
62.930395607764474,131.79463306039113,6.044264636116036,9.26398957241809
64.7333736031012,131.78585071540863,6.034380264769765,9.28155426238311
65.8117234668949,130.70302360400632,6.036211637778593,9.288677384591477
65.7015318385429,130.4356703507311,6.016620734327439,9.343435570831627
65.59530124320533,129.32393506346963,5.988613864330285,9.402693599303776
65.47519646304946,128.34411248657284,5.987936004016592,9.43523938809402
65.59754216437041,128.09522906876757,5.984607711209953,9.4502800040341
64.75193468792226,127.00605334409688,5.985095722550075,9.454839671374698
64.63839289512853,126.25488749265385,5.970570514523834,9.507518612578647
64.64659406565227,126.60967143116706,5.954168173476371,9.524410293195182
64.1656194118926,126.72757780356406,5.947594883850199,9.53072819768756
65.85971910176715,127.08895718233808,5.949002614301211,9.534313820896678
67.68329777606162,126.24435136537669,5.934724706214824,9.528181715918244
67.69109838334411,125.89757256090222,5.919123491649854,9.496156711780628
69.27006060613708,126.0136851783961,5.895770253794444,9.505052338925982
69.26225623346058,126.03676058462935,5.91137899914745,9.458901526459496
69.9664389996547,126.54291268922177,5.945620364971626,9.40833524941626
69.59722676416912,127.2902244834006,5.963287663215394,9.355226006513377
69.36059926094062,127.1938766201353,5.957035876107325,9.308168336261444
69.23411910122667,127.69939042021818,5.971051828208016,9.25291820540452
68.2807528421365,127.00799175344436,5.970977828552076,9.205610650574938
68.15242522141824,127.03744455992133,5.989992652408116,9.146705037620997
67.78515845778682,126.94987835781686,6.013304962422648,9.084763702747173
68.25001616484917,126.980127537864,6.029716209154454,9.024265342652894
68.12433968462581,127.00982323641284,6.0451741026909644,8.96487394555521
68.0076065170797,127.03287549097712,6.043382355911635,8.918769436426672
67.89084131411437,127.05312304634491,6.0423786111290765,8.878274325691088
69.51422193747534,127.07124965421878,6.070321982458763,8.842021109943348
70.31957797819716,127.7970298084378,6.096376118998721,8.793403274062651
73.12077434494438,129.56745761524547,6.098489333927894,8.755363878212073
72.8829599626559,130.40413261453256,6.108154938772426,8.712884938701329
74.62798255499867,130.42571141741388,6.105599789205015,8.66972733293868
74.50466416684513,129.63276664524133,6.120431851859509,8.632983881715736
74.03077595139406,129.19028469108113,6.142234644422919,8.591974151697475
73.91955199618465,128.5130733545946,6.133450929704034,8.559007073844146
73.80200957195463,127.4926427177795,6.137948084993375,8.52457910893808
72.8793839417688,126.91987332272225,6.142079686451154,8.519418112231394
72.54226449335542,127.01696364125989,6.125929615388654,8.555367131119207
72.40980560095338,127.3736311816772,6.160438612521765,8.533258413297425
73.08497604917699,127.15710882770293,6.193945434859538,8.50502054831766
72.84577125125588,127.98965611450375,6.210828254368998,8.455269691880549
72.1695310876272,127.54636460360395,6.181598358272884,8.420712564777803
72.18266967485663,127.44159513080653,6.1553211838140305,8.40097073046841
73.10607974762802,126.99115846066522,6.136900633599435,8.387644273086941
73.33707686744036,127.34045532464933,6.130997165101649,8.37318670180913
74.01772619713257,127.01021268314416,6.136072523225518,8.35048497606531
74.13959426173507,127.81803634313006,6.119803853750244,8.327109874201565
74.145476015777,127.81135238461533,6.108040345666374,8.340477791231022
73.92423276884126,127.2364327131034,6.096815440114947,8.356038635697587
73.92444343188453,127.13717652898553,6.096394114028414,8.327643253557056
73.92468737723046,126.24755354762122,6.0959062233365575,8.295131262373292
73.82050835689812,125.23110587920083,6.078296302656912,8.294314947115343
73.04561338496438,124.31972910561907,6.048419017831849,8.311734518630251
72.94610093402801,123.85145567181551,6.022003073786707,8.346518002565778
72.73387024084668,122.36551288864769,5.995395580719338,8.38645585260624
72.6254705865665,121.67909388817242,5.986492929270206,8.405082093499724
72.52478801467177,121.88082668935635,5.962020628221483,8.453291380808148
71.63432017734556,122.08778529133124,5.933646931320504,8.49170151974671
71.523336536557,122.97770873566279,5.929338088115592,8.52206362933997
71.85637462952916,122.8733960269551,5.943252729099177,8.504025437779374
71.839917412583,122.7657901718554,5.9761671629914925,8.492616213148468
72.05511107851272,123.45465386615157,5.999763173474545,8.476838851583619
72.62099154909968,123.44916498820767,6.003712744270217,8.487816607471412
71.82852748980311,123.45638687775916,5.997027841794563,8.47337282836843
71.8359711761978,123.58371995202093,5.98214046900518,8.44575125775327
71.05575994246689,123.35647152669233,5.957893915867434,8.4474855310963
70.50359814322043,122.66188980507138,5.932178451093816,8.480602098418325
70.40054805414974,122.29770035238641,5.912194463884081,8.530728507734903
69.61481368842085,121.38713676095185,5.898085225537139,8.539766582255764
67.92503082295457,121.27845175516728,5.881436801817197,8.530722316848047
67.59011574795919,120.36512229125518,5.873259625364182,8.549361707488861
66.80875480982955,120.34343406961703,5.852943218647203,8.592738150765141
66.24946300006319,120.21884697716936,5.839197676882315,8.615446503400962
66.13735696249827,119.41464298792916,5.836829644264195,8.637793727645533
65.35550682836244,119.40892203819958,5.812388351271013,8.649235627104698
65.59521495087577,120.09063825360744,5.786260138598594,8.64566729335182
65.60272288693133,120.53033153541482,5.771244266487497,8.670906606968622
65.03904057541308,119.84687455310734,5.767176358993839,8.680101534947406
64.13843383533688,120.40343808341626,5.7575330486399094,8.698759968396011
63.91520809433312,119.47681560942185,5.75103029394098,8.740187969558985
63.69666755267618,119.33911751818819,5.734129042872771,8.788592984835255
63.58570868667366,119.19656695384853,5.7286106215964505,8.846257960233205
64.72099014281241,118.61117209576373,5.7401372379999565,8.87600291206229
63.90640468538469,118.5973097571749,5.767377716280562,8.903727589239958
63.894460153668085,117.6665064159632,5.791266779713777,8.927595125216813
63.89507336292087,117.42196409139746,5.790040361208211,8.955732168004705
