142.7,100.7,17.2,48.6
142.6823912362842,100.29003916995264,17.24150934656088,48.41992166009474
141.6895565728445,101.83421313653301,17.218233416948667,48.34499161167124
139.72061172496427,101.87820959416166,17.144203266392264,48.25699869641396
139.5256095856262,101.81294272072549,17.534207545068412,48.387532443286275
136.40755154200767,102.29979019139003,17.7144533904576,48.42314920893184
135.74441275227002,102.75341162604427,18.02765060827489,48.528986701281376
132.6270347079145,102.68726573293867,18.140911440967606,48.66127848749258
132.1692449414117,103.6666566136436,18.032304651238057,48.750869371552994
129.15092403670198,103.65007858193988,17.927879426106358,48.78402543496043
128.0689179695464,103.09545315825507,18.04768962602441,48.87117531513349
126.49617369217192,103.06351229897265,18.116643376158457,48.935057033698314
125.39468227869294,103.08030133663738,18.264285008415605,48.90147895836887
122.82576074347162,103.07553909315499,18.252870682625698,48.911003445333655
122.64126558863616,102.84548217526316,18.62186099229664,49.37111728111731
122.47993419627903,101.77340330310767,18.944523777010897,49.42923061558429
122.88948375384105,101.68902520640275,19.175080395756513,49.59798680899413
122.7936432678465,101.63468103879819,19.36676136774561,49.70667514420325
122.7445639617646,101.06086791203698,19.464919979909414,49.793088300293185
121.26567017550973,99.46314745615902,19.230068444120057,49.79589010375001
120.59055520749676,98.39984455428363,19.52025398781459,49.80240712283803
119.35551763229135,97.2993830322368,19.859653848500873,49.87265487720711
118.62204115923433,97.29158662556097,20.254190151634027,49.88824769055878
116.88618164151438,96.16320066538394,20.486873485927525,49.985662476815264
114.19616280636747,93.24133890326569,20.44078659579241,50.40326144062282
114.13553222429263,92.62657286158732,20.56204775994208,50.542369793688145
112.49892840498995,91.54747303296034,20.55149063518012,50.51139294203057
109.70963062888995,90.4001602540628,20.660317120189774,50.618110872949536
108.6552785229363,89.79872141743672,20.574162201130175,50.72355898071822
107.7320295624194,88.63847792309525,20.225830014700936,50.849215861938106
103.92198928757047,88.12513270857092,20.194838475384252,50.78289599255614
103.33020025932312,88.03393637976012,20.286914178038618,50.96528865017774
102.6001203564074,88.06669129504756,20.651302262365874,50.899778819602865
102.45608598129324,87.96507171486434,20.939371012594183,51.103017979969295
102.3999605630756,87.77390865845842,21.051621849029495,51.48534409278112
107.02476752280212,87.6950805066094,20.737177162912282,51.64300039647919
109.958462729062,87.07817532802716,20.43761103669237,51.7632458963837
113.3068889088594,87.02815684082583,20.40042666119392,51.86328287078635
116.11650105095302,86.51822403694905,20.334793122857313,51.77243032936978
118.44572570173682,84.79345606472175,20.109293754643037,51.897253823809386
118.89473347077629,82.5638115402006,20.31727047289285,51.93257384753672
119.91769031354634,82.42083212507171,20.491808711635805,52.218532677794514
122.56944451937032,82.3523463147796,20.7756052749855,52.355504298378754
122.9766499689673,81.73403012920062,21.085700501220327,52.467630544107976
124.56771527202862,82.10630790532129,21.29853924424506,52.85473144158246
125.00172067975316,81.96145948117417,21.571555551452903,53.144428289876686
125.15023628019762,82.51489519377917,21.27452435056399,53.18762328840227
125.13990394847988,84.81920854894285,21.295189013999448,53.16056419440608
124.10512499369142,85.36564993827328,21.074004537848687,53.213052608609075
121.91246452247191,86.4933593779584,20.89062107083708,53.24198593396416
121.68400251058539,86.52408984452993,21.347545094610137,53.180525000821106
118.64163573280302,86.47520965877763,21.699314588885834,53.278285372325676
118.54434331418166,88.11201759028494,21.893899426128563,53.467482015102156
117.41471986394254,89.77182773628107,21.83222304341588,53.62924664789632
115.10309826687312,89.67318710990304,21.808683195104976,53.826527900652394
114.41577633760328,89.62407148235569,22.019207729059314,53.9247591557471
114.47820974393562,89.01516388947411,21.89434091639461,53.9732901554996
114.54716405149964,90.08712645449381,21.7564323012666,54.16488521293702
111.86355902808846,91.1897625952166,21.28333592579107,54.29573550041055
110.68219419715994,91.17291203034688,21.323085977869543,54.32943663015
110.39609484470006,90.7245935377686,21.895284682789296,54.063387866622975
114.47206214571406,91.2416073096816,21.926875489036334,54.19843538112199
119.15009251054725,92.23007343570356,21.943483916012305,54.56467041823865
123.91810317623799,92.08934489101402,21.824700918799124,54.84612750761772
130.49526860316217,92.46895093361886,21.64031807103057,55.266001604778936
135.1523118693738,92.47086739296864,21.780852629836737,55.26216868607936
136.26175896686735,92.42461078279749,21.93053304894631,55.3546819064217
141.04485987663458,92.35374949901421,21.870685001225,55.496404473988235
144.23807182815358,92.9647102766848,21.43057384321167,55.46374546765202
144.8703012441303,92.97373223928342,21.347025457563923,55.44570154245477
145.42098910160655,93.57082484089156,21.4248022530696,55.43066884969669
145.13435043052885,93.55390377502628,21.998079595225047,55.46451098142725
145.10749929243778,94.58703040711325,22.051781871407197,55.780420633882486
145.08415151296913,96.80888865872147,22.098477430344474,56.12304735335442
144.9734735960318,96.73393895275223,22.319833264219145,56.2729467652929
142.0388208423929,96.64791897921356,22.146827384307038,56.444986712370245
141.85780703843156,96.60025564748804,22.50885499222972,56.54031337582127
143.12921934282562,96.47658220096692,22.397403229193905,56.78766026886353
146.97161971626886,96.37969280118902,22.016118887292414,56.98143906841933
147.7139354834515,96.41090036389339,21.744696193982104,56.91902394301058
150.9364109327263,96.3634122854605,21.336950161764836,57.01400009987638
150.8412943807285,95.20227689416072,21.527183265760392,56.93333419696603
150.2005859047544,95.15378057944305,21.604863921829175,57.03032682640136
150.17251070934734,95.59421073080017,21.661014312643328,57.3559910774337
150.1227685423678,95.58399921244103,21.76049864660238,57.376414114152006
150.02193162229236,95.50970493243167,21.962172486753293,57.52500267417072
147.56179789927063,95.4680641564161,22.0022645498639,57.608284226201846
147.41000673835254,95.40428187977133,22.30584687170011,57.73584877949138
145.68768775620106,95.93850212938808,22.062765706207898,57.89664799018962
145.76556065980324,95.86608226890613,21.9070198990035,58.04148771115355
143.45283746059914,95.2566711083024,21.62662151784257,58.033848837468696
146.53147743269713,94.67910102800653,21.575852221967594,57.96768686839626
141.0616812222504,94.6994445629935,21.54049314880902,57.9269997984223
131.91435851161114,94.45712568949179,21.561858172650773,58.41163754542572
138.9522185070293,93.7992806760099,20.967136567123465,58.50178226463413
136.65845971980292,93.67143448539363,20.69033354730638,58.75747464586667
131.6815998855816,92.36560626258758,20.926364763300995,58.93970897836675
131.68586109031673,92.45616696711895,20.917842353830707,58.75858756930401
131.82453255730672,93.01438179037373,20.640499419850748,58.86101415372154
130.24652280869805,93.63859748368826,20.150667711092463,58.82786650241769
130.18116753135462,93.78746148174156,20.281378265779345,58.530138506311104
130.06436101000014,93.34697711317399,20.51499130848828,58.207076434832175
134.63083334038103,93.71163963257395,21.01139038028709,58.68141936260233
135.82268519047048,93.62708197998482,21.06658572702687,58.85053466778058
135.88797528530029,93.4950090796482,20.93600553736724,59.114680468453834
135.87023553106263,92.77535805353679,20.971485045842535,59.32971010004554
135.7051452073863,92.85238813219883,21.301665693195222,59.17564994272146
135.0551537283268,92.37097768388028,21.369875854685958,58.9066980427303
132.04184076256433,91.68344885092897,21.250695010489522,59.05259435348865
130.25250394055988,91.76405766545474,21.14209725772635,58.8913767244371
130.34033776755408,90.72573897360664,20.96642960373791,58.5183765646226
129.76288772369992,89.74097226949914,20.905025176860676,58.05530094366641
129.73610038504557,89.31143023605784,20.958599854169336,57.70581235447636
129.730833179023,86.72345394346111,20.96913426621451,58.063587713298865
129.69903430989137,86.75689513055255,21.032732004477754,57.99670533911596
130.2146075693928,85.24313702998498,21.211631693712775,57.394082915537545
130.58438301267813,84.01943340091384,21.67673480386225,57.43218218023962
130.56781450747025,80.26230809191766,21.709871814277996,57.664949710172515
128.6500100175762,79.94499021934551,21.89293770980488,58.299585455316816
128.7582404158107,79.67688233073007,21.67647691333588,58.835801232547716
128.94524618442455,78.76858429402945,21.302465376108145,59.41870983767921
129.69229665866084,78.00900315879753,21.0436262159891,59.70261031978954
129.60410626739167,77.00113906202974,21.22000699852742,60.483716400852245
129.36597608435093,76.65235126523147,21.69626736460892,61.18129199444876
129.18613780818245,76.42127955161328,22.055943916945868,61.64343542168514
128.94873456233,75.48859749315022,22.530750408650764,62.22808718773875
130.53666637309883,73.4569560673402,23.247895036622296,62.398361789849645
134.30585925578202,72.4228010758712,23.58785919145941,63.1536134527537
136.1193670258881,72.38096157113357,23.950864299730213,63.237292462229
136.7826860625644,72.4087294188256,23.961967399583045,63.18175676684493
136.9350780792417,72.23423796039644,23.657183366228498,63.53073968370324
131.70251070106917,70.8006889311041,23.429038718933946,63.72451789137803
126.9783489869195,68.79785743200131,23.530129495310256,63.72422403875947
127.50068235040698,68.59561289880037,23.822602416795128,64.12871310516134
132.0726737297755,68.28327945317152,24.116081663030542,64.75337999641906
137.23322248936597,68.2556509378476,24.694576130433937,64.80863702706687
140.93161658227564,67.47977450759086,25.539704419824567,64.98673714171204
140.6585768755001,67.32499437630769,26.085783833375608,65.29629740427839
136.4417416259265,67.17813638673036,26.08598319654376,65.59001338343306
135.64899018566533,68.40584281880032,26.26167692516068,65.95421882310404
134.7082083310599,69.02723392552016,26.725052188459077,66.12962505557677
132.66679484081976,69.06498698821937,26.520933531599958,66.05411893017838
132.39642485702737,69.73338405086884,27.061673499184742,66.14157925916037
131.24855025764018,70.37853011601032,27.922273511386557,66.28643631545
130.69787555092734,71.57854465560715,29.02362292481226,66.7914523320878
131.37540731436147,72.93559230910479,29.147862655170186,67.03596353954498
135.2258808731713,73.68556612511846,28.87209626176675,67.02105205236089
137.55191863465973,73.57872203662762,28.659874898685118,67.23474022934256
142.5363622920543,74.26295367343609,29.04601986975807,67.34556728227736
142.33586119995587,75.63523566282458,29.447022053954935,67.57644359919642
142.30402070041964,76.27424472718762,29.5107030530274,67.79656656265715
141.23718228588027,76.41428287777867,28.639475071679534,67.51649026147506
139.99154596775367,77.16678506269449,28.16474252026459,67.4944884854775
139.11668400957117,78.50329262792562,28.440196550806068,67.77001312666219
141.01308984682512,79.81995622546489,29.09678940757717,68.10295561910294
143.25194290460578,80.50840986456691,29.117807813994894,68.22562318155857
147.56387378049897,81.33102525507715,29.50426973498648,68.08211301266778
149.0176185383886,82.13576519576739,29.609727188319567,67.97910661584343
153.5318755378703,82.75690443685471,29.622270590359125,68.24367103383597
153.33180140415462,84.96576092729654,30.022418857790477,68.35864407805127
152.4535528908643,86.51513746663638,30.25929881573071,68.29912513665238
147.78444701376043,87.21595723107365,28.937032053345863,68.42041111014821
148.16579854869212,88.02093312990276,28.174328983482518,68.31179584759104
147.4616959953914,87.88505172649656,28.096298800104037,68.58355865440346
147.1130459386901,88.3494775347578,28.793598913506635,69.14347418672754
146.96014542510216,92.0287843494649,29.099399940682503,69.33104471875198
147.73145998574677,92.03235532448957,29.07414134894185,69.32390276870265
149.99397547490213,92.48326091883553,29.099568814287935,69.93891106122967
155.38416187566364,93.16125801227116,29.002250375941983,70.10906749766939
156.3281175679162,95.54138232600769,28.64121689194212,69.9294525717122
160.93102289613293,96.03809854675188,28.542615554103637,70.45388834998965
159.53429708842512,96.69516317640003,28.28872434202514,70.66343050444044
158.24505036687268,97.33509153125334,27.82289478094164,70.90573529682804
154.13398481109928,97.94546251393368,28.458416986188226,71.20231511272736
153.26604904420455,99.64749427639478,28.661340697591413,72.39709505496398
153.06485253017325,103.4119724970389,29.063733725653975,72.63696488879098
153.07739155536194,103.45875705918516,29.038655675276615,72.54339576449847
153.9611713004329,104.22715350476527,28.833706271303086,72.56921295950664
156.462545272013,104.25071382538131,28.50892375534922,72.52209231827456
156.5602899378893,105.81122223415069,28.313434423596547,72.5067496523329
157.5535398723737,107.09932974211762,27.876051630543305,73.02876878823014
156.18702342437157,107.10437733180328,27.511547879469067,73.01867360885883
155.53487772647964,107.5027977072801,27.273769965299493,72.22183285790518
155.5044462315699,107.89255288805157,27.334632955119012,71.44232249636224
155.39239471350336,109.14001193543382,27.558735991252036,70.46368019552199
155.59063349675358,110.41977177359146,27.16225842475157,69.41039906121377
155.5707724329617,111.08615958842896,27.201980552335364,68.07762343153877
153.35735285573006,111.38101944387799,27.232199292513965,66.0223635825458
153.27567499187506,111.58571174753897,27.39555502022395,64.17651640707946
153.34074654946136,112.46930086147876,27.265411905051366,62.40933817919991
152.87378817114072,113.13867992827758,26.814505571840623,61.07058004560224
149.26032629629185,110.87200282267949,25.896559152704548,60.17402081090923
149.7815385822856,108.38457845114019,24.854134580717034,59.83567560430794
149.27091365072215,107.93898342799926,24.570440094077558,59.42192130082345
148.46355303630878,106.06633466107861,24.891226891745845,57.99148111003101
148.21399722142885,108.03404796471315,25.390338521505747,56.613960789458346
148.4089091224703,109.14794980644677,25.00051471942281,56.921732288314324
143.14006137211942,105.31564807573534,25.415069028894408,55.72858720741077
138.51550083279812,103.08366415132056,25.876651451648254,53.91574173060547
138.1680781182987,104.32837424448829,25.334471377799687,53.90037254996486
130.9756171373211,117.43982182384322,23.763810884211118,58.36128980576215
132.88833828821436,115.28480281845346,22.466952430681964,62.67132781654166
130.4497718899655,114.90286761517284,22.132679673097527,66.04090100014398
125.84359420845657,112.84250933716115,21.931224952946167,67.47195753240474
124.51016055274637,111.95410482579314,21.875105159880402,69.24876655514076
118.71314877308262,112.86380368447404,22.38359258848789,70.20075287045896
116.22100586454306,114.12911867198738,23.14217453251521,70.48725881080016
110.4816606073066,113.62356262569098,23.208276092354364,70.0717972840637
109.27897225464213,112.8090271142779,24.19177693628924,70.27899244549585
106.70888587850007,113.26597010656354,25.00357621126642,69.36510646092455
106.64274968737077,115.78060388488005,25.135848593525026,70.11378695690732
103.09778936618844,116.77103871897151,24.937841538586547,71.04808836764566
98.14422965539036,113.36222389913367,24.573594993707182,71.99636602647823
95.69017280585491,109.81022801448393,25.059013513027868,70.25496743627731
95.79173800273023,111.5525267933401,24.855883119277255,69.68679075379103
93.83152395490053,114.57701270062175,24.437084616276785,72.31627213654744
92.84063554987051,114.23152414691899,23.46626587902059,74.48354701761109
93.02655919015221,113.2384410044101,23.094418598457192,74.98042277977412
92.6638485285086,109.69388852829687,23.819839921744432,73.132705568194
90.58995572281177,110.93405455452047,25.014400348816544,72.1289861079076
88.15022583303335,113.96976267195896,25.441397726266544,73.47834054320867
88.4765283597208,114.00030509869217,26.29996606619054,73.41725568974228
89.94982575833578,117.59538348045336,26.40516174008566,73.85657510403257
95.57196167605683,115.17488434979492,27.433532319979953,72.5612521576813
101.46823977685172,117.603787321016,27.91382702954766,72.3057653069232
104.12412778743402,122.24232624348227,27.219253281431392,73.80215943243672
128.32412879770447,126.34773771682742,26.80808868192565,76.4275255808189
126.69339047866623,125.00530260783674,26.913340789524216,77.5342835335613
121.62008686809256,123.21945497542134,27.485032118724284,77.91434016774298
89.43040576236714,114.7942533330463,29.010586390023775,75.42511024013879
83.28309255772369,119.32300059990783,30.080459937037144,74.3852963223254
82.75654832851609,120.80849576375172,31.133548395452365,74.62973852546126
80.24732952657978,120.93810957807327,31.262075418084834,74.3705108968182
81.0439728806647,120.60992486410831,31.297294998939343,73.39837403572373
82.38035741605441,120.47655844665648,30.2396059807629,73.6651068706274
82.85781210555024,120.1083015127587,29.284696601771216,74.40162073842296
82.52443451093036,119.41155622868095,28.35770990732596,77.3888531902635
82.70744614019758,115.1110520531682,27.991686648791532,77.89021156096666
79.01851363653816,118.50776921956498,27.267150934073232,77.57869780580279
79.34669981326948,117.66204357292708,28.213665109837123,74.461489511399
80.02773523570397,122.72907841210646,28.42698565597243,75.35515957007007
79.87740529792416,127.1474397148126,28.72764553153207,76.07070700113064
79.9509595059317,125.48094085520466,28.580537115516954,77.79598932438766
80.08696910675008,123.74566848914428,28.308517913880223,79.6367516292066
105.90823267546895,127.64374348985729,27.85263247319888,81.74769356908826
105.96537928824999,124.50217891048626,27.738339247636823,83.01180480474348
79.0831362832008,121.51197842877049,27.457359869431933,87.30328497479056
77.33238187710415,113.82871476583549,27.469391744504986,90.45664302073965
70.47260137224801,100.19736284505043,26.871741163865586,94.45387802798825
66.08049859869998,93.1234949630726,26.48075190753977,95.7563410671533
65.44692040692757,92.63254643249323,25.90181645227298,98.58432996712367
58.798228177049424,81.32509383060979,26.074092214870745,102.44907988923549
60.1299975870229,87.08379020723373,27.275714658367157,100.59459029459596
67.43378784209015,81.48068513387615,28.10153951571406,98.29657074476486
73.64381453299416,83.4374402937791,29.06719884375179,96.29530509779408
70.37506240356612,84.66707622589597,29.898943852433828,93.83603323356036
69.59162200539832,85.52205163637001,31.465824648769434,92.12608241261229
69.53837599569131,86.84746693534615,31.57231666818344,89.47525181466
69.74667845512155,84.4543938481675,31.155711749322947,86.85765862089931
69.316718539379,85.77938471193373,30.209648944783712,84.20767689336685
64.53489273859762,87.18495246400349,29.267515053759773,83.14750563799178
60.10410455467182,85.61064529685932,29.53545054057551,84.57739179607296
60.103210828009566,84.25798488007922,29.537237993900018,85.53870527596075
64.1110232934357,80.02164499315244,28.55262690160903,86.98037121125307
63.121310965940836,79.73610763560492,28.771760903820024,87.55144592634811
60.83433141037842,78.87346054809991,29.80086287655324,87.50431153216229
59.150243732018005,80.79513409398393,31.378459909088935,87.24212108876449
66.14826281188685,81.60725444369555,31.906529269896232,87.43339382940938
80.39166404220316,80.66901362889328,30.836782991235644,89.30987545901391
101.14108871858323,78.75590931764262,29.712320352281953,89.46568528935099
110.62704501863259,77.80317806631375,28.90928294786225,91.37114779200874
114.5942087093371,81.9972609607231,30.12102766059145,92.12905409732824
109.20483669891266,82.15638000638785,31.588491315359693,91.81081600599872
104.51061598520205,81.93985902995504,31.55416453674553,90.35930431765725
97.19673091977646,82.54766617502733,31.27613795215926,89.1436900275127
89.28841993732618,82.99630552643033,30.525370492274767,88.24641132470668
80.60615481633663,84.62264372282952,31.560639924016463,88.62245955640552
76.08881376211404,87.92463206383718,31.40261027565439,89.372652279836
74.61182879863657,86.60380269597498,30.663805146474935,90.16792348749325
74.07851623472018,87.00476853139132,29.886153460914134,89.36599181666057
74.55158602536861,89.00997259345404,28.94001387961729,90.81153238104068
66.08601013204606,89.42180693754266,31.296463807992446,91.80970142514721
65.42513138330101,91.06069233343925,32.61822130548254,92.29035794657159
64.42766745886502,90.93787463545809,32.70302509497081,92.53599334253391
67.74571781310848,89.98159980438578,31.81243869783177,92.53337156756254
68.04031623155883,89.83347143473564,31.223241860931076,92.82962830686282
68.4519196947456,90.47717769243792,32.292439774346825,93.43462063124753
70.26604507186966,91.5399248384305,32.5052500764426,95.1501873956063
65.98576713412966,90.37382728863395,31.321472486866206,97.48238249519937
68.20219176886108,88.95765519065186,30.80936018471899,98.35435820750573
62.68141473397469,88.97131021190606,30.071043101353812,98.32704816499734
53.81063086275756,91.48156020232474,30.269068442968376,99.15439565109989
53.256481603095935,91.04367778839911,31.37736696229164,100.03016047895116
61.39357196128047,90.40533320013438,31.083650109870128,99.30929167248719
67.65661960808188,87.95879850967863,30.44904814721709,100.23852994308206
68.25562677861696,87.00324909180415,31.234385690789065,100.16627689418891
61.63426743562875,86.52363428043489,32.4960047264198,101.12550651692743
69.15487259497608,84.81115986307555,33.7244331628996,102.5167505072493
87.85714352558819,84.68175947645369,33.68839674667936,102.775551280493
109.20644951224304,83.54630875953201,34.64977940500127,102.96740535092536
117.46475525567435,83.53965197956231,34.92818002301672,105.08009542397453
123.09499185702987,88.00706209042386,36.47495062686214,106.81797837438177
122.56749468230265,87.93041723657598,37.5299449763166,106.97126808207753
120.90569214513881,88.22580842030446,38.644607166467864,106.38048571462056
123.11727572559361,87.22181177600937,38.66285844844961,103.94706056031939
127.6345599152474,89.55175454075554,38.37310426186742,103.65958212718974
125.7050014497959,91.2945252981374,40.05536111223023,104.52776077350629
125.52672128810256,91.67453697096309,40.411921435616904,105.98732213646133
134.62927600560928,91.24293283050746,40.18229929733372,106.8505304173726
140.52327351554177,88.6916331158928,39.670238419108664,105.18756936161796
140.56770866890113,90.29401235578237,39.58136811238994,106.42706656529191
138.76375803163012,95.6577250604285,40.95097733622404,109.12939346024757
138.06107799485923,97.62537479518595,42.356337409765764,109.79748291909337
137.39736205213163,98.13961891174628,43.683769295220976,108.7689946859727
140.93162646890178,97.17354630543339,43.65172831496996,108.35564394750205
145.98120220882117,99.9863441142607,42.90846462358473,109.7469641711876
145.56482877931396,101.35343433333362,43.74121148259916,109.35849167705126
151.79404451255454,101.76901192740286,45.41282833231146,108.52733648891278
152.3217943014259,102.77000131484884,44.357328754568684,108.89812747676817
152.62686797921148,98.14282109586611,43.74718139899755,108.715044643826
