196.5,82.1,16.0,20.0
196.17465106033688,81.66352665788337,16.216751446432138,19.87294668423326
196.66706123836684,80.2745013717908,16.36715527649762,19.812936791104786
196.61190882741272,78.28215669869743,16.477460098405842,19.81379419766673
196.85383104762235,76.53523110703924,16.564527381841916,19.882175037851372
197.0815829212903,75.37285904456652,16.68239266214599,19.913443052236723
198.46165093433746,73.00269388662755,16.801009360462018,20.047769009058197
198.69514582541356,71.01896709393009,16.913751890921887,19.95709640616834
198.65188547016464,72.12680289136247,17.00027260141976,20.062019139078195
199.17556233782696,70.90293143972636,17.119238915450612,20.177121943639335
199.17438530961263,68.50624538285038,17.121592971879288,20.275689815496857
199.1515045365135,66.45951540312242,17.167354518077538,20.250281889346862
199.67631277757192,66.43170629720618,17.2952458065682,20.305900101179375
201.70686803458062,64.33206768188026,17.37582051200766,20.36349211237434
201.40952443129447,62.7537409052656,17.37665361194074,20.550875132407814
200.80582802622916,62.067008193396084,17.39052493632154,20.730819070397
200.79302679529013,61.69955240960804,17.416127398199578,20.865970941193343
200.4409152872772,59.879569547475526,17.518095017766385,20.8924042867037
200.4303026327745,58.012189174757985,17.539320326771744,21.001329328423605
200.01203198169614,55.18468874670311,17.769534745571182,21.19938823431814
197.5437290907506,50.51212061612895,17.80142621794173,21.348185165115368
197.5291646944783,48.61497186134768,17.830555010486293,21.44710384651005
197.81915913287068,48.21190968581867,17.868456084701776,21.63533824656782
197.7770682637562,45.621135572054754,17.952637822930726,21.84569026226769
197.7920858664604,44.302517815675486,17.92260261752234,21.97894482830869
197.77143250390196,44.215702573763565,17.963909342639248,22.152575312132534
197.45725488190777,43.828389018875704,17.96137043430458,22.296308269585197
197.45396727912734,43.4739670866843,17.967945639865427,22.372092477014572
197.41972068026152,42.776653711213456,18.036438837597082,22.498061271478978
197.67267770392462,44.31647873440458,18.167895929580514,22.60526692164499
197.62723654667215,44.573373994797734,18.258778244085477,22.732622114826363
197.60093898273925,42.018907235340414,18.31137337195126,23.32955186991887
195.25181893660155,36.44616892099518,18.42761591793178,23.347320171893266
195.54383632733908,36.71798697060278,18.50031264702441,23.46041558324573
197.80349445630281,38.98765733569489,18.5985021287302,23.53858059269475
197.82191638669474,40.9232437750445,18.561658267946374,23.642017916605248
198.0816817470414,41.24304804346286,18.705547419731708,23.665829252247182
198.69671825514465,43.53628174171156,18.807717831792882,23.742213854686646
198.66250530293578,43.798619611827405,18.87614373621061,23.886488351531554
198.61365267462992,45.48154960435835,18.97384899282236,23.881981791659133
198.5394458460353,46.06312153799921,19.122262650011592,24.066413014652504
200.8798485251059,48.384961108881285,19.194608106646314,24.1758846876643
201.1432452604899,50.71630701144079,19.349687372318527,24.286302037626474
201.07195006453134,50.98904610212215,19.49227776423563,24.426904525737886
202.80354505804027,53.34457828088998,19.481829710319673,24.54967887454494
202.76936177179243,53.606294796468674,19.550196282815353,24.718506268457354
202.05490127525704,53.565064052506855,19.587205022172846,24.80096775638099
201.99971015655498,53.79475878283813,19.697587259576967,25.039398085377464
203.78310001159363,55.18922570909737,19.647121284863807,25.06351522115031
203.74471549694385,55.549592450480944,19.7238903141634,25.045593410173865
203.7310096165237,53.00541822597835,19.751302075003686,25.207447620993992
203.698980550289,52.88041719520109,19.815360207473063,25.457449682548514
203.66381530750618,53.49856699158273,19.885690693038732,25.64429439744727
204.31015846154085,56.29574897471096,20.024149292457707,25.774510061144127
204.6446610938181,56.59708458477773,20.07496009418954,25.891654907296846
205.32340280818858,56.891232909031004,20.162343308310945,26.025791580221487
205.63939429297665,57.229068603258185,20.25626581178163,26.076025664813958
205.56253124404964,59.313120850714625,20.409991909635636,26.277132915132373
207.6832713548536,59.99871213293115,20.571176446412345,26.373505270160837
207.65368274593934,62.107482586935674,20.630353664240808,26.58320377964421
207.96213793765148,64.53663812977291,20.755484926916367,26.919184216668683
208.23996507743482,64.49766908711729,20.949042526763385,26.9971223019799
208.53159404310722,65.12273958669076,21.119338994261273,27.254090100518354
209.2190636819695,65.81658310176243,21.264906156735695,27.386909510573993
209.12658483978083,65.74014252268941,21.44986384111305,27.539790668720045
209.03622379489815,66.06637930640542,21.630585930878397,27.657316041938877
208.60046448873268,67.15417275355193,21.727369107988256,27.80593545330906
208.52546319515406,69.74415488345474,21.87737169514551,28.07604705574411
208.4420355219331,72.40310716325865,22.044227041587416,28.25420931001072
208.40143141239642,72.31294266980359,22.125435260660762,28.434538296920827
208.74813790140172,73.38765780080935,22.226691066641934,28.669114386884566
209.11422383766458,76.14455814666682,22.29442104317051,28.754626638549816
209.0550151430492,76.48458265811485,22.4128384324013,28.876888696393426
210.26953928813566,77.20846565910824,22.402111057647783,29.04133663801956
210.62986534484517,78.30392980194732,22.4899035067294,29.275742039843188
211.4484072094462,80.20334488611765,22.479727915715372,29.544182216972693
211.36492297069347,80.11066708340523,22.64669639322083,29.729537822397525
211.34228763087154,80.1006944146815,22.691967072864713,29.749483159844985
211.70438818089406,81.13487757123332,22.791743789897033,29.32907248089613
212.42433185989702,84.17387634368012,22.990225599099848,28.98536702123309
213.9950175941821,86.5170175558116,23.117457701210707,29.201989952991575
213.700957602832,87.12364458281783,23.705577683910853,28.811270104712076
213.50015366593576,87.8641510080229,24.107185557703367,28.15631653163131
213.3394678407581,89.7839521014638,24.4285572080587,27.606432386206237
215.0795757410818,92.21648366251749,25.043674012201812,27.655768389847502
217.77064995676199,94.1138634168227,25.46912861227443,28.009296760832132
217.3019211122063,91.98612919140287,25.564643918138614,28.055053295435474
219.27308481180114,96.93522861499736,24.999024338396715,29.1311548614521
218.18032912274649,98.45479166703744,24.629067894284226,29.499319187001042
217.5524040606939,100.74748283278355,24.181813020853312,30.023251848117006
217.82447549973875,101.85612700050895,23.637670142763625,29.51072947911607
217.53301256437592,102.05579166936295,23.38489185984406,29.11140014140806
218.0868163711973,102.38636362540345,23.102766923394224,29.275738906520004
218.67770082761857,104.64813927087167,22.744423029847734,29.692737731359827
221.1838907090556,107.30955368287937,22.67584921186549,30.137682509718232
223.81549452041847,110.123978249842,22.390429144386456,30.316252190247454
224.32374736540748,112.43337185275306,22.201600437483542,30.66352688287577
226.17591152335538,113.35282174967656,21.81667663501161,31.314180474096638
226.24686470539453,116.16646289063291,21.67477027093331,31.5204020554135
227.67733290825814,118.57192857912412,21.316206980680466,31.71421690937985
228.8937319430421,121.29225660487872,21.37671401948981,31.260171074625095
228.30937076529054,121.4025831598709,21.720170255466677,31.03951796464074
228.2202647015386,120.99497294042837,21.898382382970507,31.027123963842087
228.113091826218,122.75342713141046,22.1127281336117,30.831684565024474
230.59666391689913,124.68222077032107,22.131217930765647,31.12879226930012
230.99234724426086,127.53743791600475,22.175594070124355,31.26855753650758
233.05529996007422,128.77022713018061,22.24263481026878,32.157336045572805
232.8712880233347,130.05973773992486,22.610658683747804,32.99082655474192
232.68349064033825,130.22830102810877,22.98625344974071,33.52549088852797
232.46833455223918,131.68513454757837,23.416565625938865,34.15610836455018
232.29044912936112,131.74414273189598,23.772336471695006,34.940796077838705
232.08496251949808,133.80527806207394,24.183309691421048,35.42064904566298
231.93797302783082,133.08457645346203,24.47728867475558,35.927587050264115
232.20361918443146,133.81001964847448,24.89297195242376,36.370651841978066
232.45423801527616,136.46676866932143,25.352273503762987,36.820389078456145
232.25996251890484,136.23262794361358,25.740824496505645,37.2886705298718
232.63263137028713,133.0490261808113,25.98390368953591,37.725372680707224
234.59213370652685,132.73296622823648,26.0610066760485,38.35749258585687
236.85951406543225,133.0161257251153,26.57541344938626,38.801007090328866
237.0126113812794,132.3644547584891,27.2942584270054,39.07930941426781
237.86984472923803,130.62713336108334,27.662043275359338,39.43057489267258
241.5678516130822,132.77118711235616,27.633566363197986,40.40499371550335
241.57165276170477,133.49502152723306,27.625964065952875,41.09081256450962
245.4966558846668,133.53710922154568,27.314592028581103,41.0066371758844
245.55378143271,132.49301795499548,27.20034093249475,40.95380029660691
244.8638395551173,132.27874473509405,27.51240856388327,41.38234673640976
244.51460508201347,132.56925594772954,28.21087751009087,41.88077042896937
247.6930037365155,132.45294029702575,28.44534939757488,42.11340173037698
250.57675953323022,136.12885249754808,28.207523918820858,42.503137889877976
250.9977157899722,139.17491281100223,28.473461250192067,43.05811633210057
255.53746069870638,139.54627924489182,28.35887177860441,43.43599600755647
256.0141983446236,143.05666951000785,28.52977429810715,43.16148234534697
260.5955533817776,143.27887154732664,28.35188318328577,42.71707827070939
261.78167792049703,142.67072563409016,28.20656558941902,42.81990435539629
263.1984967966864,137.31659989034574,27.598113434272243,43.51482065534134
264.8376220558403,135.55909350385858,27.658424274676392,44.80412585584112
264.72058583841715,129.30438655533888,27.89249670952273,45.9822566686791
264.47908379504946,124.96975633040202,28.37550079625805,45.41448327123437
265.17719191712524,125.45536597232613,28.133560476270276,45.597539911549894
265.9821961893774,125.91721792434087,28.829448272481663,45.82678417787823
266.17459031167914,124.456034898096,29.612706045365286,46.413058195393724
269.3603549661051,126.45294365299704,30.38072947463828,47.17894251100827
269.1397399534933,126.07056983280017,30.821959499861975,47.94369015140201
268.94879284206394,125.22224228742304,31.203853722720577,48.40728954592115
271.89889692252075,124.31984547030035,31.535542069165462,48.965703878694846
272.28225220138586,123.48102695267855,32.029116666352486,49.38305575902126
276.45521734678056,119.38338680705118,32.606637870635865,49.92966334021365
276.28090862865156,117.70918688129616,32.95525530689389,50.69284853377648
277.0058578998651,112.79571872640682,32.81522475886741,51.35070888275102
276.9245787433836,107.3516679618821,32.9777830718303,51.69970751245863
276.81402734549437,100.57713001118304,33.19888586760885,51.99547943750449
276.706625997434,100.31054525625616,33.413688563729636,52.528648947358256
277.0392433412576,101.39545834283807,34.09348143179009,53.048877885609784
278.2452631345837,105.5298949528675,34.4098016453524,54.32926396630205
283.110458761961,107.24801006064669,34.39986099247708,55.058941151549035
283.08162053376583,107.15063803327016,34.45753744886751,55.253685206302116
282.80926564913784,109.15059839717901,35.00224721812341,55.46352441022522
286.2791144771496,113.83407820877343,35.14014218813154,56.00519446348068
286.6421919497675,117.3096144616685,35.83991343133553,56.18375289988904
286.5895691014133,111.70064221308553,35.94515912804388,57.31951942180246
286.5977239098971,106.32697803350335,35.92884951107625,57.853425102457116
287.2164093318546,107.05493207383763,36.158240486857096,57.86427884148449
287.65407137854777,103.07338819945612,36.753688627029405,58.47350542245433
293.4004911770578,102.0404708479474,37.17970561041341,59.04948305292129
298.5284810482445,107.53445848420901,37.46295711980218,60.10634349669754
298.559447918134,112.13267909270348,37.40102338002304,61.592916920509765
300.16602063488665,115.11153718726857,37.282434382295435,61.824313602934694
303.8944356132752,115.86269594246201,37.56923816291261,61.87072284002666
304.90907447093144,109.93703671052822,37.09420940674144,64.39654754904628
304.7879282589415,104.72441857869585,37.336501830721296,63.735494590647505
306.2595357669928,97.95324580412213,37.54939376842919,64.65341232455268
310.8523523164426,87.85418951503512,37.93544528186789,65.70815567805016
311.4895009159188,81.3329923985049,38.27861467975473,65.81081713639676
316.17029823853915,81.30571928110516,38.66584976052482,65.86536337119625
317.60971661263386,81.08140487350282,39.051351823851604,66.31399218640092
318.3037893697353,80.91553302554,39.30855856246266,66.64573588232656
322.28912054753454,86.27895598147265,39.611041104722034,67.50129282746236
322.3916788764892,84.83321979114814,39.40592444681273,68.72031347207324
322.32744904314296,80.43491337341756,39.534384113505176,69.08163543190784
323.209235972031,86.20716967594599,39.46540233218993,69.39926736207693
323.1832723862303,77.5829120041573,39.51732950379126,69.66653551217235
323.05358193904135,77.25033443721586,39.77671039816926,70.33169064605522
322.87892739589245,82.77934015928497,40.12601948446709,71.29420905532096
323.81698428081984,82.21637806425164,39.98730712473224,72.4201332453876
322.0617716853473,75.1452164671773,39.994376002048064,72.54903118501943
321.9556284028509,75.0393032177703,40.20666256704089,72.76085768383345
318.34332858485925,69.46358751887905,40.38945340515746,73.34957588481596
317.9528219608269,70.11060920715141,41.170466653222256,73.82779657562925
318.6919207069376,82.71412856034613,41.48491644594992,75.51046714347619
323.35495327155564,95.05529948135816,41.27316833609599,78.17107635959871
324.0267881187699,107.49525452879581,41.787937422449616,79.30930919567385
329.51785342919544,118.36810706492486,42.10991968373447,80.17182988768754
329.33982720241073,132.92983454807575,42.46597213730389,79.58186128353766
331.9843559858609,142.2730129825241,42.87590691456862,77.99248144713596
331.17632562267465,149.26133628396227,44.49196764094109,73.43207587890076
331.0506352621458,147.56558500524136,46.586386015410554,71.29446547610718
331.15470429974494,149.40577855410646,48.22441653588609,69.46024697405075
332.3547329862286,155.60667298604574,51.65470276174037,81.18660751754905
