273.9,104.9,11.2,10.0
272.29363721168517,104.3452456648858,11.076653858025605,10.109508670228408
271.0227795746568,104.27584400692064,10.949941660596137,10.248311986158743
269.91606667257065,104.3901985007164,10.826872124166707,10.35338804722459
268.4777258679828,104.18926811931522,10.701814625341763,10.421722242471319
266.7027796987418,104.32355147316147,10.592592021939309,10.485802347677403
265.4240433268538,104.47608498094706,10.494527538526151,10.512677485504849
263.31768907229684,104.6305265428424,10.406548806218533,10.534616457208116
261.7124963025319,104.8082379860095,10.31912846197066,10.508974159251693
260.25027499629584,104.29268801411293,10.291587186928897,10.556079473873575
257.9826668332081,104.42012118953367,10.230560034143583,10.629516228672134
256.53463119887795,104.56301711964244,10.170220244197077,10.672214486077605
255.23245536929466,104.6955934555911,10.148943765232966,10.735265331446602
253.58086255710828,104.48183630214163,10.163601612881372,10.83392686067311
252.22678571197372,105.4492771680911,10.226734406186239,10.882810801497383
249.92747910557298,105.4148071648267,10.171836639338988,10.951750808026198
248.25280248834792,105.60045218235501,10.195207560056161,10.913059004342848
246.93907154786464,105.05864954484828,10.163744748001651,10.999567519473402
245.41687592943325,105.3977101696492,10.209196290347144,10.987877313097623
243.78724096599422,105.37579705328395,10.130907529676158,11.03170354582813
243.0774894451006,106.38997120910776,10.217634654334223,11.002519109874207
241.56650150643785,106.24400411783601,10.232544057020982,10.960334795235607
239.21502347779077,106.10541564113223,10.263743224811233,10.903814827964345
238.07258168421112,106.26231496281108,10.215461929415227,10.923325453543107
236.73549148105968,106.42984785383734,10.226861334988424,10.921107296581768
235.7413246781452,106.75412117423723,10.217230884169673,10.938548674664592
234.42450061660557,106.5449938699312,10.185971275566853,11.023689816816349
232.11700199316607,106.8750327470782,10.125734715957229,11.031502606306486
230.81551607110904,106.88815434532314,10.063838574642984,11.005259409816578
230.00351851510598,107.06201354273547,10.029263671390629,10.989255018043615
227.54716185140805,107.06180507505238,9.9782674257646,10.989671953409825
226.40099378711702,107.21906896144017,9.959849510086226,11.005251901242882
225.08385546099527,107.25786440957647,9.95367458258705,10.927661004970282
223.25167725319147,107.62743990873726,10.001775627692277,10.846010983103671
221.93927919492333,107.35487610249895,10.000617383607322,10.73465000542497
220.94797364961158,107.89360223826334,10.02429754303281,10.636663199495214
218.94543012293872,108.0605815622556,10.12537982851103,10.628038282166301
217.00141542958985,108.00811585593442,10.091791031124503,10.732969694808665
215.50596617744804,107.80379276905903,10.131498415180964,10.813705744089772
214.16358187736276,107.60344660379282,10.177851084793335,10.884596083302394
212.3381274816976,107.56456717804585,10.18066052313253,10.96235493479633
210.98399514367506,107.52834344614728,10.225693379038947,11.034802398593488
209.6314961852695,108.53746910634655,10.252688599239725,11.025053100652716
207.46671138648486,108.53623919602595,10.226902613680219,11.02751292129392
206.16111614488216,108.5100626947135,10.160846415716975,11.079865923918817
205.21094882528948,108.49244042225928,10.054654311397076,11.115110468827243
202.86590867404465,108.3176700390568,10.078849103456042,11.131373698772862
201.7010351315124,108.4789522330684,10.071181205706267,11.142725736865996
199.67256140344895,108.64291240575334,10.120480118385162,11.148776103450134
198.16708237222778,109.13679222863576,10.117778828149337,11.165569575244685
196.83421896741064,109.01326527426376,10.102951368395138,11.077554200315117
195.2064110143654,108.83966638459553,10.023937489079037,11.091289001110898
192.87699355377333,108.79882574512963,10.02893402841659,11.172970280042698
191.67317692877174,109.66774014263235,10.100200262224371,11.103975068033968
190.1308690246092,109.69297704792587,10.180341840792204,11.053501257446953
188.7798197218244,109.84220728382228,10.20787610467574,11.089361328364896
186.47119329838873,109.99659370858684,10.130680611626214,11.11590621740154
184.81131776296752,109.65659014697088,10.105411946479265,11.126909393435609
183.48639442395495,110.32704422033584,10.081094547936834,11.123083284989466
181.32148471278907,110.30002777102881,10.071211724161584,11.177116183603511
180.31451228484926,110.26825054002653,10.078120498750994,11.240670645608075
178.97895235487252,110.25624707424912,10.064406948942302,11.264677577162907
177.29700201878904,110.28261574709813,10.07072653973553,11.211940231464856
175.9820822933316,110.99199233212369,10.020248993779987,11.13334555984898
174.63675029108458,111.35242088548655,10.046815747219256,11.078512765886956
172.46988454597613,111.52527236024439,10.056966404221573,11.065392957387777
170.81059528124365,111.22011482207341,10.050136988907637,11.010626444773957
169.4827102462904,112.2557052005488,10.053272443950506,10.928921648970917
167.67715852531373,112.41043536828164,10.030456479246187,10.949817623201398
165.8415176560014,112.379865822678,10.06823248028671,11.01095671440867
164.51248007874318,112.1547143089351,10.071325794722007,11.129387011884358
163.0249675706607,111.81947292578506,10.042461032618396,11.132338716346958
162.0442840351514,112.97320833532936,10.003722290921981,11.158324678759222
160.07829826224156,112.25437476842227,9.938055202105579,11.263445601028044
158.60679651792938,112.21575440369229,9.877589839103692,11.34068633048802
156.28716364889303,112.16936155507868,9.841591618594562,11.433472027715219
155.81833767836213,112.47351973279098,9.774826097211818,11.494767313920345
153.49713108586178,113.51013371346339,9.731714615550109,11.42962135257366
152.14610774461252,113.41379395263861,9.76991249212848,11.289319773483198
150.13123856757653,113.29747423494723,9.822543797884807,11.19053362150632
148.46873866367122,114.52921397072612,9.840151142920604,11.0422288738909
147.4684131067812,113.9317099133267,9.86848144006834,10.922356444268246
146.33033436347506,114.2874272660595,9.853471762419701,10.865540928591496
144.56726339569153,114.46508317590023,9.791564033300137,10.83641544206335
143.58681997008597,114.50726202801877,9.803975648110788,10.75205773782629
142.10277571378387,114.55681170256102,9.859385409072889,10.652958388741778
139.9921863503197,114.77833668350824,9.881972405341566,10.532877021513464
137.8761072079412,115.1528950372949,9.935243820993403,10.42666598611018
136.43670141040852,115.67518508558804,9.928325572198595,10.343995837477285
135.62193135858658,115.57612596763535,9.961703785928616,10.222881695399883
133.03451486748432,115.63552424244972,10.05076340401915,10.104085145771151
131.57618320156027,115.68340282536425,10.11083652726374,10.008327979942065
130.4514481026476,116.15480938819961,10.14245326764785,10.01602347888906
129.0229048950075,115.35797158084034,10.142446790683525,10.022425264582871
126.46358143094659,116.32846309402495,10.1802035748309,9.986776042204083
125.84096262549673,115.97931326226343,10.155094873098333,10.049902549410982
124.60864541266974,115.93694509881098,10.074226436999197,10.134638876315886
122.72354355058695,115.89844527680893,10.025436257795427,10.211638520319966
121.14170507587689,115.8629501576511,10.002206022959376,10.282628758635637
120.04911674119776,115.68441109206796,9.951312591930476,10.320268304032306
118.76760125782376,115.5066243794603,9.960549357116404,10.356617454052369
117.16762617077342,115.47251143463437,9.961097695544156,10.424843343704225
116.19420743291879,115.44181820796808,9.981829125454306,10.486229797036799
114.7224053428517,115.60510016191427,10.024668803098622,10.481973056087762
112.46060452433322,115.76171759405821,10.027402110437826,10.491657358206862
111.7784235886102,116.44537636196864,10.099307514346318,10.416796289923566
109.82393577549001,116.14593677359812,10.131340214843464,10.369518312374069
108.36502478322065,116.63075542776896,10.143577731935334,10.368409159847996
107.38155139041609,115.80304077310593,10.172413130809876,10.408745646895243
106.4176300966938,115.79029905012858,10.155611351281912,10.434229092849954
105.30386775211488,115.74025519447444,10.113441801937151,10.53431680415823
104.02663323257,115.68046182249964,10.066753523050073,10.65390354810785
101.6186133683984,114.96985128832071,9.988641145616667,10.770017388258601
100.83105176663278,115.08483942709135,9.92951381864758,10.866891216817377
99.85436400226025,115.20379608315805,9.918373793560846,10.95639716365594
98.54953690189622,115.3147613022704,9.898948581629742,11.063101652013646
97.08153337812895,115.58042788169394,9.865102025531957,11.191735960640415
94.95241875834452,115.35696825906578,9.8146219655838,11.307216029010789
94.31185892366862,115.32330528009847,9.766062930308046,11.37454198694543
92.33653683462657,115.32210937057278,9.724524095956193,11.376933805996812
91.0135938542696,115.320733387412,9.713997191462319,11.379685772318332
