218.1,53.5,9.6,26.4
215.66462605699937,52.576340649608866,9.611787318289677,26.69603861968063
215.70943538730663,52.205131684310864,9.522168657675143,26.882729445066484
215.6913699224003,50.47709970059991,9.558299587487797,26.998172426717915
217.69615300379297,49.16062570273051,9.462256431002341,27.39482156171392
217.4945376073916,47.98177991932418,9.302497856459997,27.50055565914611
215.2685746187622,47.600870420113225,9.261760365780479,27.700791724075724
215.30261854350874,47.003825943609485,9.193672516287421,27.76750164441355
215.34794593252911,46.68298817798812,9.103017738246624,27.84578452847274
215.33734307589287,45.545417837675906,9.12422345151915,27.86954823732332
215.06769913827864,45.19024012023303,9.099940269651425,28.016332615112873
213.08032326402048,44.868233955850165,9.118209423758884,28.095133144677334
213.06010365552956,44.57153606435697,9.158648640740692,28.12186189362224
212.56297931424476,44.57303716139481,9.017318750181282,28.118859699546565
210.6108223182659,44.25788709826989,8.965582788462156,28.184009832414
210.87312814799893,42.28876897079725,9.00609407144281,28.16638549023221
210.88097039074592,42.09816981744699,8.990409585948857,27.981965442389836
209.51210548155635,40.0839796279007,8.914584095437476,28.071368389035687
209.56774866180055,39.523327740989636,8.803297734949082,28.06750199954868
207.336704285339,39.47244413239571,8.781553187104768,28.16926921673653
205.31732300049163,40.578610708745494,8.889668067036304,28.20302045818737
203.00829179316713,40.67658016597933,8.995777002450808,28.00708154371969
201.08369779360376,39.28877921845948,8.902799823295364,27.966851168557845
199.15275363674274,38.958878895330535,8.838496036400764,28.065767229013364
197.96722788466357,39.215278801396096,8.965133002003101,28.114071051521243
195.64134691032743,37.878712628071824,9.103920079616637,27.966594103758048
194.8625667250797,37.85615914881913,8.967746451172735,28.011701062263445
192.90367433105294,36.98383580634157,8.94651559864409,28.068198186969095
192.12985347149535,34.41437000700425,8.804773401036568,28.13897803547566
192.0933136867699,31.527251496684137,8.877852970487496,28.298013986238868
190.97217321339124,28.9685631069296,8.85963848476057,28.329276042658506
191.28434527998763,22.543360483354853,8.800525550640959,28.17936371112587
189.11342771651516,23.371057082811035,8.646245241985728,28.21001380056357
186.8136959748674,25.324273216135136,8.768925081292931,28.22076722240518
182.84714632316212,25.041321000225896,8.83377162711633,28.224653600110294
179.61431205215547,27.04921041990922,9.103468048908683,28.151766109975163
177.01640910459358,27.581424193784887,9.194465362239336,28.221740469288967
175.1072859847714,28.15363519543015,9.023648035405497,28.217050913563632
172.7624547580634,29.821750617880383,9.180024943534816,28.280784227628185
170.4579787862068,30.034992668584387,9.225454991364558,28.42474036320561
168.23077607760962,31.45872351918836,9.093299819110051,28.44387903040325
163.84306832114578,33.48216036860166,9.301273424312873,28.39514488851492
163.62583342953656,33.166106620674086,9.161452426992335,28.452961603831124
161.22764197442996,35.166505810150795,9.37747420685737,28.459979213932378
158.84024858266494,35.125733665235245,9.539383462756218,28.541523503763493
157.73128604001835,35.61933333751174,9.434371819918539,28.715792523275955
157.62309501014448,36.179444438131114,9.650753879666222,28.758151292365817
161.99398020975207,33.81627701298248,9.696800455463844,28.79765042265626
162.98479691131735,33.15481199613114,9.47694243080461,28.946063537378066
162.98639661184524,32.85356535579147,9.473743029748837,28.963211634907
161.52821976286964,33.05019392270876,9.46244529808474,29.155484786995466
161.51020467941012,32.69655605760691,9.498475465003768,29.274704776883926
160.9622963121138,34.33760260007048,9.413469263780213,29.535080499405314
160.67410198345078,33.98770429076235,9.397311220390407,29.64233041730575
158.65059884350086,34.93440030873797,9.287917243517084,29.530252777114445
158.6349096313951,34.956817378369834,9.319295667728612,29.48541863785072
158.62282459607928,35.2836158322571,9.343465738360258,29.421929221863383
158.9756845987391,35.902294093107415,9.227397472754674,29.36387617959088
159.01419312514867,35.867579212598166,9.150380419935503,29.433305940609372
159.07104711400547,36.89644310960693,9.036672442221919,29.1343353575118
158.86431278099477,37.923683034826254,8.870227076122363,29.39951163555702
156.60967253094574,37.67377931894162,8.734787500352322,29.899319067326285
155.82770569203214,37.684422551831965,8.54329321652828,30.46317525542933
155.82860060726145,38.86843914524226,8.541503386069655,30.453256554083882
156.45509626273554,36.91834559781169,8.467222543902714,30.817312242601407
156.40811577807108,37.42852251063659,8.561183513231613,30.983149259833326
155.74775418935067,39.140730076339125,8.687517128731074,31.14190281425231
155.96602904914798,37.89933986688516,8.852767431673259,31.217483143013034
155.95313162033526,39.30916073280263,8.878562289298706,31.42762910232797
154.71596238613913,39.71943872179387,8.915281312190594,31.21647798572059
154.39236372490674,42.02868935135609,8.95536755922111,30.847754254636094
151.9417417353657,43.756721504203924,9.035397570053648,30.4049486790964
151.28754605978298,44.719478579552074,9.148026264405381,30.273078513620653
148.81957640989523,46.40286599078206,9.29912324155198,30.494935433132376
148.40003219512337,46.83783307366342,9.53416606039639,30.22904687806895
147.69705216964755,47.0578143484167,9.730889097342015,29.789084328562375
145.50580131704203,47.230692008816185,9.899474472405748,29.443329007763413
145.52265016421947,46.92376336961671,9.865776778050874,29.457030144048428
145.5090236991281,46.95019595321437,9.893029708233582,29.404164976853107
145.1871651818122,48.50005778105454,9.93726603050158,29.30184488299195
143.4271900140846,48.27347785988293,9.864227847898594,29.755004725335173
144.0869970158722,50.83055928281566,9.752508530877682,29.472420625687036
144.12622899174826,52.14500147108338,9.674044579125544,29.235061438736256
143.76484572178214,52.43467697644617,9.803743475717287,29.24877807135118
141.39549386813619,53.156110066864855,9.777356866020849,29.59282075938443
139.99133876952928,55.33943879874632,9.585421414407632,30.026556333744782
140.88200126014434,54.379144269739896,10.838024256094366,32.760347008920576
140.88200126014434,54.379144269739896,10.838024256094366,32.760347008920576
140.88200126014434,54.379144269739896,10.838024256094366,32.760347008920576
126.39729441504377,58.08496048576706,10.822913557028912,32.73475977809822
126.38755276423308,58.67550585904033,10.842396858650318,32.21756365270269
126.84805675172223,58.97523760077852,10.578279233412264,32.27499051896653
127.06440742355484,59.23348382474784,10.145577889747035,32.411370491756216
126.18320376588991,59.18716370887253,9.967435835240325,31.85716093356131
126.13266773807541,59.51457752803204,10.068507890869341,31.202333295242294
124.2244800194025,59.738611807197515,10.115263217394034,30.75426473691136
126.2051946504078,60.4708382379728,9.890392319632893,31.15809105748551
125.87754191340112,59.23834965061698,9.921332684128314,31.12560779412522
126.52433244565425,59.986114754151366,9.87669899786268,31.503498654417413
116.70822327638552,75.07028139259499,10.009503485723236,30.89879282855643
116.28186031323018,74.24631365625234,10.239355824546717,30.055233951292976
116.28343720618857,72.39057975146396,10.236202038629964,29.461152834209546
115.72603398115159,71.51139326519717,10.137906925992512,29.399873462676034
113.40015154085106,71.74847389924552,9.958573687331098,29.52959945948715
110.9907494110586,69.3895206364793,9.957661800437268,29.42778983854086
109.44505046255551,70.55384765537731,10.044070429259811,29.503127215291745
109.95502421888659,72.82099614827514,11.125057558608129,32.41702815634634
105.74502970050474,74.50599945781798,11.128764513463455,32.4834313427918
105.11068683646975,74.29841104276792,11.06564035248652,32.23270322836845
102.86851956283519,74.76359996305632,10.921713492370335,31.963505588846687
102.92376140793384,75.1659171208421,10.811229802173045,31.81359040564173
100.42372208321693,77.36924549148169,10.606770290592328,31.96090455525025
98.29600905483842,78.84343548996846,10.319705344552533,32.25716098884585
100.07742933649676,78.47619509114563,9.996212808001873,32.34377218113828
98.23788314701251,78.16408943775541,9.816505443793716,32.32485019738928
97.05647193685351,79.05060045493653,11.337802936387467,36.14704488370257
90.57479164443511,79.13768680286125,10.90655036279322,36.721690405373565
90.4021953957321,80.41939592732884,10.529760628208017,37.04620108440334
90.4922236665968,80.73272441767378,10.349704086478583,37.1390915895366
90.91458589102427,81.08852529627276,10.222469336023611,36.427489832338644
90.93215947288824,81.45443016245359,10.187322172295673,37.105825677321064
90.59179285339764,82.01515288351874,10.154078778101317,37.41233350154194
88.02500320221132,84.23099002903663,10.263969073410612,37.28667835941755
85.24759926129204,86.03257237121142,10.793036010887615,36.5553656432746
86.09693322438434,90.20969614072456,11.24692990106851,35.376324158800045
86.73516269851432,92.93374373109688,11.388903030491672,34.18352521110465
86.69268378878125,93.84080766365557,11.47386084995779,33.06426708168811
86.69405780609347,95.99120604682838,11.471112815333354,32.16583646467397
84.09648405567296,96.2579661802187,11.325485709204187,31.632316197893324
82.51742994177465,96.38903281612481,11.196929487071131,31.370182926081096
82.28693675885633,98.66577049368777,11.006659248040767,31.375503805024348
79.73339414216483,99.7749350820021,10.93071302316142,31.10081142524408
77.51987011439066,99.48089331887792,10.859716900202013,31.046317211705627
77.20122003199484,99.74413636386649,10.85650743565947,31.16034075106267
74.94331964169969,101.03034271159332,10.877759555395535,31.156241576097162
74.8823576615325,101.07057789614719,10.999683515729908,31.07577120698942
72.40097270737299,102.22179110149122,10.81467219201311,31.347235412319264
71.10072119650249,103.11999472892762,10.83924400882631,30.83879375991035
68.47190948212307,103.31670286188397,10.999464057897281,30.445377493997658
65.92363881180248,105.64958037275166,11.020326744874952,30.22084129421785
65.98027681506746,105.87437931495717,10.907050738345003,30.402868860743283
64.43174531127785,105.50037812854741,10.843220852288336,29.886514076108426
64.27322216369885,109.14789611908354,10.53662729382015,30.07515633855054
63.16999720772951,107.71398718551971,11.924362845832272,33.2542908423911
63.16999720772951,107.71398718551971,11.924362845832272,33.2542908423911
63.16999720772951,107.71398718551971,11.924362845832272,33.2542908423911
63.16999720772951,107.71398718551971,11.924362845832272,33.2542908423911
63.16999720772951,107.71398718551971,11.924362845832272,33.2542908423911
63.16999720772951,107.71398718551971,11.924362845832272,33.2542908423911
62.638374805290184,107.20860631722871,11.805914035358178,33.043683774626714
67.54622039202006,107.05253550093059,11.597170545409202,32.66961485840076
76.12864196731758,104.87205577524084,11.359338398209676,32.29101122882951
84.63343598492334,104.34011918715554,11.033651188709053,32.68752837197169
87.48473166840887,103.39659948165982,10.667677404144225,33.24041338736157
90.20081245730593,103.35375798638005,10.581374186033335,33.32609637792112
90.50655473691239,104.97641941232175,10.63775013990189,33.42007609144517
90.4845269629695,104.71615165265827,10.681805687787692,33.270379116722985
93.14071608496799,105.49019952123304,10.7207687294339,33.060118700984255
94.25341459532515,105.50858136058413,10.495312199133352,33.690001852419975
97.00613149447993,106.37031514683372,10.361365239826561,34.65227769942218
100.12449302562277,106.45802288419989,10.267908520059937,35.84203252302741
102.62821565272354,108.49635039141654,10.144086725097905,36.64900096783363
105.81447682849385,106.79425630056069,10.132116125827398,37.2262772596475
108.88802771262729,104.75313818964426,10.416746725479294,37.73532883263661
108.73280435039979,104.00800953081979,10.727193449934314,37.771284252718054
111.51822022465157,103.76111337874507,11.024113405011963,38.26507655686752
112.45295810745874,104.30550136335724,11.392585323183583,38.66826571016716
112.47101339807227,104.98597178981241,11.356474741956529,39.58294990613904
115.21604921078786,104.77685703408224,11.261947003311427,40.001179417599374
115.9445583142043,104.46686298049754,11.354785462926467,39.84623919154484
116.74163944015429,105.00597260375,11.309577747725786,39.54249721338958
117.03101866077465,105.39312653707017,11.500164897696164,39.53753493796033
121.64486835974886,104.45990134511531,11.54641896107313,39.85832641164913
130.46343941355858,100.29553852572,11.80840977137886,39.62659717664942
132.8776421402344,99.74789320517343,11.658932215101075,39.94206650156361
132.82873967545896,99.85852501445231,11.756737144651908,39.720802883005845
135.43208916792534,99.17260517316996,12.011394504524773,39.53225503848323
138.56255929943117,99.09306731928004,12.008459131855147,39.691330746263034
141.3556674071493,98.35881134175143,11.913382183379097,40.37539423461166
144.57645336645814,97.20359789072847,11.81070212076139,40.30873669065757
142.7200547032581,97.01481842829453,11.575953386821084,40.686295615525474
142.39674721246303,96.78270507897838,11.432103513725147,40.36005745947163
142.24607862518815,97.73094284362739,10.950267584035608,40.81310124289156
145.84528671103388,96.4303134176778,12.675956731792532,45.108124219839155
145.84528671103388,96.4303134176778,12.675956731792532,45.108124219839155
136.11114634103313,97.64877850708741,12.546282310280755,45.18836405227827
138.55491966135662,98.09920255715531,12.01934327934576,45.159637474084896
140.36305106417575,99.92341314376523,11.850347842785526,44.09666682767356
140.32579412267742,103.52285830635918,11.924861725782169,43.6471847436915
140.23839583964457,103.26232590303745,12.099658291847891,42.490754952688434
142.04527792416033,105.05078122226557,11.788753681050473,43.04241876202479
139.56461085869557,108.07113821817633,11.78405289268864,42.79541217604319
142.86496472721726,107.65626555241602,11.776176904105514,42.80105353900627
144.8915181741522,107.59777281358313,11.843248606064678,42.094003297506205
144.8720662162104,107.62846142709924,11.882152521948209,42.032626070473995
147.55325585703503,108.57843758668616,12.226071719639801,41.763044745397515
147.98737311500935,110.25544034555544,12.175631206033394,41.68021523702814
148.03599876115035,110.44104357365931,12.078379913751391,41.309008780820385
148.0450000636267,109.98025294429159,12.06037730879872,41.42196184319092
151.00291930565947,109.76966954825457,11.813762622213945,41.84312863526497
154.09409417169923,105.91164920641884,12.121278920476302,42.25807003480183
154.12855669925952,110.75319022524197,12.052353865355716,42.44899388609972
153.39872118230093,113.50436282141351,11.863541309188044,41.89209946401117
152.9959569103648,112.466814117007,11.856215053314921,41.52863247358801
150.8763270621306,113.20013747612836,12.057533254325747,41.677162353528345
150.43202688078827,115.49979303554544,12.132692238770725,41.95849950413194
149.6056679608919,116.70324192697203,12.147777642864114,42.00805037482773
149.76491456665522,114.53834164816973,12.64908174699322,40.59926972284252
155.6645046928379,109.0945794278961,12.987321488406007,39.34937416961162
157.21943902177503,106.81437248024633,13.067983961673804,38.326358585412514
156.799942082916,107.8437888262676,13.122434669584807,37.836612232984
154.10904875146255,109.38832780411124,13.054350829880287,37.86174599307469
154.08376099216963,111.43207847242823,13.104926348466128,37.662603293577476
156.83194520758616,110.48344774851245,13.038821654259285,38.78411277903389
160.0952238953041,106.2184471866606,12.836512517823518,39.408803603987415
160.6590752946925,101.89030539534113,12.504521986042988,39.312252249666486
159.3442277165117,105.5200943878665,14.377038887059928,42.61481452926038
159.3442277165117,105.5200943878665,14.377038887059928,42.61481452926038
168.35984965655692,98.64693680295346,14.050750530899869,41.70365426622478
167.96634825085405,94.84253206088965,13.987158020182887,40.80651052912581
167.47361840487926,93.94117022088004,13.299311977313153,41.77258134173537
166.3869090785205,93.90804692988924,12.959348503455743,42.67662196590862
166.32584844709243,95.6639456800032,13.081469766311843,43.38648821557195
165.04124832732379,99.24455449647895,13.080733808359831,44.791724574251504
163.70904247080756,98.64945814681866,13.115628727152508,45.981917273572094
162.75223127114643,99.34872487299984,13.241319826816023,47.265280770697856
159.55325938260916,101.43544085811267,13.23830537500632,48.57838442523012
158.89383139846407,100.43954858600912,13.624288466061076,49.637296092201844
156.4007187502479,101.34159082060756,13.83533127461942,50.6983211157294
155.75265939307278,101.84229374128967,14.157504290264303,51.64480667177598
155.5940481690772,101.7544858010526,14.474726738255402,51.82042255225012
155.45111404602395,102.59977990512373,14.760594984361962,51.131583891892404
157.91652238958454,100.7129838337631,14.816627534407587,50.9156966448802
160.62268166124127,96.31382605137495,15.376495310657369,50.75573273031166
164.45649760882986,91.55398138854648,15.736886972898994,51.24389555387246
164.4960930086837,91.32753784541477,15.657696173191376,51.69678264013586
164.50629567370135,90.70551314290674,15.637290843156045,52.940832045151936
163.94383224043466,91.6282470708351,15.722958542100585,53.173882524472916
160.807196586408,91.41267653075327,15.731348123521416,53.605023604636564
158.88356815653987,93.78823689560235,16.427410203223957,54.10589417499462
158.68570533825783,93.74855770609801,16.823135839787987,54.18525255400333
158.70084209868048,93.72091513329123,16.792862318942678,54.24053769961688
158.6888205045853,93.48478662441414,16.81690550713305,54.71279471737104
162.57152514282046,88.9428051340266,16.654977834341842,55.10706443679858
162.38376144475552,89.10250380191506,17.03050523047172,55.87646440240306
162.18957418468463,88.90900147438404,17.41887975061346,56.26346905746509
162.21762166000977,88.01492014180556,17.362784799963187,55.8130030988399
162.3479127995952,88.86485395124646,17.102202520792346,56.33692060319751
162.42243983960714,85.93904514886069,16.95314844076848,56.61605769317257
162.32170314375708,85.7757127449612,17.154621832468614,56.94272250097153
161.9390456615521,85.61509365450661,17.91993679687856,57.26396068188072
165.85439227348968,82.25422697426183,18.088497815094478,57.12919040629224
165.90883435264703,83.2948037530357,17.97961365677977,57.335929747715625
165.50364737109243,83.0042747147699,17.645115350734212,57.91698782424719
165.53527864148,78.97937356657296,17.58185280995908,57.93831145483401
164.75632863763732,79.12175551301478,17.993697004718175,58.7996033748766
164.6707252027683,75.51073279932291,18.164903874456215,59.02637573872176
164.76840568259823,75.47566938978377,17.96954291479637,59.09650255780001
162.51536755426818,78.6340803755855,17.797072791430384,59.797500156235685
158.42015228601983,77.96768656139298,17.75299137741969,59.95392893454822
158.22010146253587,78.35487854628344,18.153093024387612,60.35729724061366
157.97718954300484,78.11567659325979,18.638916863449627,60.83570114666096
161.65138187770427,75.45255858461616,18.530493686187114,60.128635920501296
164.5759336182596,75.15138067281029,18.654575844833005,60.73099174411301
165.94228324044286,70.17616186321902,18.332809630581917,61.037697242833914
165.81708537201928,69.63092830739009,18.583205367429045,60.92431510159146
165.5313156851803,70.03301820441979,19.154744741107066,61.3270196270681
165.5328265700229,70.66513151348248,19.151722971421833,61.285948728669474
164.87219628571944,73.67676822055128,19.25046599684011,61.37526303047518
163.60259742351147,73.24814653310776,19.338451674454202,62.23250640536226
159.9880831791038,71.00409640324452,19.13116591204559,61.76306383093947
159.0498187061974,75.6342690715785,19.778792628888446,62.33393632603112
155.7675724037446,79.22424434176979,20.098557682676024,62.6476588469902
155.66850283252344,81.82598707614594,20.296696825118296,61.22202630866933
150.74495879494745,83.38736169898287,21.445189001702097,60.58459017687207
149.68956505472568,83.48148070550025,22.301468930416334,60.39635216383731
146.61966019150006,81.58052711338749,22.10471391641113,60.39632050378897
146.63145058830096,82.78038594643904,22.08113312280934,61.78788148807461
151.3911271385544,81.9222935670825,21.544412214585407,62.22083307646156
151.623825157048,82.13178968268143,21.07901617759819,63.081505139848495
151.16627906128153,83.70579557662586,20.710673648578844,63.78379751361649
150.32273146225634,83.66952757305936,21.111096640504833,63.8563335207495
148.62907176254356,87.58188554372612,21.90832195217189,65.09694688657075
149.96481959071525,92.01077384311425,21.89140493443538,65.53019552291869
151.29282553637762,93.93320132569978,21.901688756654128,65.68478412806286
146.22816542450988,99.50893100042235,21.34671962557619,66.55315030278283
143.8948321596298,99.69560437964259,20.66258350489025,66.17980354434233
140.92762489102398,103.91715762838058,21.31780468460756,66.97528542248138
140.8255355024923,103.86200834174615,21.52198346167093,67.08558399575023
140.7286998586618,104.23744039220823,21.71565474933194,66.33471989482607
136.0547367505176,109.30949561910731,21.673969770415873,66.92159366411875
136.3324259039068,105.29039056531504,21.11859146363746,66.86611019634964
138.91407358398968,102.55493097956833,21.30706903905654,66.98525643225821
138.44194393471219,97.5405027812158,22.25132833761156,67.61237162735645
141.35768436398547,95.70961840814789,21.897293921503508,67.16605554166341
142.01759295546157,95.79329503881863,21.93399986994263,66.99870228032194
141.1090402856815,97.9284000143063,22.396287620685783,66.79294509579766
130.8920390853459,97.46791275191435,22.424951642331827,66.35356372864658
130.58940916749822,97.17730878933673,23.030211478027223,65.5801485347078
133.8829663205177,96.80632995379042,25.13447304676177,73.70787554203851
133.8829663205177,96.80632995379042,25.13447304676177,73.70787554203851
121.01066664109555,97.81364056107802,24.246627398457242,73.44198577919529
119.93145481593086,97.50125099355677,23.427378652181805,72.57792871593539
119.21691764542528,100.48702932794193,23.394930893708228,70.99093834561936
119.18605701442235,101.07302295440385,22.01828284436464,72.69568971539432
119.07053321055655,99.28533378214908,22.249330452096235,71.95949457593086
119.10589883746712,98.87963889838201,22.1785991982751,72.77088434346503
122.36620853071139,116.57695288736326,22.864106604344787,70.52443961127034
116.8295731450941,111.64037464125822,22.561380501095265,67.59959961968585
113.77158859736494,107.54349079610628,23.177919798280897,67.54422261258067
112.92638245612869,102.72043960364022,24.868332080753376,67.49303639969297
112.87532745144998,102.49275915879434,24.970442090110833,66.53314017419602
112.67621108467512,102.14729084316872,25.368674823660548,65.82073004453459
106.53374865406604,102.85133256070458,25.051044803131404,64.41264660946285
100.44016510701441,99.25749761841868,24.868938922027183,61.97977084665102
96.18041704911876,109.63892657478227,24.03562422488996,62.59476622061762
95.45055394573812,103.14014428220987,22.835261737360014,63.6219316814518
96.96949068862492,104.18840470246688,26.963629947200687,69.19817943257172
96.96949068862492,104.18840470246688,26.963629947200687,69.19817943257172
96.96949068862492,104.18840470246688,26.963629947200687,69.19817943257172
78.52891904441256,111.98363467356846,25.715265307644415,70.38853324381748
73.17131607175921,122.78987821009787,24.654471188932135,70.85604629079421
72.36686315925743,113.3547364617747,24.803931853686194,67.83465238369757
66.92179210492313,119.55200402198929,22.923219287337684,71.04893964384489
61.57441910983728,117.75856147840769,22.173666908514583,73.20528743488379
56.38545839433783,114.7913887260307,22.4205927811473,73.35049262057133
52.297698298623885,116.40226216417574,21.872628322110927,75.94440217792412
57.96566094065453,105.3141319597639,22.380048476753476,75.91438988917808
62.72002056786875,111.70765192439299,23.297435281077597,75.04289974135138
59.90122046481614,116.30089969750674,22.95860521740592,76.3151571672335
60.55490078441117,115.23625177986332,23.157101413537088,76.93859616719915
56.86915209970968,122.27468830413633,24.45515279831975,79.56369957635904
62.19619066732608,128.3221200431401,26.437668975176017,80.10542941044058
80.20690764222802,129.69434694500714,27.762641777876127,78.98473242203278
97.98470058126969,136.06218318832293,28.11019474922002,79.3047467897384
117.19366296403155,141.00855957438282,27.477617392767584,77.62619997611237
118.13256793749113,144.88242766491845,27.2071941660043,74.70062395550875
117.1789326642532,149.8348613927151,27.553796102870898,72.59909954796177
104.47687526409756,149.7453549723117,26.832106341443954,71.24130035572514
98.37652233678955,149.58059026632662,26.997953303071583,70.0664724060718
84.08562079727338,143.05276497372688,25.770137215043388,72.6887562828001
85.88386303631131,146.6802645289204,25.185410052943944,71.45727180436596
89.56255910353124,149.12065139264928,26.69408020716723,69.53185217312924
86.60011242664989,151.13722467993267,26.709566296180988,68.45340923093693
87.42699717035057,153.06079304122943,26.51793642846452,67.53055174771325
