317.5,40.7,13.4,42.0
315.48282950683665,40.32039439258593,13.905713645670781,41.75921121482814
314.30807168891556,40.30957288513123,14.557761091946844,41.78085422973754
313.6272110181815,41.44112156822318,15.058543820173652,42.10057270327734
306.6076124847975,44.76493652059976,14.229595614642928,42.44971704431183
303.78631769155953,45.89865590629166,13.820778275263343,42.77573838400896
300.42504966738926,46.94428071253941,13.650273586935134,42.40774895568065
297.5426810949783,48.73879417717017,13.442126047176352,42.231798989036676
294.2496606738192,50.39730990177213,13.252632839989094,42.30253456458548
291.3928570276037,51.33162055096424,13.055067644112631,42.12281969143196
315.997862086905,41.34877552129464,13.302266294250273,41.9703231329786
315.94946781397397,40.69098442678781,13.399054840112324,42.44525026986013
316.8823895412242,40.29082992991875,13.231566615365871,43.24555926359824
316.81579849863436,39.71841422885315,13.36474870054552,43.53296048724589
316.7344772690786,39.56565988185461,13.527391159657068,43.83846918124297
316.6321947997278,39.55557253096501,13.731956098358626,43.85864388302216
316.5198901026311,39.52255300485788,13.956565492552047,43.92468293523642
316.42695055040247,39.409708759548295,14.142444597009371,44.15037142585559
316.43568880047275,39.27929129913999,14.12496809686872,44.4112063466722
316.4473824909914,39.08883463110824,14.101580715831412,44.792119682735695
316.37960350785573,38.963061045675474,14.237138682102833,45.04366685360124
316.3804179319451,39.00495987816517,14.23550983392403,44.95986918862185
316.3967341857889,38.95508918077974,14.2028773262365,45.05961058339272
316.3990525492419,38.935822886099295,14.198240599330424,45.098143172753595
316.47474933974894,38.817570909185804,14.046847018316347,45.33464712658058
316.4615340178329,38.775543306941174,14.073277662148506,45.41870233106984
316.4651509196287,38.58420255267236,14.066043858556887,45.80138383960747
316.3953340879942,38.688887294209316,14.205677521825956,45.592014356533554
316.38760236116025,38.73159994312926,14.221140975493737,45.50658905869366
316.3365918739886,38.80339182497674,14.323161949837127,45.3630052949987
316.33721481204844,38.81059764143803,14.321916073717402,45.34859366207613
316.3047065806421,38.79088824483933,14.386932536529995,45.388012455273525
316.27267313971936,38.88310490661223,14.450999418375561,45.20357913172772
316.2884079224059,38.83555616383192,14.419529853002478,45.29867661728835
316.2446488767666,38.90153799343386,14.507047944281164,45.16671295808446
316.18984767826413,38.97964748877442,14.616650341285972,45.01049396740334
316.2025689555316,38.98768623902716,14.591207786751038,44.99441646689786
316.77443655314175,38.89918498446148,14.354777607230814,45.17141897602923
317.3425852007891,38.71205436451261,14.123951277582073,45.545680215926964
317.9181258217245,38.46899740306942,13.879392396878213,46.03179413881334
320.7298005923689,38.401333910716886,13.709334392001178,46.167121123518406
321.80026551308976,38.11535705055796,13.383685529403603,46.739074843836256
325.41374256346256,38.12617959597209,13.433999739359544,46.717429753008
329.0382356474997,38.07026928256273,13.467347744692024,46.82925037982673
334.5366536350145,38.273262616902294,13.420426067641769,46.4232637111476
337.5996247922503,38.91372689745714,13.635673587746396,46.048219412120226
340.5592007579076,39.05642919828498,14.0486534801277,45.76281481046455
343.74428653654047,39.65789392499373,14.035934577495548,45.46809287913757
346.8190231545043,39.74347767547228,14.21303524191283,45.296925378180475
349.9440883004012,40.1370976765655,14.295381775877258,45.414324922530916
353.1771375367569,40.079352653053064,14.18404709720746,45.52981496955579
356.7785913805823,40.06366232096356,14.240397521401114,45.5611956337348
361.00758021296923,39.760511681037094,13.96245098046078,46.167496913587726
364.656934477646,40.21564822195689,13.962482607271575,46.169566351268685
367.66026651398766,40.41919794947655,14.34242534550233,45.76246689622937
370.7465643193202,40.59774202035925,14.565234507826188,45.405378754463975
372.3096638343511,39.75535565101731,14.177031841443398,46.17748603858816
375.8684514994107,39.837821868180285,14.391112800030086,46.01255360426221
379.1076105818624,40.09998945744272,14.339314834976559,46.406292740001604
381.1324611070786,39.73294521705742,13.980412740915565,47.140381220772205
384.2916351845452,40.136753979060174,14.147155262746413,47.25920522201871
387.4030275069038,40.07859242149061,14.442901424185631,47.37552833715784
390.87527468797714,41.361134659460205,15.005185644671553,46.687138506876806
394.20602437992164,41.55039881974801,14.916396756581278,46.308610186301195
393.885495039824,40.966058396691395,16.355438997292175,52.094464073214475
393.885495039824,40.966058396691395,16.355438997292175,52.094464073214475
393.885495039824,40.966058396691395,16.355438997292175,52.094464073214475
393.885495039824,40.966058396691395,16.355438997292175,52.094464073214475
393.885495039824,40.966058396691395,16.355438997292175,52.094464073214475
393.885495039824,40.966058396691395,16.355438997292175,52.094464073214475
393.885495039824,40.966058396691395,16.355438997292175,52.094464073214475
393.885495039824,40.966058396691395,16.355438997292175,52.094464073214475
393.885495039824,40.966058396691395,16.355438997292175,52.094464073214475
393.885495039824,40.966058396691395,16.355438997292175,52.094464073214475
393.885495039824,40.966058396691395,16.355438997292175,52.094464073214475
393.885495039824,40.966058396691395,16.355438997292175,52.094464073214475
391.90161658096395,12.91572697233429,16.621245165845238,51.00407548509837
395.0511021803466,30.729848067808675,17.18850996063557,53.81542041447593
395.0511021803466,30.729848067808675,17.18850996063557,53.81542041447593
395.0511021803466,30.729848067808675,17.18850996063557,53.81542041447593
395.0511021803466,30.729848067808675,17.18850996063557,53.81542041447593
395.0511021803466,30.729848067808675,17.18850996063557,53.81542041447593
395.0511021803466,30.729848067808675,17.18850996063557,53.81542041447593
395.0511021803466,30.729848067808675,17.18850996063557,53.81542041447593
395.0511021803466,30.729848067808675,17.18850996063557,53.81542041447593
395.0511021803466,30.729848067808675,17.18850996063557,53.81542041447593
395.0511021803466,30.729848067808675,17.18850996063557,53.81542041447593
395.0511021803466,30.729848067808675,17.18850996063557,53.81542041447593
395.0511021803466,30.729848067808675,17.18850996063557,53.81542041447593
395.0511021803466,30.729848067808675,17.18850996063557,53.81542041447593
387.58118207211015,57.13335935851019,18.541247688840926,51.85300225129209
387.1498801675911,60.78572554660334,19.403851497879046,49.93373526832487
392.5802451191611,47.24834162350834,20.002084881173637,55.89756795811286
391.31971023790135,44.57273464339423,19.379594279125026,56.87075506460146
351.3466607657218,81.11184437653588,19.01381260460132,60.61259532072786
356.5833093591416,79.31859145676955,18.22390315384592,64.19910116026053
361.77097762607383,75.38185908209692,17.820538049382808,67.08658019490505
368.37827266629284,70.92977479562452,17.402067142956597,69.59268918084386
374.28666155438884,68.17983040707819,17.34746564836493,71.17185253073646
380.18358543620616,63.20616499163285,17.505779192249218,71.82305790022359
389.6296769317538,62.02959841174062,17.375852021126498,72.83602993001
393.7194643924694,60.17276963242025,15.955662531182426,75.19781040235334
396.3050267265992,82.36793773953578,14.857282322467833,72.89250027008805
389.3379105387062,72.9821182481268,17.89654120293828,84.84933426458812
389.3379105387062,72.9821182481268,17.89654120293828,84.84933426458812
389.3379105387062,72.9821182481268,17.89654120293828,84.84933426458812
389.3379105387062,72.9821182481268,17.89654120293828,84.84933426458812
389.3379105387062,72.9821182481268,17.89654120293828,84.84933426458812
389.3379105387062,72.9821182481268,17.89654120293828,84.84933426458812
389.3379105387062,72.9821182481268,17.89654120293828,84.84933426458812
389.3379105387062,72.9821182481268,17.89654120293828,84.84933426458812
389.3379105387062,72.9821182481268,17.89654120293828,84.84933426458812
389.3379105387062,72.9821182481268,17.89654120293828,84.84933426458812
389.3379105387062,72.9821182481268,17.89654120293828,84.84933426458812
379.59018477309337,91.10762227938113,21.850685218464324,79.96340989985168
