225.5,136.3,24.0,41.4
225.03532914787579,136.68186443945172,23.929341704248404,41.67780646875357
228.69577760791523,136.67187993392727,23.77426199964103,41.697775479802466
229.9472628519558,137.01082098203437,23.313993828649725,42.04124454213317
232.08068653033246,136.39213774530023,23.12153917039609,42.26001284097657
231.52179787291846,133.37384426526592,23.22077341632034,42.18534138762279
230.9427720422876,131.31931619611845,23.35968940406881,42.21785483186482
234.51156515789032,130.28069047671696,23.37600643349254,42.251133910488086
235.07144454643245,127.83142572793221,23.279003672905596,42.03588332557085
238.746563223531,127.79471399631434,23.054222203280446,42.109306788806606
239.83637868045096,126.12581758567696,22.904930079279538,42.4015914253229
235.62143985933136,122.68260606829298,23.19939301411396,42.16952659111166
233.084070722218,114.35983465160561,23.181445096082946,42.5184736092616
224.35359702411492,102.54942104030758,23.24493864355984,42.6015691541652
216.9152244253206,104.60792940561544,23.76201603972917,42.58731465252644
212.69523631005077,112.32418648026166,23.927564010736056,42.66935348985793
212.61058706527203,116.95022391693269,24.096862500293504,42.76230163694437
215.5741812116181,122.03250744258952,24.425226330843273,43.02365479103388
219.13544795536245,122.66308116944364,24.666997277363492,42.81455082789837
219.19277050185894,119.29585321808617,24.55235218437052,43.23070234067769
224.0841955343577,118.07517051477896,24.284924928693336,43.557529345220914
227.61061916378958,114.88351986329944,24.63494694516251,43.595514126465986
229.83523097554558,116.23536009351719,24.442015106182698,44.084052504429636
230.5579000782022,115.45487918589112,24.064687165658803,44.577004054892384
234.3982085139836,114.27343785401216,23.865929337238867,44.802212706323786
235.78134512269023,112.45972294945662,23.23715349415063,45.22339645394736
239.63961526612516,109.29128948078585,22.969513854180875,45.17549140823159
241.69256400340188,109.8652917139957,23.098854567967393,45.08629648889688
238.38577601750103,108.38270323719425,23.354033275936438,44.87227481058348
235.22639099434707,105.82447553077085,23.30688611438413,44.68379921688006
231.44438389256172,105.270003375584,23.469057145906326,44.735337359818246
231.2574352968844,101.60966514461931,23.84295433726092,44.62935149182757
230.42341888588774,101.53694086739327,24.445177177153592,44.774800046279665
230.31712284219273,99.43782960571038,24.657769264543607,44.65997886402739
233.92790995456465,99.52779722762688,24.997570623784867,44.480043620194365
230.02504270901926,98.26544382067343,25.220008806786158,44.83809434607569
226.173905949743,93.84330899290941,25.275415330772503,44.94308743638521
226.56250997980237,93.45376614417783,25.59311273683528,44.62726766766681
227.04717775095568,93.5849140582954,25.719406471178935,44.364971839431696
229.72284067765582,91.38870571781165,25.83749336755804,44.38185832057567
229.6622412447856,91.1844255536505,25.958692233298525,44.79041864889797
229.62099013674163,90.5792920748843,26.041194449386488,44.89643770175778
230.8412361375922,87.90229579764627,25.815139457920992,44.71433773064457
230.92480747953252,88.81067019939847,25.6479967740404,45.0989614587457
230.300005974903,89.50404194061898,25.794051816715516,44.815765942888575
230.96521153003846,88.9322178512814,25.565472970737677,44.85758185727063
233.78406380506343,88.55341530932174,25.420626885085202,45.61518694118996
234.337974511101,90.83062199526744,25.420120755226176,45.490034698163015
234.46850100075838,90.66647534623675,25.159067775911403,45.8183279962244
234.41420410793387,92.26438346620372,25.267661561560427,45.94007316041596
240.0107097751952,95.87571197978995,25.169699288719563,46.483950476420794
243.59684270909688,93.06393365007918,25.808407651430187,46.52823982833238
247.02919803223483,94.6258617507188,25.708195284200315,46.78663276657617
249.00770976257147,95.36712550022952,26.269259812620316,46.43362726482802
250.2249651424919,96.39510867281555,27.236343331171586,46.64539043858407
253.82489584479237,100.42443677467784,28.11035972170614,46.66061202999494
256.42697651173364,99.67504021444371,28.748203507426087,46.99100412654269
259.91152226747187,98.26949669629636,28.8834851012732,47.43396679439623
259.34159836995826,97.38607993872381,30.02333289630047,48.00785980715092
259.0132083636246,95.91326509806264,30.680112908967754,48.512187765474174
258.0543785198227,96.3121866147103,31.35857914422123,48.953538184529116
256.8455395285,96.87325766187385,31.261963575406902,49.08854286593191
257.36239082519006,97.36309646953092,30.228260982026818,49.366418007698584
257.78814492516153,97.60707565050122,29.376752782083884,48.878459645758
257.9953657804931,97.02516886554616,28.962311071420665,48.81951192481827
257.39210785367175,98.78858670032452,28.953936476216477,48.937347601802415
257.2718339765151,98.8481240247911,29.19448423052975,48.81827295286922
257.433687299302,99.18881070059237,28.870777584955903,49.355691129782166
257.58318869548634,97.85388252040795,28.571774792587263,49.582932367032825
258.2361540378933,95.39133352755076,28.485456816450576,49.6295795180382
258.079600139877,95.34591533258046,28.798564612483144,49.72041590797879
258.8268657055942,92.40098627846572,28.52952980464614,49.482792398221605
261.8742594968517,92.63178887820374,28.521800813924475,50.23859891710428
261.0776066713717,92.56770442976138,28.88662921202307,50.36676781398898
260.41139610800684,93.1879196337081,28.982478659710676,50.362909085137645
258.53014452249596,94.47016806374059,29.030559346627875,50.274693881142376
257.8340903040832,94.51465132908665,29.18501929017384,50.18572735045027
258.7177040046498,94.21474620155506,28.65673847823848,50.78553760551343
262.4966885993193,93.63878296632396,28.53196617992829,50.69859792747081
266.2677358757914,91.27683577666093,28.402614521960807,50.48066371014578
268.68288124123205,89.91676558923265,28.49245303016479,50.74073946545965
273.3805626612581,87.4239968703415,28.980353799053624,50.784645098771456
277.1318853069795,87.77358654018599,28.943829109041907,51.32981919265427
280.8119325452235,87.06127854523216,29.09455047728953,51.50263254177264
281.47044774618394,85.93844036175093,29.03444340348026,51.23446225251182
286.3712238766876,85.90385289374922,29.24835155015796,51.30363718851525
290.4728752334286,85.42687346848817,29.841190529089793,51.00100436869253
286.0387084877112,81.60170172271937,29.874432361571102,51.07841215255561
289.9067211564966,81.82824650539024,29.721613037015565,51.88919025604976
292.59030863050754,78.58011558905528,29.447643771790126,52.018944985224195
287.6011399608171,80.19817387097973,29.261433644256062,52.594533721468416
292.13112271431754,78.22647919801068,29.132841145605774,52.7101917781134
292.5207451684754,75.33079279015429,28.353596237290088,53.399859893333684
287.6986497257172,77.04820677233312,27.81969510699419,53.78181643490559
278.6041567762851,78.41774454769367,28.246894141911625,53.580139007605496
278.49661621459387,78.7397328511292,28.461975265294033,54.20924441261118
282.94975744850035,77.86444847880512,28.55788257798315,54.67378604575909
283.7915918666027,77.31371220885296,29.463220879632033,54.48075501673664
274.75580267084314,76.8283933917757,30.54128980614631,55.45139265089114
274.0759135339407,76.2211877919959,31.90106807995123,55.32586816275875
273.91144841276093,76.2731650215201,32.22999832231074,55.22191370371036
274.29479408337414,75.65290524216815,31.463306981084354,55.09718883870024
279.3895698173877,75.00479420466407,30.72652224527146,55.04301566624924
283.98765716529067,75.07807423236193,30.88977963830748,54.896455610853494
284.73292998546935,72.57830683402963,30.73690835724961,54.545292970319885
286.6700104649838,71.05739437579759,30.852382944978913,54.92736085561182
291.2098308783019,65.71921408735878,31.13520712536871,54.9037614244599
291.3347325696242,65.2412149352673,30.885403742724023,55.85975972864287
292.06436749817397,65.70172053836465,30.7779713426613,56.290585979484945
296.8176702030572,64.96529633204281,30.765904985997906,56.40707167025677
298.4834229861336,65.98862056094566,31.50802417294077,57.07617304784804
302.4386997125303,66.20803619480787,31.8800099302952,56.63734178012362
306.38001622880057,66.57620887445582,32.27903363612256,57.28127254388907
310.50557498915896,66.22176549330428,32.40746330245264,57.99015930619214
314.9048192388892,65.61904822421936,32.06453884479242,57.78633317072859
318.4734325739884,66.47114552471476,31.929334205302396,58.882947382021165
323.1031146166634,67.42183443038118,32.56992302345024,58.395848556902266
323.0702346497153,68.61914059622448,32.635682957346376,58.837286094702705
324.3275244755799,70.53863155865264,32.97244052544581,59.27530999958918
325.112791877968,69.18680648568662,32.83978699909409,59.103197588672
317.96044711795196,68.25443944524565,32.81370665600772,59.534854683242074
323.72966893538637,66.95222312356867,32.787323058959345,59.26127231714095
325.28561698851166,66.05006731311117,32.54446181913981,59.63106650484042
320.4864296913607,65.75915294486077,32.09203307737744,60.212895241341215
313.2979057335261,54.847724259781806,32.10250472290137,60.485888206281274
317.0339845637549,56.11275360485263,33.2754774913549,60.83753965911003
311.5290777303947,51.24834023153496,34.022456999425465,60.30353224709553
307.66624653958996,48.21872510925765,34.39330034858195,60.47890726568777
294.4670766308374,43.78111924009494,34.15408242942044,60.47493309179097
277.47592497786957,38.70635376455907,34.19439420719557,58.818553946111216
272.6560306497117,38.84162369831581,33.671012395295875,59.999895574057106
262.37686759053594,39.122550850763936,33.78245228503417,59.43804126916085
261.9492087876873,38.23964590182597,33.183696220250425,59.749777496555865
258.20689498542936,41.518939688440646,31.977366478003816,60.433654378962004
254.41225151263083,41.0045328340741,30.9390193649485,61.46246808769509
253.64720632797147,40.496858422137365,31.033953800828677,62.477816911568574
255.26925415951663,40.61048667615455,30.69318567894315,63.70222417413661
255.5809052403021,38.4776456725569,28.606240235200687,66.50426289916032
257.1245201108942,37.65728716213957,26.98678640238367,68.144979919995
257.2363682414503,37.44853791234661,28.225755381971,67.09981317888136
255.98850359813608,32.39669277084285,30.72148466859941,65.44628618524541
253.08604326783893,22.82043143128519,32.057706531038114,63.74488113963431
253.0160113515196,23.70709006954069,32.19777036367674,61.97156386312331
257.80524986000756,28.13656877116849,31.405294664591416,61.898607777758315
262.50480661766414,29.46668788014485,32.153398403107744,60.68797202463838
267.6320461244532,32.995783075474336,32.01183223594653,60.85329080999142
