252.49999999999997,165.9,8.8,14.0
253.30083792131768,165.2736869744523,9.052027373756232,13.89591314904646
254.64074014930569,164.26700382744664,9.24715530016835,13.753080156266678
255.6296980334569,164.34552190079896,9.432038865638743,13.596044009562034
256.9702706453958,163.6893436081146,9.640187664238782,13.463753583691847
258.3251146788456,163.74493767371013,9.831250235088426,13.352565452500835
259.5280265857841,163.5997722290772,9.973742122073457,13.278851241643494
260.7471459610466,162.72745132730208,10.09229975408594,13.197209914809756
262.14544138345946,162.92475925655077,10.223294360883912,13.168542237765337
263.5521930529457,161.72484683120945,10.350948356864034,12.994854420364462
264.76987905702526,161.79210344304576,10.485000208996972,12.860341196691794
266.1904938159273,161.12217871345663,10.581107518746713,12.731522242093144
267.5994655604248,160.97586902636607,10.697062815686161,12.657404268032527
268.6687427498305,160.43670177272264,10.763285395305507,12.633350296103947
269.3751137008408,159.16796524590177,10.823169900897593,12.593727136423546
269.3135888290267,159.17170894343096,10.946219644525806,12.586239741365155
269.07967823229814,158.81884864167404,11.043675986855074,12.55123064262326
269.4247105691693,158.08275727256412,11.096378659252656,12.53787868856327
270.34159157740834,158.07730691811474,11.122716233306209,12.548779397462052
271.8404954562716,157.853926701919,11.105790899928756,12.622929526809905
273.3471477925211,157.12342826425734,11.080403355270086,12.58996783821298
275.41338612719187,157.6158918353508,11.04622079596949,12.722757271491782
276.7266914809467,158.2833635243426,11.038182405123507,12.884140931601712
276.72902080353833,157.49751059235246,11.033523759940302,12.950050804735522
275.40646273195415,156.21272858139287,11.036892462330238,12.87786738587629
277.09500517074,154.74562763409597,11.046789396746764,12.801418780924896
278.42822280149215,153.82331247150685,11.007510976400365,12.769508505276104
279.7589552807197,153.80288097863777,10.965334928344928,12.810371491014278
279.7772175619222,153.80197688047375,10.928810365939801,12.81217968734232
281.27754745998755,153.66789170437744,10.916787643778793,12.70677040528873
283.29941854858396,153.36480262066982,10.962377463004886,12.569433664264153
283.4891876380708,152.1242655686035,10.953202879385334,12.45796260091838
284.7942465506194,153.57867936253962,10.922510368850757,12.497049658260524
285.16867781188756,152.811169833873,10.910854898187607,12.557654611847473
286.07965152118595,152.41268502571936,10.93568389248335,12.615913662997759
287.3645568709076,150.89692512382493,10.960459991273591,12.682191411662412
288.47204601063623,150.68539304219743,10.977951646464971,12.733177252475956
289.8010549863402,149.3234321836532,10.93196792298762,12.845064741633713
288.1448319892971,149.07400908368143,10.877168949989253,12.969772611901188
288.1509434595288,147.71936423675842,10.864946009525834,13.052797137974999
289.6821210807409,146.5283358691957,10.812696420021418,13.177274633410612
289.6919124705431,146.27032315568454,10.793113640417046,13.31596430959493
291.030412344914,146.2068017996067,10.770167247666539,13.443007021750585
290.845583445563,143.46962292810628,10.75909646345145,13.587164603913106
290.28067454972677,142.31979691842642,10.740638850288082,13.590265813601068
290.2941502316943,141.90733141293174,10.713687486353079,13.650184212819964
290.5004305967756,140.57446361134052,10.684112436214708,13.635020055832662
292.06164782237556,140.39686621485316,10.619861666488543,13.607941888623179
293.6128030142318,139.10162864769836,10.564063872429829,13.532718506985722
295.1144764078324,138.59566914843805,10.59076719058051,13.40836871599943
293.597390338718,134.33031416030423,10.606640064647763,13.26146830780246
294.75256438279337,134.37904430099246,10.548055883564452,13.164008026426
295.90966072387465,134.37328224187462,10.47096196675496,13.175532144661698
297.9442414730522,134.4074209981502,10.491339847928879,13.107254632110543
299.9731437754943,134.4817589108439,10.515196920598367,12.958578806723168
301.44133736340603,134.5602609611933,10.532127888022321,12.801574706024342
302.5350113349647,134.43876508610026,10.54693068475045,12.677541332902802
303.81627149500576,134.51171513582526,10.541893590113496,12.531641233452849
305.1060280580412,134.75019522059873,10.503554261896348,12.417705892170714
306.5642030984913,134.81386733391497,10.472403565712561,12.290361665538219
308.0289043111156,134.85175858273934,10.408463690251864,12.2145791678895
310.1525527346466,133.66608218680335,10.432980081700103,12.094040903963878
312.8117000135789,133.66554959517123,10.432411280797186,12.09510608722812
313.333384792694,133.6989237009331,10.452608916370258,12.028357875704401
313.49834220239404,133.70983610278174,10.476507585339679,12.006533072007107
314.9180501869428,133.39720276001904,10.46796048483544,11.924082540384237
316.3335456018962,133.39843163859393,10.456522877903645,11.921624783234424
316.6764903943928,133.29890768311571,10.475079100221963,12.120672694190914
318.0667920699997,131.8206781439914,10.539296694304117,12.232310827143543
319.3162242215391,131.7237496803944,10.548953288771699,12.426167754337476
320.5735457479109,130.7398513599893,10.564886352141995,12.586410026494933
321.6335389187133,129.83808798014505,10.63033825703953,12.56873824743148
321.84871127836095,129.70547147000087,10.565014360963737,12.468950444500482
322.2543660786286,129.6053792179163,10.478564115073697,12.306705271346974
323.75818230129937,128.60485205877603,10.339205967791532,12.156553866083083
325.26449696019296,128.46276595265047,10.15837510714229,12.086751271191938
326.7527477821424,127.61468762664069,9.981775292809202,12.032969279732882
