128.7,62.900000000000006,15.2,36.0
128.64038507593213,64.5039208220339,15.108719991575956,36.52909921657397
132.02181958216568,63.492133408786906,14.709934226891258,36.961653231122355
133.5239453612002,62.870013778838796,14.089599359949887,37.41125359397603
135.7211923027495,60.167815583586886,13.644976562307455,38.07580468193237
136.18573115809832,62.87907728175084,13.507356573179619,38.98494305816252
139.3263825043989,63.22397859173927,13.641565700936575,39.097079415730406
142.56250039377107,62.9836252953244,13.617175006939263,39.57778600856014
145.10207871388596,63.45778487107522,14.224771042880745,39.44186009651153
147.78311586082106,63.26874353795613,14.613110735580998,39.81994276274972
147.69931141762203,63.037178815484054,14.780719621979102,39.44915316312706
149.80989713887874,64.1715860193825,14.717704142628,39.67523233322756
150.68899134342692,62.207177217209185,14.626985244541823,39.43537616004879
150.61352426175125,64.94713285681526,14.777919407893162,39.75610575415147
150.86677516587145,64.90189822423733,15.107396693793152,39.84657501930731
150.60169348086984,64.91910938081956,15.637560063796354,39.812152706142854
150.41894223104208,64.28229475182934,16.003062563451838,39.381333319871445
151.82558926811353,64.58928855308936,15.747413590533778,39.61989408442636
152.34708160971684,65.02914616633531,15.555852158109328,39.591602108716614
152.34211814484453,66.21386302974199,15.565779087853901,39.764942102271554
152.48943865831347,65.40008270395482,15.271138060916059,40.54224192509401
152.6418452467107,64.56889531469001,14.966324884121596,41.348486125556235
152.63232936852427,64.10089442145357,14.985356640494446,41.42231327031993
152.54349216154657,63.62094342563976,15.163031054449847,41.51864038889779
152.60119928620395,63.59313244594316,15.047616805135092,41.574262348290986
155.80787419556532,65.33840325935964,14.702389407920423,42.41809387967811
155.93194495221138,63.65861627804223,14.454247894628262,43.15968438049535
155.85006215958845,64.27746345481088,14.618013479874165,43.67939263615135
158.63108493965095,66.67276075367454,15.27962671478453,43.334268606306445
158.7003751272319,66.14990045993886,15.14104633962263,43.48375835943603
158.86341419488,66.8980349011987,14.814968204326444,43.77918099389172
158.97984988576533,67.22518046534142,14.582096822555732,44.01900408745351
158.89920083512737,67.97261275116887,14.743394923831676,43.417409195791166
160.5556034987144,68.63108675032814,14.981205673207388,42.98811521661007
160.47903625639404,69.08937335426918,15.134340157848108,42.9574083831895
160.5774776829914,68.17092137331775,14.93745730465337,43.01788958718666
161.01949447873986,68.06097468500154,14.93891895317222,43.23778296381908
163.67849475582884,68.61021398031028,14.952867914727499,43.027962625823804
163.90873089830248,70.25570807638425,15.378314991438266,42.39473251865006
166.58870130864372,70.46079517905818,15.325930852796994,42.86915109364238
166.4759005481327,66.09696164814794,15.551532373819043,42.69254870510161
170.1431527270399,66.12479644703527,15.352914718752306,43.52886494517041
172.91153302308993,68.64216919882435,15.21819596981633,43.89616128475639
173.38034466575405,68.80173306897674,15.1837055828871,43.57703354445158
177.056410559557,69.83447656281103,15.015194510883498,43.30745173568356
177.14185870036124,70.08338031708575,14.844298229275033,42.80964422713414
180.11820796302322,71.27739658443488,15.057404232762599,42.18327012923919
183.62459148042242,71.40625265556517,15.050700233550625,42.80131586642695
185.49127914751097,70.11903119505394,14.855179167281687,43.60683165349532
187.96183040847524,53.639853815978086,14.376040591674506,45.331438787397474
188.3016434931047,55.145276004259316,14.604548103474826,45.953129135072146
188.69046802522118,55.057502568844015,14.748064508444669,46.12867600590275
189.519725123777,55.302153596027075,14.942148586910909,45.639373951536626
192.07470462153495,58.26460804500485,15.369665824687466,45.25194128687354
193.8567089939944,74.5070533189115,15.50654052410529,45.14978087700649
200.73485595930003,72.65079644817632,15.64416550689901,45.15724957490217
201.6286210763471,72.95501006383083,15.714384177599353,44.54882234359317
205.03115322670297,74.4890384287051,15.35959698221584,44.24517008755674
205.67922487609826,74.48495520129649,14.974138554198255,44.253336542373965
207.44722346290408,74.67094240525824,15.053239650063794,43.881362134450455
207.07927622979304,75.70909839967776,15.789134116285876,43.60488470128769
208.9951526554871,78.42298701521355,16.50405128773314,43.63311149761854
206.58100161543402,77.80908261145964,16.719173319058932,43.93828429537029
207.32169728992497,77.83113703297457,17.099544908443328,43.89417545234045
210.62663683127528,78.81201578268565,17.049180276498795,43.80656493884864
213.8253659432418,79.95977578695451,17.196107980738763,43.38086948121746
213.89550135046193,80.5588940909818,17.055837166298485,43.11405402212859
213.7090615134251,80.08383172057884,16.503641205598644,43.13910312816096
214.45772329921,80.07115748155024,15.92185880452322,43.16445160621815
216.94820965737793,79.97598808661213,15.468035924068898,43.354790396094394
217.0910635280266,81.7972892878179,15.182328182771549,43.311959069571905
219.14452432703297,81.26784483570637,14.65198534262169,43.47670328432925
219.8417112568721,81.16826315075764,14.144440780964047,43.67586665422672
223.36483660149264,81.18038975837334,14.141106056371832,43.65161343899533
222.96158390163615,82.20541227624558,14.947611456084822,43.36148569178217
223.1303560418005,83.5995503206231,15.500647770510966,43.24495138729179
225.93158233127204,83.71464171572191,15.29198029777957,43.01476859709416
228.91217825606884,82.61398051447465,14.682139955648667,43.4323071637678
232.6226140410977,83.35444952520923,14.355251253867834,43.72486485936787
232.60976255049601,84.16077960106765,14.380954235071213,43.88206384074623
232.9759382725284,84.58135805674071,14.536238795828563,43.92854293422221
235.74074324158778,84.6477022356367,14.353486482226804,43.79585457643024
236.2373395484152,83.70076530896947,14.246200441468364,43.917915283971794
239.5963819629367,84.1454561394556,14.613496928329969,43.914206287487595
239.85066500752055,84.64502025600751,14.997284279317473,43.80743149453891
240.41321438455122,85.38383090840682,14.770028912625625,44.12549696447929
241.64154331321873,85.60754135993356,14.109819654589344,44.57630036107518
244.50052812091957,85.89659212723598,13.746929341882328,44.890712043586106
245.5173999695491,85.81286527433062,13.493727251598147,45.05816574939682
248.72069306134188,86.86345372816787,13.302788369331694,46.50878729961892
249.31607465394174,70.17254471017043,13.921820040886622,45.50450305727439
248.99099628853998,70.97186403894611,13.669775165784154,45.710267611535116
248.82126024105807,70.1339412213888,14.009247260747937,46.485669890845045
252.354855609843,86.80178598116525,14.283767046590835,46.187677726649675
252.146387891564,86.68211602421212,14.700702483148834,45.508442812629525
252.0001208126593,87.68602851630502,14.993236640958223,45.333856980065235
253.30255886685615,82.8218919730104,16.10165726111804,51.049497943203576
253.30255886685615,82.8218919730104,16.10165726111804,51.049497943203576
253.30255886685615,82.8218919730104,16.10165726111804,51.049497943203576
253.30255886685615,82.8218919730104,16.10165726111804,51.049497943203576
253.30255886685615,82.8218919730104,16.10165726111804,51.049497943203576
253.30255886685615,82.8218919730104,16.10165726111804,51.049497943203576
253.30255886685615,82.8218919730104,16.10165726111804,51.049497943203576
253.30255886685615,82.8218919730104,16.10165726111804,51.049497943203576
253.30255886685615,82.8218919730104,16.10165726111804,51.049497943203576
253.30255886685615,82.8218919730104,16.10165726111804,51.049497943203576
253.30255886685615,82.8218919730104,16.10165726111804,51.049497943203576
253.30255886685615,82.8218919730104,16.10165726111804,51.049497943203576
253.30255886685615,82.8218919730104,16.10165726111804,51.049497943203576
226.5240171803949,55.3639512112731,15.988630803590127,50.87410540728682
244.07249178761197,73.11167675510082,16.794232832409236,53.09616328166943
244.07249178761197,73.11167675510082,16.794232832409236,53.09616328166943
244.07249178761197,73.11167675510082,16.794232832409236,53.09616328166943
244.07249178761197,73.11167675510082,16.794232832409236,53.09616328166943
244.07249178761197,73.11167675510082,16.794232832409236,53.09616328166943
244.07249178761197,73.11167675510082,16.794232832409236,53.09616328166943
244.07249178761197,73.11167675510082,16.794232832409236,53.09616328166943
244.07249178761197,73.11167675510082,16.794232832409236,53.09616328166943
244.07249178761197,73.11167675510082,16.794232832409236,53.09616328166943
244.07249178761197,73.11167675510082,16.794232832409236,53.09616328166943
279.86060625857846,91.30987385961168,19.017536833514143,50.76420645836818
289.4290178756163,96.12390862704233,19.1428118067015,49.69706946006826
289.6816018607823,96.86194515711894,18.63764383636954,50.33511636291174
293.1870230164714,95.48786227507523,17.96952783728284,52.026161074950565
288.1695257986048,93.63106333126474,20.87468556806753,57.04587819075508
292.8062884048836,89.72763492626123,20.274762866146855,58.00595485980695
293.8096347780784,100.03286449120404,19.46450187988011,58.931267412134275
293.8156737216576,104.40028241679764,19.45242399272174,58.560223128982784
289.8438977938374,88.25423968678933,19.07068269754574,59.929791171681345
290.71130781789924,98.68466922609161,19.739428765428812,58.29746102113013
287.5168332308255,96.18802897425044,20.17420794927277,58.52740553256969
282.80997846952175,91.02777769668211,19.97159470986779,60.43362567094544
279.4579556615287,90.08253591632926,20.548206193282624,61.098622405136865
287.740009164392,94.40808985819955,22.856420986635417,68.44065068528992
287.4329066898562,108.17810684368249,22.597800485814528,68.92384185247766
284.0740028319221,108.54271051615312,22.34379730028505,69.58899668781598
280.0542727911351,107.92730704150009,21.988359915199492,70.81980363712206
275.9626888349847,106.595206747704,21.711152393176018,72.07394165232688
274.52654609559664,106.97108695815056,21.738044209850695,72.74487806248445
274.6592397958164,107.28511886900552,21.472656809411205,73.54950418982116
273.15459297460177,107.85525356302149,21.60368388167204,73.84836808687342
273.116679903047,107.0703538578914,21.679510024781578,73.97237148360466
270.8024308330111,107.11128628706771,21.9611287101808,73.89050662525203
268.3169670466959,107.61007819392965,22.57294147522473,72.89292281152817
261.792307275735,94.69234998563061,25.470524869673845,68.27317078570827
259.9862293283936,97.35060027236483,27.645388043087507,64.39396293350893
253.4213795879696,98.93304119379016,29.412992784171532,61.22908109065828
253.25441192875041,100.08284091212957,31.152206734101902,58.92948165397944
264.0345235979243,101.69035662153594,30.61668875449366,57.11609725908269
264.24117576836426,103.38318241096994,30.20338441361382,55.096217449669545
264.84515108887103,104.00725282616855,28.99543377260028,53.848076619272305
265.9586702024086,107.04071155329785,28.05825774648767,51.65074576790164
265.62198966488177,107.86075852426842,27.49018102538613,50.010651825960494
265.67718779053956,107.27849949016442,26.172249974678213,48.7601002953839
265.8513757106676,107.20792324320158,24.657317575213717,47.734696230101065
266.71177143088676,105.8639171109657,22.936526134775356,48.171794736534075
267.45554602831123,105.88244028291506,21.44897693992642,48.134748392635366
267.35249345646315,106.54890132421203,20.579610025998754,47.87729836766531
263.9884093488687,108.02941584078275,19.912860634905577,48.08551973721622
264.26400256134264,107.2309363390134,19.361674209957595,48.63486705309272
264.81442242917626,104.77083334001574,18.260834474290448,50.41794434091299
265.3395669550794,103.05205669817134,17.210545422484074,52.80399898716175
265.3334376181187,103.55822856401049,17.22280409640555,52.85803224539442
267.5465547801658,103.92559831316316,17.066049607269658,53.19066270582868
269.3412851302262,102.69440622703523,16.684236333596672,53.51461526045269
267.4598020604945,103.35449845530933,17.438562612950175,58.83865584791001
272.32087563795244,74.5356589875557,17.549643928852717,59.77543000916948
269.4890819688988,92.42033676056694,17.650477220258963,62.1286686853662
269.27425490529464,74.04706550234678,17.537548807757403,62.55421981968543
269.8719477879349,83.91628125938422,17.92468550635865,65.67836052265265
260.1307695018726,74.25298707615633,17.966261429275875,65.87881077108442
264.87969363091156,99.46328947348394,18.591224718036564,64.80691226726758
264.1504185695977,100.90669772195076,20.049774840664174,61.92009577033393
259.8902678615944,101.33200236190017,21.081758369529677,59.82143350924493
256.4116258240732,100.27397851027486,21.853986359804296,58.2264475616349
254.8926601647071,100.78575781395227,22.435600947076225,57.20288895428007
254.77574173251534,101.45082768655539,22.669437811459762,55.87274920907386
253.48915646292141,104.43043712102754,22.82473205502821,54.749282931368306
248.7418127621193,104.68024186998909,22.755452472902533,54.24967343344519
244.37097255936243,101.88705955885699,22.000712789389198,53.900775500067404
242.67148503874625,101.95437341179834,21.89386008916951,53.766147794184675
238.09878596901433,104.46008487726466,21.72112695111077,53.41379050201336
236.4772953857348,106.74388296008092,21.49427152723786,53.47264312362347
232.61793475067523,107.38139755071484,21.139076304319318,53.351030584218165
228.73946650033912,108.03859532181856,20.878744216218074,53.18195912612119
228.87899667769415,108.8025349628364,20.599683861507998,52.792316508184356
227.00354241154542,110.20591916538888,20.967672972878823,52.24082771703053
223.10088627180124,111.5550511509989,20.888989701998312,51.795133903058684
220.7966691880931,112.20388477196525,19.905107198594155,51.61592999529006
220.93415525618093,112.03925796585253,19.63013506241849,51.94518360751551
217.829457428998,112.12918612032888,19.25108085986394,52.863402274716165
213.9092493512046,113.07350882754403,19.360760759544814,53.18353864768754
