233.1,88.1,7.0,14.2
231.04883045008108,87.0137710643737,7.1412535259214565,14.056419838400883
229.81437285965677,85.76807001094406,7.304711903495151,13.913014170088797
228.25014420640215,85.51190030601558,7.4626198494569795,13.76523149982409
226.85761168956245,84.42060766620494,7.602942804884118,13.63366746097462
225.28835910942828,83.82688719325687,7.762030375715841,13.496922811565598
223.2158724736555,83.38637829744695,7.926276272687622,13.382758759542012
221.8006749580404,82.11647506221261,8.094162692997143,13.260056619089973
220.40513934566943,81.17607380228137,8.214691469920355,13.137952303088413
217.8462153349998,81.0589430317471,8.32223827555694,13.038193763110078
216.6673375770037,80.23299481978688,8.339691558126923,13.01844573458611
215.46635180813806,79.22047748904697,8.401388524057584,13.03753076309404
214.06273497579556,79.063369798154,8.523490751288302,13.016104715198193
212.8647166740602,78.061880710077,8.558031103398992,12.994943247329275
211.51224564543094,78.09381573772274,8.562060145729005,12.931073192037804
210.1930538098566,77.7591634468106,8.506669788397222,12.926934266741958
210.37149731449827,77.63372661313232,8.485520579506796,12.84207013370565
209.21255489613668,77.01021924169154,8.464627037575692,12.752640088784737
208.90858880949108,76.36803068194445,8.407719426354292,12.707337639253765
207.62127492616548,76.37277033020385,8.336006203837908,12.697858342734966
207.48685640582335,75.7199324956994,8.275386664901147,12.685707693259776
206.20562465514226,74.40154513502625,8.211736481268943,12.696368729611676
204.59190592329702,74.41606488020392,8.165549149022894,12.667329239256334
203.3171552738767,73.77716883516962,8.105800353476043,12.640496282131178
202.05973296582982,72.66537234290242,8.02259444696279,12.590795059384408
199.84012895749453,72.67911962113479,7.945104400049965,12.563300502919674
198.44282569316633,72.20197599898918,7.851490964503441,12.554847759143222
197.19274763543442,71.747591293018,7.79789853205368,12.505961465617991
194.6752663551145,70.14878707911625,7.751428655720364,12.52767462031327
193.40502348701781,69.84599875187727,7.754843981520404,12.498983672192868
191.05848036974172,69.36380363813339,7.696486975542454,12.513085251574605
189.8163142253702,69.20813328928277,7.652874048298804,12.508432797277521
187.60366636400914,67.95364757234425,7.665502231449232,12.495879922827857
186.05339559139102,66.67268585696725,7.613886568707185,12.53607758719923
184.77603976735875,66.23903027551262,7.649026363003086,12.458549304945253
182.71649251324624,65.17061733805939,7.681154402254185,12.394700927327307
181.1192979632529,64.25650979568479,7.735852072656412,12.339101154325839
179.65521686687526,64.11776958933496,7.837507665216748,12.302525278114983
177.25802810769014,63.209482850110454,7.903716415174822,12.227831249199102
174.87756009643283,62.13317018849677,7.936673161855513,12.17406624370399
173.73549396177032,61.22356436073132,8.016210651195912,12.103625230676608
172.63551910475175,60.59655732566546,8.009697509288802,12.096803383125886
171.07107892668927,60.43425774143267,7.988596511639409,12.106404416214032
168.53371563783108,59.52524910144099,8.026662546561749,12.035673992649635
167.4475192573739,59.241040663322465,7.99852578267347,11.975368147514507
166.04212415752195,58.350325071471985,7.992433219654486,11.878877489400198
163.8389986444312,57.47384153012517,8.038606197537797,11.763239694251746
162.87785131756982,57.841449124623985,8.09815331013541,11.648940352295856
161.4419253898496,57.70722227265895,8.182539061842663,11.607675600255561
160.19283317314301,57.7454357131688,8.196821017729565,11.531248719235855
158.94059724304202,56.53510302371403,8.224757998363302,11.475379218577189
157.3432195464029,56.56449764745276,8.327706046598538,11.41658997109972
155.59607812217865,56.435848773902066,8.412197025072093,11.363906639112482
154.1818547832784,55.661844042544324,8.445547493623842,11.35908487446754
152.13784551766972,55.984971143528384,8.490057907908257,11.334908844335263
149.93824684893625,56.15341889090093,8.529661426171055,11.309412908104747
148.03824744719478,57.09199514815211,8.589755565686508,11.302212725586141
145.8200807584123,59.591463347678015,8.650663254371324,11.303762828111669
144.3833154544989,59.74869777145512,8.702263928371789,11.302841750982614
143.25800204658918,59.9100620146155,8.752266795929007,11.294488114413593
142.60967333063877,60.07967449632039,8.788677583784196,11.270324812015222
141.32369774923632,60.25950223195821,8.83834997487928,11.225954187203318
141.31600868540198,60.449028101685236,8.853728102547963,11.162315956028872
140.04906406027484,59.84674109236703,8.870107661014972,11.10813512877165
138.95078071398,59.88029560588694,8.867805770949019,11.041026101731825
138.7966010275753,59.76698468380296,8.863107560395408,10.95459036253675
138.02558190419313,59.489683728127346,8.84687117573657,10.885882421318719
138.19069096385803,59.68323850199978,8.826990053031842,10.809109870198935
138.35599662849944,58.80904605933534,8.805214533575848,10.704479896566928
138.49817859015388,58.827966851516415,8.827725713896381,10.66663831220477
139.1129511393748,58.08662231784405,8.824805419653693,10.616046374300595
138.80367872682558,58.101173568347484,8.83169006619543,10.586943873293738
139.11199238399362,57.95388677639039,8.826048313701849,10.57602467628667
139.1120970118047,57.65998638849182,8.82583905807969,10.553358271413243
139.72643486260196,57.38140610059872,8.816687024854923,10.500757013014582
141.8447534027936,57.23658621232077,8.834965976207629,10.48647421587503
142.9003695351503,57.99694876372975,8.851710198881333,10.4857323183336
143.65353154585307,58.149986488705174,8.86665982806053,10.483911598499688
143.49516338575046,58.753860564153605,8.878928927368,10.494032331193797
143.32928033404704,58.27526121087669,8.905874199959865,10.536768545302616
143.3299243517343,57.640088690613844,8.904586164585359,10.583457849483253
143.33002592342268,57.750768696785066,8.904383021208556,10.668711325673053
143.32132264219334,57.737986438327034,8.921789583667257,10.694275842589116
143.32281614021568,57.72188399816175,8.91880258762259,10.726480722919693
143.32920778369316,57.68843021415304,8.906019300667579,10.793388290937115
143.4946278795374,57.65459822180473,8.885049839381482,10.861052275633728
143.6464737721217,57.77393784601433,8.891930797203301,10.932945770204949
142.5322129621034,58.53434032077282,8.937930324728827,10.971085172481642
142.5450955330303,58.514841759272606,8.912165182875,11.010082295482059
142.56025889774963,58.49556264200764,8.88183845343635,11.048640530011998
142.9012177881448,58.32287840159493,8.826724165447006,11.08060726443692
143.07797614211768,59.24890844045207,8.786206010360864,11.10653850388018
143.24556864325416,59.232721618761374,8.76375934865478,11.138912147261575
143.40261267937515,59.379636617544314,8.762540710086274,11.157951583369181
143.39233095873013,60.45964915745786,8.783104151376342,11.18991356981035
143.2061688280087,59.51692183131076,8.841464140746233,11.191582589666796
143.03528510065567,59.67248934463321,8.868293723391858,11.195385435082347
143.03904538762413,59.66809675962651,8.86077314945494,11.20417060509575
143.03498147101448,59.669421832202204,8.868900982674209,11.20152045994436
143.04001917889113,59.66173875332169,8.858825566920936,11.216886617705383
143.0410211187147,59.64634017619805,8.856821687273815,11.247683771952666
142.89112694456233,59.63844741374674,8.840563841648942,11.263469296855293
142.40776685547542,59.49174804074705,8.859213183729752,11.240844430823687
142.86296164061173,58.869092185493926,8.896764654519627,11.222234753246571
142.6858403230084,58.88536991122231,8.934702212589153,11.18967930178979
142.81786591228777,58.901865693799884,8.987072645923384,11.156687736634655
144.08165927100185,58.89717062067367,8.993599812144755,11.16607788288708
145.18595723001678,59.060112471311754,9.00410224522731,11.157208231769829
145.32962851530053,59.87294841347223,9.033807668726807,11.116776317783781
146.44244912708777,60.2068014789422,9.026521716854976,11.082885978758902
147.40726413857266,61.461297738999704,8.994507944781573,11.104048459839044
148.53742516106377,60.9995169947115,8.946721670113158,11.079380332566668
148.8575630526922,61.64150572622753,8.936294467843924,11.055100031509891
150.59727313698943,61.80450557040361,8.915084498157695,11.043483088513014
151.55452170775226,62.6003945615901,8.883753556301778,11.021010272531488
153.91011014180523,62.7566101433345,8.867708350034091,11.021587886498573
155.192505389481,63.0627574920561,8.804980023743536,11.03480873132061
157.529664637863,63.55752756012124,8.809819917835831,10.981100273361578
159.87523411542477,63.26060296176878,8.786662326649797,10.952551954874819
161.10726411693867,64.32823165207122,8.805687086435904,10.989993741732107
163.4584238882905,64.46728406322275,8.772390404543144,11.023157110149798
165.96771190099406,64.6065765085175,8.733602075509545,11.055808950583636
168.1734356449159,64.60115593347223,8.677657982406373,11.066650100674206
169.5982617811475,65.38808392153028,8.621285749471568,11.04461636874048
171.47351121475702,66.46262465403179,8.580117231516569,11.05931094080822
173.35152532437397,66.4609370253526,8.528076824438799,11.062686198166565
175.69106275392244,66.60966565199227,8.467048371078283,11.07309870526966
177.26255277151122,67.53862837767798,8.39440737073198,11.057376674796972
178.8181999281428,68.0065217715829,8.339201267664588,11.038416350045882
178.8579588467738,68.303423564956,8.259683430402582,11.053449359107427
178.4479271683775,69.20879495057258,8.169705074990706,11.062790012283282
177.27256483587314,69.22289360837725,8.104301462542068,11.034592696673947
177.897193815337,69.25293631986406,8.057105291528908,10.974507273700317
177.90740899869908,69.13900532491391,8.03667492480475,10.903540471942756
177.9390669789383,68.98536635012628,7.9733589643263,10.913402752306798
177.972090411793,68.39497741423875,7.90731209861689,10.908072506298144
177.99892154873496,68.41539263575777,7.853649824732997,10.867242063260093
176.98558904314942,67.98419615893386,7.823289952329978,10.848052923947582
177.00459601326557,68.42536923395785,7.785276012097627,10.844918924311694
177.0275498235617,67.56544427051949,7.739368391505352,10.810380385485855
176.90844792741692,67.72142747429766,7.68645270839913,10.78953345332529
175.773773645209,67.87506484240089,7.636339882538264,10.772191390903442
174.64916376080336,67.86880825821311,7.574802286796365,10.78470455927899
174.52990134258434,68.29675657466262,7.525307886839411,10.792865635564855
174.2738789628932,68.29674338452574,7.4627016058050515,10.792892015838621
173.2933511171164,69.29912203493343,7.4197181207539655,10.792173891627934
172.15681833245648,70.44768006084392,7.408228025901511,10.7796135039792
172.14978024004634,71.17790341579976,7.4223042107217765,10.745116087555045
172.5356319760335,71.46311419641148,7.505307505347037,10.744499037397961
172.48428646845124,72.05881937037014,7.607998520511536,10.698146845548123
173.43249709804417,72.77576141641205,7.7223768897285945,10.700548202323493
174.38147863653336,72.78065722026629,7.84864257990699,10.690756594615014
174.32719819555228,72.92651953286344,7.957203461869147,10.690132071317972
173.40212011357255,74.39902253978707,8.050143750901773,10.67381918234879
172.04221604866063,76.44889193375941,8.122683173686887,10.692053938686591
168.6105729374111,78.64833869764111,8.187087466971699,10.727213843019443
170.8076817661073,78.93538401297877,8.250730874796735,10.747504687706453
172.89327565723528,79.39529853436517,8.259077741928875,10.723290212659702
173.19292819095102,80.86891942949916,8.256381777356134,10.75909393668538
171.90702015724588,80.54243670256228,9.25551610209144,11.912186493381887
176.47311186878707,83.62112099317845,9.18689875354953,11.893569175788604
179.00064122893937,85.58890790555598,9.10120586146438,11.933488013609086
181.35331951152617,87.03620822071666,9.022897700900124,12.013418500536584
183.038667295943,90.11321555746767,8.956628492408536,12.137813911684479
184.70701872657386,90.74046066426743,8.93242781553824,12.208324571841539
187.2028203419619,93.40133136771568,8.919691717087938,12.197374772759156
187.99218882563667,95.75735361595545,8.99870099354695,12.127019758943653
194.35936972754845,91.88956438473647,8.871803005196375,12.231764859384775
195.05097079682375,98.62675285645588,8.813740576671282,12.340069943707242
194.81365512693483,99.76320482290168,8.956400218907786,12.390967893604937
197.835511192994,99.75977822408619,8.944298947792849,12.397821091235919
198.97895649527877,100.24442534263173,9.002369808064175,12.433510339076665
200.31166103687576,101.55022455192733,9.02888123466369,12.513832430278956
201.45935604432896,101.21213501281268,9.100497481627773,12.513724005116694
203.6120703509178,102.42982689184049,9.206212666393506,12.453571522876778
206.29377544462918,102.31969087177045,9.28503003741876,12.333704340613867
207.81576280601436,103.55659163221148,9.297501647437473,12.237138856345481
210.33623635355303,103.93918399565212,9.331614791582385,12.148628828027205
211.67338811610608,105.48163654983273,9.35765953921742,12.101615526499739
214.20788185885252,106.85265779197607,9.347421371716443,12.057572678475376
215.718497545756,108.24221197355223,9.353883318350661,11.969747266826325
218.38548476299079,109.60028551039413,9.382675583135764,11.934983542769867
219.7118277950593,109.77556343238977,9.410862236126231,11.919536788419505
222.21653236963016,110.93923041275744,9.431410490312944,11.939516282570755
223.39466062907542,111.44962301283954,9.426944625056668,11.926641362535516
225.42202300313014,112.15000602453046,9.400625002208395,11.86867704757411
226.74856751467172,112.32901475433538,9.422619232718212,11.845044994663375
228.61808457350165,113.16510629322929,9.361767951931315,11.844763206363236
229.98468391939755,113.79691245503497,9.295675951405782,11.914704228385006
231.17640013527404,114.12385756167001,9.245935194693837,11.927583065126681
233.68343074949374,114.13385775968432,9.223453831600844,11.907582669098051
234.6920733775341,115.43211375902236,9.198770952396947,11.967873839591006
236.05391337041013,116.58636277079484,9.136043804052033,11.98770954877729
237.9040938624456,117.56586548703216,9.086570217251204,12.020097242086353
239.74754512569876,118.21287775431959,9.047101557013976,12.05241229524571
241.10135092297818,118.21047350861438,8.990946734354251,12.05722078665613
243.09641743052285,119.37657088372633,8.967854380209303,12.0391330886498
244.43535877579382,120.18595476669222,8.929440492182636,12.070033324290023
246.61132028927273,121.30926926502511,8.864585767062218,12.131825720921332
246.63003213661233,122.61025129819755,8.82716207238306,12.167060185886701
