144.9,144.3,5.8,14.8
145.14927933345152,143.67896222906026,5.8843143573709025,14.725500937024709
145.26164087143886,143.70873277010568,5.97660147944482,14.665959854933899
147.00274644923164,143.8987871249634,5.990167117319542,14.603649035532998
148.27241206158322,143.90683323388083,5.987963694544931,14.58755681769816
148.26307048297934,143.90780996732593,6.006646851752696,14.585603350807938
149.06003906282217,143.78383384990425,5.998578579277004,14.516381808209324
149.5238578169538,143.79419276755627,6.019036421708886,14.495663972905279
150.93293551485277,143.80881218027542,6.045747111731465,14.466425147466943
152.1815171009307,143.82363507399324,6.0777699831690235,14.436779360031304
152.18059614753537,143.8241922365523,6.079611889959718,14.435665034913198
153.12592224101851,143.8337046474952,6.086786630249502,14.41664021302738
153.5965969414459,143.85613428242945,6.093907459611726,14.371780943158916
154.86732054187738,143.7524286153483,6.0775367094336605,14.263557720985613
156.13030992639213,144.85838957086833,6.0617997333477955,14.248097378771206
156.13411372020553,144.85887688568997,6.054192145721003,14.247122749127938
157.08943704809545,144.84870943469858,6.022322271844423,14.267457651110723
157.41011495966825,144.86992215832586,6.00668439727669,14.225032203856104
158.64826810140696,144.88164801256798,6.026129154864165,14.201580495371918
159.8925690214405,144.89467527845605,6.033321887338727,14.175525963595746
161.145745808325,144.90121118723673,6.020768137965605,14.162454146034422
161.12702272999982,144.9197156781541,6.05821429461596,14.125445164199661
161.57829613902072,144.930003406619,6.0899904347541955,14.104869707269884
162.81718821592247,144.94627269041325,6.1058442613054105,14.072331139681344
164.06455118323848,144.9868188686709,6.103227378121553,13.991238783166073
164.07815019231748,144.99147331158025,6.076029359963547,13.981929897347374
165.30506266235966,144.54407811206005,6.099632485070959,13.947684771940814
166.3849460636636,143.82113917663116,6.10705748428591,13.84556849863945
167.30849558652756,144.1618899753001,6.109457383605935,13.78056654965089
168.23953126534408,144.3470679866626,6.091483649767278,13.71756013089161
168.70896916762663,144.52012309509803,6.0709666389522585,13.677569511937447
168.87609395138477,144.9854072372981,6.041895710404958,13.662537144444316
169.9434205524108,144.24922188271054,6.03838587690079,13.612662590370903
170.39682726979353,144.56550046766515,6.042564635683274,13.587433549493728
171.61491912947855,144.74467051694046,6.033354204199755,13.532465111928905
171.77982541828266,143.9763917622718,6.005953908947954,13.556961209484278
172.84499373291555,143.96651997110305,5.991616449288954,13.57670479182175
173.4601972251547,144.11733953376614,5.97048734791539,13.577385137271715
174.5066390170406,145.04004044924167,5.991304156432386,13.543726499711088
175.5549315513819,144.8944026251581,6.00757003243432,13.533166298637557
175.72145873191948,144.1381762553839,5.976484627644189,13.535774256760945
177.1076108328804,144.89931845061133,5.917317411203157,13.520788191573212
177.1205336737661,144.60508061095143,5.89147172943176,13.508863684060225
178.01747110525326,144.0197416775748,5.895026612051645,13.48125505375058
179.52852351023193,144.47550188465553,5.865265663619275,13.467437798046639
180.15157161558307,144.0333386116128,5.813207039203834,13.456236154416974
180.32944811003728,144.455813095181,5.754882409504583,13.503572264907964
181.39151860820257,144.27724190178571,5.710316458087163,13.563632502425236
181.99351154072644,143.97894335362017,5.69497459361178,13.565907598470153
183.17469651506224,144.8472265482223,5.7079797884881485,13.610872566926897
183.3172007839794,144.68078657774626,5.720773200038575,13.645950558494214
184.36472179012335,144.37071620346939,5.715479309666854,13.669020415071966
185.26356282590754,144.1797558004309,5.710445441199621,13.752166520632045
185.3967327998161,143.85754461057178,5.743991161925169,13.796817563265005
186.41633117599298,144.14378362836277,5.812674685474757,13.826591035083977
187.63937074905326,144.12640549336334,5.788788321942724,13.86134730508284
187.63406437150084,144.11631838996885,5.799401077047521,13.8815215118718
188.70557123138366,144.2410949954455,5.779711371954706,13.935300303014605
189.61104712971758,144.23284761517417,5.791312264834169,13.95179506355731
189.74251692502042,144.24588381363776,5.832575535030934,13.92572266663011
190.9341183822709,144.2527952033349,5.8858428790117205,13.911899887235833
191.98885785231252,144.25719972977237,5.913486399275638,13.903090834360917
192.90813400792314,144.25422365880885,5.908925954659906,13.909042976287932
193.20995351412336,144.40882115718105,5.91662822218313,13.905518619505347
194.41970082931027,144.42758734821152,5.943181720717761,13.867986237444448
195.4793452671562,144.42684944462977,5.963673420915611,13.869462044607944
196.54434582637683,144.43734177348517,5.976137818387266,13.848477386897097
196.40247558106685,144.55443081824936,5.953895258419261,13.92028234795671
197.64443267843356,143.61967727843134,5.923011581382065,13.950016539320579
197.63898584560556,143.63671508611571,5.933905247038077,13.915940923951855
198.6908656342085,143.80480293060853,5.9736326948354295,13.885977667109508
199.31045369844693,143.79957200604645,5.9603824235806,13.896439516233697
200.53129034286547,143.8174331972123,5.969898211187755,13.860717133901993
200.50021014447083,143.9667451844427,6.032058607977061,13.868143115366063
201.55772324651443,143.9956066855443,6.0678169849348516,13.810420113162882
201.99504790491653,144.004729451944,6.114315249816422,13.792174580363453
203.7120866315879,143.99715468437307,6.063875459874235,13.807324115505308
204.1991325741101,144.1218743021214,6.0105882149976075,13.864819760064535
205.45130922784145,144.41409883370713,5.960858235706235,13.894026528935926
206.541131505305,144.56232917533532,5.925818649896635,13.903937984124866
206.38029527171824,143.81441929381472,5.941595323332548,13.870278778477855
207.58363436715672,144.11647713080848,5.9804215560173635,13.877539210380803
207.7431237755852,144.254723939115,5.967922045359357,13.907524899966672
208.98968741746407,144.54263392184706,5.928333032237715,13.945089502161645
210.09040324427227,144.20178840948515,5.872648283562009,14.013709982616708
210.70493772873434,144.33736306613875,5.869740138085536,14.049100875171472
211.0057416508653,144.47352290957826,5.8821316568938,14.083780869827555
212.24747086383414,143.69307593283585,5.860435496980348,14.106073407047235
213.50486745606472,144.5360392336324,5.80689821361611,14.266088731276787
214.60273613832982,144.17742381038988,5.774250924403221,14.36529384195691
214.60245135524394,144.16127558787525,5.774820490574977,14.397590286986167
215.52265576132228,144.1508805247159,5.796423934369033,14.418380413304874
216.2812779361683,144.268312300905,5.834280315036536,14.494537006998558
216.58869302308113,144.28343566077496,5.845034267059084,14.464290287258592
217.83053878081108,144.4321138465955,5.861727955829304,14.47948206614626
218.9206988582945,144.45239608299428,5.872859512961207,14.4389175933487
219.852940121143,144.4627015186215,5.884446942752876,14.418306722094307
220.65343052059097,144.46644523395167,5.8464039554285785,14.410819291433922
220.81519564796952,144.60714824488463,5.834675892211605,14.441215461108145
221.90176526459038,144.734464353606,5.845754470178316,14.498614359552262
222.83939884977485,144.88730162371732,5.848819686370524,14.50599521708984
223.12565877653861,144.2773831671145,5.902732549106968,14.472966697767442
223.41097200154923,144.4366568077672,5.959508062418044,14.468120398128141
224.627121785463,144.41451645043745,6.0443375400744355,14.512401112787659
225.710951866757,144.3970360695931,6.094186511170631,14.547361874476335
225.67067517114145,144.10123279185265,6.174739902401719,14.502615846553224
226.29044158814847,144.26814403943075,6.211034263442552,14.487750150160785
227.57119277478645,143.46966883916403,6.2046020697853255,14.487781688432523
227.71731550888524,144.09574168470192,6.231627105660062,14.512718013645866
228.83934166335445,144.96877781957497,6.228337797006694,14.687299744144141
229.81117337750266,144.59590716769642,6.22012690605031,14.787890202121233
229.93542856269627,143.95145838742923,6.295500040538052,14.781253743155819
231.05969936883213,144.241643744433,6.322815958749433,14.851128037857773
231.38977994026277,144.19016981746248,6.315887169683994,14.954075891798821
232.5400275940695,143.99507796083253,6.311262633450391,15.01627806629015
233.34317692743815,143.9796953685534,6.348955253933229,15.047043250848468
233.6501394962931,143.68158126785843,6.394851639438864,14.983449929022848
234.92662598851567,143.56975572104693,6.480311270894313,14.877296945658331
234.9058025356112,143.28738685713202,6.52195817670326,14.782479675054487
235.86025438365246,143.99254018382604,6.587880276346404,14.68872355215029
236.19308442859003,143.82584196955546,6.580094427483046,14.693182860185559
237.48620478561597,143.70497052987656,6.624774059141207,14.606060696329616
238.77730546148646,143.5832610586143,6.669648307762258,14.521095188808887
238.7569510514997,144.42522927931046,6.710357127735803,14.476838737725139
239.09100838323806,144.0946382265696,6.698251632268127,14.482011675197764
240.4247862785622,143.77417344950686,6.65364084009094,14.467204979705464
241.57088530582817,143.30269429063574,6.64954732568407,14.42954706596554
242.06068281188084,143.49996044083156,6.648710536461565,14.36126750653489
243.37032774624322,143.3433335860025,6.631379171749198,14.349276403191507
243.38715773818026,143.1552875314012,6.597719187875077,14.400601327962741
243.90768497515225,144.21574027772004,6.531437842412571,14.554166468448528
245.06920323451965,143.5476615324283,6.490348775691956,14.586353986452465
245.90076450650974,143.74562301131235,6.455912808518342,14.516168344045685
247.20992716724942,143.59529529480722,6.430495995653046,14.492710213479171
248.36145879352205,143.42435924255614,6.390716136533937,14.511256118920478
248.38623874530828,143.2612639252849,6.341156232961449,14.514551943718075
248.5420658640868,143.12929459535377,6.351571172098078,14.456421426886665
249.66130399293615,143.2877251132094,6.36296839188593,14.460970887959196
250.4759781388683,142.8058376878922,6.342006184629707,14.459714087828804
250.82904981889573,143.11802016521747,6.278442157064204,14.47792846566756
252.12875744068282,144.0117794562124,6.242486128511414,14.613004294943801
253.2627882887686,143.65373936826873,6.226685812626074,14.685581219320715
254.0685903885041,143.1906743511496,6.227688274789871,14.644147256578094
254.38242654009917,143.0435448783507,6.243896207031739,14.616466084459905
254.52960042003718,143.34152653805828,6.271375079077506,14.664156028888337
255.65728128146438,142.7080896319054,6.277029908672799,14.639020382651438
256.4720881371536,143.02790187752575,6.261110073915403,14.64487344205918
256.6228318351122,143.19591268487443,6.282164613560673,14.63139376292431
257.73191560933043,142.41055696122606,6.323031535536208,14.588509159926723
258.68055314397054,142.42992190106543,6.362679078172069,14.549779280248021
259.1688582173979,142.45329189363034,6.354945866016917,14.50303929511816
260.4695775157389,142.59930039283665,6.330671158775269,14.533167782885563
260.47428585911405,142.7414961501946,6.32125447202498,14.570930164479426
261.58791286926885,143.06632415161076,6.351742375909149,14.566343282845331
262.39022658376336,143.39666870276713,6.362145237174519,14.551666296634382
262.5276937124186,142.59119952800532,6.410187883061463,14.547720130171118
263.80710939711065,142.73515042720135,6.441486878630156,14.583584627398164
264.6221550674056,142.88819915229539,6.43558224895757,14.602324519393559
264.7803075228154,143.00373768785062,6.444282372553138,14.696252482698394
265.26038267104417,142.97684865573277,6.463690795455043,14.750030546934116
266.569649255434,142.9476915336251,6.4662844879438754,14.808344791149489
267.8938209645865,142.90310227919707,6.446192269300958,14.897523300005528
267.89189040542897,143.0372345433373,6.450053387616016,14.958726991014927
268.56393497874365,143.20043139284246,6.427653277248515,14.962755551070074
269.8635297574811,143.3555564720624,6.46914171758224,14.982590142356301
270.0169301278598,143.68119350615189,6.493445763494998,14.993525647517405
271.1865526783035,143.00686861286886,6.476046331936273,15.015406480181332
272.3383086164467,143.49125421418006,6.494446266246524,15.041740339243255
272.8440034382821,143.01870423145263,6.480280056728976,14.989616870544898
272.83069490487014,143.36071294383976,6.506897123552754,14.96840583927717
273.980578044547,143.87832301358986,6.528092501481986,14.927883552898182
274.9986279018,143.51785047774953,6.480110025672011,14.986122878346837
275.36347929285716,143.48513546621967,6.41310648230499,15.051552901406588
276.7094238817458,143.50388292356698,6.3701119663777455,15.014057986711967
278.0317707827248,143.35947674899035,6.363888381440531,14.973061558737646
278.0121931817642,144.37085455572006,6.403043583361782,14.924941737570029
278.825461234471,144.36748786943193,6.4220209219725035,14.931675110146275
278.98583332770363,144.36021210809164,6.430812255267935,14.946226632826818
280.30106786829737,144.52458369324768,6.439554553347771,14.947384884923174
281.1216598935419,144.53217892365222,6.448733744708391,14.932194424114064
281.44152869389404,144.55688191701628,6.46902604473574,14.882788437385951
282.76250612629633,144.5534426545786,6.4643345634118505,14.889666962261318
283.9428506935867,144.7078884682491,6.411368563075655,14.910450068383817
283.95525984713714,144.06807859024562,6.386550255974774,14.873909152650928
284.12794747420463,144.10159392647398,6.369247857128044,14.80687848019422
285.42980982338133,144.32278627185323,6.379901062600143,14.691291027413932
285.59883219333045,144.0484533728684,6.367168626208015,14.589332218371366
286.9113063165972,144.5457795304444,6.331109192845227,14.565513208158308
288.0466698289541,144.23847577195883,6.3187924412823,14.534860647086365
289.0289224622691,144.10094092130655,6.286100227006619,14.487961506331901
289.5262492286001,145.10505658227183,6.253585186994497,14.40400716970102
289.6967872877725,144.99058573418026,6.231432476707775,14.314025457826
290.9871290583275,144.18488006437377,6.188585177363934,14.339289146335096
291.16416197090666,144.65194726567782,6.151358290983678,14.355671560060976
292.45449170588006,145.2845315451522,6.102043761725026,14.356175471456266
293.56883584652695,144.98470096669928,6.082226553866528,14.324730607380578
294.366754846079,144.69779338027078,6.0601267425319225,14.269050505129751
294.83632044067764,145.16438827296707,6.061650081341236,14.276515247743774
296.0798540326455,145.00131822991557,6.084073982031551,14.288968948268495
296.0824148384948,144.99965317884096,6.078952370333007,14.292299050417723
