244.5,94.3,3.8,9.2
244.78819212083764,93.81238737123459,3.8256976080853713,9.175225257530794
244.87647252463805,94.72437995996842,3.8494958518891162,9.154471542704146
245.36429115304438,94.63593670294689,3.8762658787013766,9.130876600022228
245.351151933439,95.7520660457684,3.9025443179120782,9.105379945927485
245.73639643861378,96.16470967473873,3.93489908199873,9.082936462423003
246.52224479485088,97.07797974338365,3.9708644502161996,9.065016165911285
246.90928718520647,96.4803695345054,4.002110258982085,9.052240699452154
247.49564970618349,98.19115975691804,4.039572459297805,9.059524107724394
247.37634519922855,98.7089942565877,4.075718890649224,9.036168021177296
247.76034378233527,98.61459022986249,4.118756206728395,9.022217454054587
248.14562155447453,98.82761179481076,4.161443904632762,9.002795945249495
248.02507631038213,99.54950137881119,4.198758553769409,8.985447650586227
248.1094659216055,99.85334458475307,4.234154970817334,8.990288157186427
248.40975270700804,100.68270121557677,4.248173677388843,8.970487635209892
249.12417356399615,100.883148031605,4.2530723353846245,8.979234109431136
249.10963260674436,101.81732880159646,4.282154249888184,8.956169109986572
249.10036637278787,101.92864451383234,4.300686717801186,8.93874100280433
249.29000424297442,102.55837051799023,4.3319541056094355,8.910918379032669
249.4792229617451,103.49625713932149,4.364334419859622,8.883825019432324
249.46784907944067,104.33470108284735,4.387082184468529,8.851537312655633
249.86342284007543,105.47435080539057,4.41792327254596,8.832706543273325
249.23353207661125,105.58883911510625,4.443171816445459,8.809485421013454
249.83799276230218,106.6084910789057,4.469362341637383,8.828701321037546
249.42149668480081,105.87685674997813,4.476010308762324,8.845867650106578
250.03579949306754,106.69809687803483,4.489119418659463,8.859007029233975
249.20921641332893,109.58680510466984,4.483314059354712,8.887990891700838
248.5810335368137,110.20372688390331,4.493504530916434,8.900322614702652
248.57386324406377,109.79592773517278,4.50784511641625,8.88371030484253
249.10045248221527,111.02506742757328,4.494951097018777,8.922113616614823
249.71512976637624,111.44681096209226,4.515977992698088,8.912214190244363
249.28545909888695,110.41936849038507,4.540858799404548,8.880947812978352
249.070764080179,110.63130944630348,4.553076616691292,8.87423812127065
249.688946446767,111.47698939574347,4.568902047408441,8.852465107581558
248.9509558595991,111.70157704425438,4.584322488095409,8.820592877316555
249.049424607823,112.54658571030691,4.595834005068784,8.798167652581292
249.25053390808066,113.27753121655027,4.6102505573268955,8.794499674801484
248.31661998646595,113.3868844380653,4.601474759440181,8.784304747451003
248.2084088291384,114.22322062456658,4.609686253931413,8.777318935759554
248.09610645789536,114.33380876371412,4.626041742271745,8.764391911610154
248.92519531189632,114.85731541400584,4.634584873904514,8.759079135798386
248.91914385415893,115.68234459002134,4.646687789379269,8.77628978843312
248.49247013530098,116.4165712103487,4.664556993967208,8.769923455752323
248.27524663846322,117.35479014042843,4.680839029546854,8.77522790702423
247.84614039084414,117.36129419783688,4.701292405722699,8.762219792207347
248.14521163484116,117.89295446587577,4.731946236284691,8.746893120389531
247.40105289066346,118.63542800983822,4.750979232302905,8.731230524801845
247.49841209991365,119.1436563736105,4.766253228893137,8.764735872710645
247.50686317717572,119.12909080915087,4.74935107436904,8.793867001629918
247.51359571718623,119.95811613874983,4.735885994347974,8.822920135534638
247.5113194498504,121.63835909038326,4.7404385290196975,8.839801690045064
247.8231282891525,121.63582665189602,4.751057167164289,8.844866567019546
248.02484425377548,122.68421631333504,4.770962464225315,8.864773375676428
248.76701302846018,123.19055109717532,4.772744379752813,8.913617711493682
248.75631930844773,122.9751928910259,4.794131819777706,8.918228592212927
248.6428893226395,124.68034046981238,4.807504710485969,8.923726729172149
248.6317725850987,125.32351351623898,4.829738185567517,8.920163147058608
248.6225851382654,125.42802247820565,4.848113079234131,8.925270329209054
248.6119193374514,125.32196887063935,4.869444680862085,8.92286282833328
248.60035973524774,126.06940605223869,4.8925638852694515,8.931895760976154
248.37635569685446,126.69522081034049,4.909827592366171,8.972499353842068
248.3837052144041,127.74837454604967,4.8951285572668874,9.028854065601049
248.49718879861192,128.69791277112864,4.8850074769250735,9.081392408107511
248.6060488869122,129.33518707613004,4.8847344370491665,9.111526618452647
248.48853991370197,129.77090080191178,4.901866043116899,9.111644528300124
249.34743524024856,129.54623089512867,4.92952761694295,9.124621285136524
249.33173450707508,129.98850189760392,4.96092908328989,9.11546451332884
249.5363874950186,131.09039377698542,4.9901200418983755,9.104165427043498
248.86351992956415,131.87244875321986,5.018371482847709,9.077119779527363
248.84475222176437,131.78127239614358,5.055906898447293,9.039808896107122
248.8281068381165,131.57238165365374,5.089197665743004,9.018086171064665
248.82017892160482,131.9035116478807,5.1050534987663845,9.015818600567158
248.816995858203,133.53574105335514,5.111419625570001,9.05486325843836
248.71846627271802,132.97293272026383,5.087559180388817,9.075881843865078
248.62078428115953,134.61939284166425,5.062098707613682,9.095328439445993
248.07254047444712,135.2725295330483,5.055195327797259,9.113124248567436
248.73821198043888,136.25041098531048,5.048792988636441,9.144772353277062
248.73349846107996,136.55668708316063,5.058220027354276,9.195765163995926
248.84017378215623,136.19543121018535,5.06696480293678,9.251990656741306
248.93059117584568,137.64620494332806,5.10920457831894,9.250412506350212
249.3529815713548,138.5567197022786,5.159513309122559,9.219562032092751
248.5476012195249,139.01626753438566,5.201055282028793,9.197162785452111
248.53106049580404,138.4686797851649,5.234136729470491,9.16958960212285
248.63357263768737,139.37122250288914,5.253816153818548,9.162133831592168
248.63403758103016,139.70042337240707,5.252886267132947,9.17851418227409
248.6489557905331,140.7039167964263,5.223049848127054,9.197915780301425
248.5456337521099,141.49484499384513,5.204759129005803,9.190602957237255
248.4465920687566,142.170840051245,5.1783268629595165,9.185706638954919
248.33372828002086,142.30031640390618,5.180060801470091,9.150747572593467
248.54673437433405,143.1047784000192,5.201060286172337,9.106364437017547
247.75816815344535,143.46495948313418,5.215754018965889,9.055618860352045
247.75399141619002,144.48716611852407,5.224107493476522,9.015532325630344
247.2991370706326,144.5024154789866,5.24481534580262,8.985033604705285
247.39146952551334,145.18596624456893,5.282298898478865,8.950822848166803
246.04706509023237,144.42816310118474,5.3038132183166296,8.910507313679423
246.48593077236652,145.19680392100773,5.314236982932523,8.927497149580768
245.93125561874288,145.50844957580014,5.311250307330134,8.971608029705672
246.27622807996366,145.71738712745008,5.290523424136851,8.999878285904696
247.17626426327809,145.01877315851095,5.2755894610177,9.058252421150657
247.17949367220373,143.87792267274565,5.269130643166424,9.102392031716487
247.1758215453335,142.5023020485741,5.276474896906909,9.16201525243692
247.1579924376777,142.36650760824443,5.312133112218489,9.208294078498456
246.4736046077906,141.44500340400288,5.321303553413003,9.238495528875331
247.36554534877828,139.3936257590007,5.355055041378801,9.251576636512121
247.35819899082463,138.48556540323438,5.36974775728612,9.243934552717002
247.2451224476303,138.23970762073043,5.367794872114219,9.27943817460383
247.0153326134723,138.12887488767157,5.370175583657168,9.272504162335022
247.0133058170458,138.02284760303613,5.3742291765101715,9.256021733688442
247.00114209562363,138.04335362077342,5.398556619354494,9.215009698213889
247.7932394248675,137.0373178279516,5.411513201192267,9.17360111772475
249.26719004133918,136.01941833619284,5.424603838885757,9.159482652339877
248.57129841646474,135.2380853971024,5.449706810981931,9.127688206592586
249.12992456757237,134.6876243349583,5.471110583746435,9.08995425590105
248.56424631344262,133.20099403844046,5.46481322540566,9.105314795775882
249.45794758993833,130.5772575924069,5.4986363243286585,9.11676393858891
249.4508522752565,129.7630466153473,5.512826953692373,9.146429211951434
249.45009285891535,130.07910462364922,5.514345786374643,9.20153701356443
249.33733801539938,128.55125439013275,5.509935097076156,9.268272588301423
249.3468641056405,128.87576304013848,5.490882916593955,9.311770801289763
249.92270660259248,127.81328629512551,5.49501321512783,9.3562567649275
250.61477079267632,127.21964744392264,5.50224682158023,9.384066145149855
250.37875927448502,128.36540234455154,5.509411885947018,9.416846203971188
249.90230744126077,127.65489844107852,5.530167935501297,9.439632585575936
250.48416100870122,128.2299037930804,5.5350929995212645,9.458254080472997
250.37150060958945,128.80521070337755,5.5263275553320605,9.47807147194279
252.12483874367348,126.69317044206419,5.533131418714218,9.485975836709228
254.00317203106306,125.2773282533629,5.527897117286099,9.504086009098508
254.82966238826322,123.62201785246691,5.517428679095104,9.529682258471906
254.72641174677173,124.42160008557097,5.4890830352977265,9.574446279726631
254.61932716142368,124.65130897547951,5.468222468413079,9.585087975070905
254.63484640683848,125.4771816971799,5.437183977583499,9.577174945504057
254.7501012063566,126.18819245609049,5.440863064536747,9.5602855436196
255.80557293781163,126.89312301909503,5.435929942142686,9.554431311287848
256.4986240818147,126.19957425498485,5.45281155312919,9.538544940515614
256.49963130296976,127.12396501142952,5.45079711081906,9.560820297212192
256.4856077448534,127.48379820444514,5.478844227051765,9.543687392118082
257.2922673548655,126.55196825229392,5.506326323100618,9.532145792336992
257.9836118053147,126.8978735692122,5.531808942743698,9.544420918771188
259.74156751347505,126.30595902252597,5.545536069216786,9.55170383121236
260.32071641071917,126.06281469023412,5.565487604675021,9.566692763817528
260.4336799663515,127.10699434211664,5.575770714722352,9.604225451861028
261.24990148251686,127.93582499053387,5.601916416417529,9.605152889052452
261.24709195747965,128.14785051234088,5.607535466492023,9.655897532349043
262.079203731358,128.6047246509151,5.61103357150826,9.695133056785194
263.8727111335799,128.93902959885054,5.607326600553488,9.743184727612125
264.1216956348012,128.68138792483597,5.588431111789019,9.779394561963214
265.3303406241316,128.6561207371946,5.568667201552183,9.829928937245935
266.416945803124,129.82658117307886,5.556942360166626,9.890658639476621
268.0894776398247,128.3747925246278,5.583976399735632,9.903866468118535
268.3080273607294,128.25827139709253,5.629916001367706,9.8953892014683
