149.7,93.5,14.6,43.2
149.06477934567502,92.88277988105384,14.870441308649948,43.43444023789232
148.99608208629425,93.92405569986776,15.007835827411496,44.022531573551156
148.9494560539274,93.80456288083624,15.101087892145182,44.26151721161421
148.9514704787084,94.14007664122514,15.097059042583215,44.49669773884246
148.4335277377803,94.06402171432015,15.223459075614237,44.64880759265246
146.82880357614457,94.23548358270736,15.691029497963264,44.30588385587802
146.1410051515811,95.10983846023747,16.14905149211376,44.39232381077065
145.9891764357382,95.29386316880567,16.452708923799594,44.02427439363425
145.95831976430853,95.29888301729032,16.51442226665892,44.01423469666494
146.06695501341224,95.4808544950609,16.29715176845151,44.578578876046976
146.17775474282624,95.42217460747415,16.075552309623486,44.69593865122046
146.20688394935476,96.56699147989042,16.017293896566464,45.19666466791979
144.97415889789625,97.04577502951332,15.674087627039164,45.17531635948878
142.34646542412838,97.54008669793683,15.351413862377695,45.116369808008
142.33558493165447,97.46994857055421,15.373174847325508,45.25664606277323
139.38999654032577,97.14922446909351,15.712240021092317,44.972742330879534
139.16615246308018,97.77749244156466,16.159928175583495,44.64368694278085
138.97105309933966,99.25462380605154,16.550126903064548,44.48212509514091
138.91526872594645,99.63358862926265,16.661695649850984,44.65983086960992
138.95293193687164,99.85946146714127,16.586369228000585,45.14827772023504
139.62801736242122,99.60900618351381,16.182027427066853,45.64918828748994
141.7445439609181,99.4146086538814,15.731661017027854,46.03798334675476
145.0288274826017,99.71541521781157,15.764274743169057,46.37939604310991
145.12690932955553,100.02543766550241,15.568111049261425,46.70783697886885
147.56762228107925,99.98174967899527,15.434575005855393,46.795212951883116
147.90698673193367,99.4934984718876,15.704222072401752,46.82333939784323
150.67178952204796,99.70770935060148,15.896885558711912,47.348629151505264
150.5520592777829,100.7056752417447,16.13634604724208,48.24683376729846
151.4385565162465,100.5557199186481,16.32710596340682,48.54674441349167
154.7900561482766,101.0397982644315,16.55154778061701,48.56822216210634
154.78112634945376,101.07011559935061,16.569407378262675,48.50758749226811
157.3750744529912,101.07368390533907,16.3490126137391,48.50045088029118
157.4029425646641,100.99559088055311,16.293276390393327,48.656636929863105
159.5090256191366,101.4449768347391,16.04343240779981,48.74844555307901
159.47803845850294,101.96535850040053,16.105406729067123,48.694995003116944
159.8888985180456,101.89561071289864,16.271374690667816,48.83449057812069
161.28283926787688,102.3673589057268,16.461627117459823,48.88370550128257
161.18352293353632,102.84070437932866,16.66025978614093,48.933905337474314
162.18561704979678,103.36603218789818,16.658537006284572,48.88448244666753
162.65354659404755,104.43196197780279,16.72317497437664,48.75361698004565
163.17326540966968,104.461194473409,16.68354797445172,48.69515198883323
163.73788992974224,103.87580619903393,16.55255380825038,48.86767366363957
164.27807577893992,104.31930205020906,16.470505388845144,48.97900524027947
164.3373082254377,104.34978670360205,16.352040495849593,48.918035933493485
164.38178536214087,104.32789190957907,16.263086222443263,48.96182552153945
164.37765919273872,103.17965947771489,16.271338561247564,49.26954725542957
164.2762342231779,102.4590752858108,16.474188500369177,49.71181522457674
164.1892873238816,102.73399625798707,16.648082298961832,50.17088049320418
164.1762915811411,102.7413926336933,16.674073784442786,50.15608774179174
165.11566247739623,102.78279352681989,16.833107594549666,50.073285955538566
165.00662008027624,100.73884167824875,17.051192388789687,50.07871757721835
165.61439459312578,99.61645202750182,16.860321250659158,50.27414110357501
166.25044436266876,99.56581827026605,16.612196841023554,50.37540861804655
166.85537745225176,100.00014441539156,16.42320531134976,50.52763097728773
166.96542650749234,100.13502587377997,16.203107200868573,50.25786806051093
166.9682204683298,100.07174065231183,16.197519279193685,50.3844385034472
168.47111756112085,99.96871448177944,16.231900282392484,50.59049084451196
168.4143427849811,100.00131073769049,16.345449834671967,50.5252983326899
169.48403722269003,100.69735316466085,16.242283611724627,50.15132480498443
169.47139459597435,101.7798203510942,16.26756886515605,50.00819616006666
169.9848321671418,101.77309522428692,16.250027010289575,50.021646413681225
173.5738653094913,101.17797788068839,16.136377445261985,50.2026787123538
173.6549207827549,101.59415912989667,15.974266498734757,50.38000234956254
173.8247562166643,101.93925905279826,15.634595630916035,50.69902285570218
173.96926592221246,102.3984370906425,15.34557621981972,50.78814337825697
174.06782307039182,102.39926970489005,15.148461923460935,50.78647814976188
174.0202006373028,100.68061662734443,15.243706789639006,51.22465890478539
173.98644186104232,100.0116907185228,15.311224342159946,51.5548352487128
175.11155231070202,99.2537156227654,15.088202730197157,52.05718579654931
179.74636623110194,97.76122421865026,14.96753021916915,51.992516828189004
183.82105430994005,95.75145255742532,14.925253393736899,51.95851048451687
187.37651176491786,93.20379803669192,14.899168435092083,51.99322670361883
189.01019560063338,92.88773222556148,14.668166711558637,52.62535832587973
192.62323760475712,91.63677219998729,14.559136127132758,53.09383454165048
192.6766782758947,91.43340027160237,14.452254784857615,53.50057839842031
193.27622233808833,91.79200500769792,14.278168110622222,53.80837037638108
194.22681988938717,91.70562223031733,14.429085330163934,53.98113593114227
197.81072068032336,91.60691052263215,14.480592469125119,54.178559346512635
197.78571287341404,93.26117359937032,14.530608082943747,53.975266800084285
198.36411398560347,93.92745010763778,14.406963697490887,53.67587162247533
202.51433173154342,94.77271811476366,14.319465345397262,53.01195275069688
206.1532239107141,96.32016612442777,14.151056387794767,52.9639319031139
208.18878579667611,96.19289789941055,14.127053825731995,53.21846835314834
211.218950179559,96.02804202012726,14.156182558924952,53.5481801117149
211.22064628321334,99.02634170316355,14.152790351616268,53.67216093487695
214.27251625432314,99.53601070432832,14.179709491434881,53.67459944622046
214.3073064644056,99.48123694620489,14.110129071269954,53.78414696246734
214.30037067613253,99.22134489845345,14.12400064781608,54.3039310579702
215.345760691108,99.03807169911164,14.093452018366666,54.67047745665383
215.87205960637507,98.98612843764519,14.07554351066803,54.77436397958673
216.95590456799957,99.21932126910721,13.97947376438932,54.30797831666268
217.9841310116215,100.19849758316528,13.97790161689677,54.40450642829789
218.4708662371188,100.0079490602297,14.033197902548078,54.785603474169044
219.41259880843688,99.82345094074553,14.220065982669833,55.15459971313741
219.4222806991134,100.6148679138829,14.200702201316805,55.65953789600832
220.58888862917763,101.80941191104537,13.968711521268578,56.42228767180377
220.58838491913727,101.71277505596083,13.969718941349289,56.61556138197285
221.03356255863883,101.54967063928888,14.139010170990499,56.941770215316765
221.4409675258676,100.95554166056482,14.391640132113672,57.0625882771842
221.33625136684122,101.61902794108613,14.601072450166383,56.809546521158595
221.33519835004748,101.74680333922666,14.603178483753906,56.55399572487755
221.31905242204766,101.50453253835546,14.635470339753525,55.96774348068632
221.25255004405315,101.24359909593589,14.768475095742543,55.426446238172474
221.13932594475983,100.74246120431043,14.994923294329162,55.370662972029464
221.00401552359617,99.88458181864203,15.265544136656525,54.96335214213053
220.49055047562067,98.92972553972224,15.23159924762894,54.75131473001295
219.90476452218698,97.55711984458702,15.345921424903182,54.324776931504005
216.81778651061595,96.5823126866979,15.199635719845784,54.16764400454909
