186.9,37.9,22.6,29.8
188.78663077949912,38.0015970188263,22.76622092370926,29.420053042798635
191.13017253830202,38.12294339906832,23.00009355475361,29.177360282314602
190.98147371944862,38.177108512116924,23.29749119246041,29.0690300562174
191.29588143805373,38.611676178612655,23.492092251856306,29.02331121983204
191.630337246022,38.614468017466194,23.649047258077015,29.01772754212496
197.50074329761705,39.43692680757887,23.504715613942622,29.029450027478994
195.76225604655082,41.73612279015345,23.67702935626923,29.38804920203867
195.31087531533453,41.538669474532284,23.74533108224646,29.78295583328101
195.2498585396739,41.85459109314289,23.867364633567725,29.99273612003266
192.60939921749272,41.84197867545154,24.06737439025636,30.01796095541536
192.50259416315347,39.47553002868036,24.28098449893488,29.64817135698185
192.53418191401184,39.08467633683993,24.217808997218107,29.581652839720675
189.0404470692127,39.19351821423599,24.43582068566128,29.36396908492854
177.54822880725666,39.34186423230472,24.568761779824978,29.067277048791087
164.60748587348974,38.87681567132373,24.28875882800382,29.153455176580323
152.12784068582113,38.9882327550677,24.02592345488245,28.9306210090924
145.96230243575133,39.14018726746764,23.861000400890223,28.62671198429252
143.0541018591319,39.6530124874502,23.897320147132728,28.426787459612584
141.43491784784152,39.76821004982105,23.842770208866973,28.196392334870875
140.66312700420474,39.803557300127814,23.748757743786552,28.125697834257352
141.49207858930424,40.25675920114833,23.72324108168786,28.035487286266495
145.12483955889897,40.29117860907507,23.78723408256676,27.966648470413002
151.6979650413274,40.29546440351007,23.670696873475634,27.958076881543004
161.49720504254097,41.911658572902724,23.568626409808807,27.97509013255108
165.99552155762737,47.824316769916784,23.49266537739366,28.314326462737984
166.00715508184314,66.09618590308467,23.469398328962136,28.444431393014437
163.96166476497862,79.1620292637286,23.477371149213713,28.4439946779826
163.9344824731013,54.63643869709526,23.531735732968336,28.491762731296802
164.27527501882318,19.181736427604847,22.8501506415246,29.024248992090776
163.2867862204659,19.14021589910137,23.196184524625956,29.10729004909773
160.28452235537705,48.06083366503938,23.444187629669944,28.831300768558894
160.2128168667415,42.09219065955802,23.587598606941064,28.43644947364976
159.84026245106915,35.86492142279151,23.514321204876055,28.615194446037712
159.8673044218175,45.42230351009554,23.460237263379383,28.359375608640715
159.8957796916647,54.51773393632334,23.40328672368496,28.10169647576314
159.78492958105565,19.782292758243724,22.814728988027195,29.510910454346238
159.24397926619497,16.5844511282175,23.074292378723076,29.32789580219496
157.53553425771804,45.16709415685601,23.196138744152762,29.002112733710902
157.91704257195164,38.36694207488044,23.253869590837702,28.649709820074385
157.91987791821856,38.36161571405007,23.248198898303908,28.660362541735125
157.80971591817763,38.34250445518417,23.468522898385718,28.698585059466918
156.83661805623095,38.447340548053624,23.77372575187163,28.48891287372801
156.6664345787115,38.9026865350628,24.114092706910547,28.400416733372438
156.57013300212873,39.3539173807369,24.306695860076033,28.324266208624486
156.97139198699563,39.36897872828818,24.33240801755909,28.29414351352193
154.03926020292243,36.444613027486724,24.39943051276729,28.345633842186654
141.26767478118984,29.649000836434475,24.211065380006552,28.656065462368108
137.12652033100102,32.46634769603824,24.175202004736292,28.844092336114148
136.76321730254216,32.35185296993822,24.067668274661084,29.073081788314187
139.32937660789733,32.38161114193486,23.950951287080443,29.013565444320903
145.86967467098023,32.472978837107476,24.200495228770958,28.83083005397568
157.46124515308205,32.435422030521,24.378951434544433,28.905943667148616
163.67508358939557,32.02446958770683,24.526896070245403,28.88947378555509
169.19855393309726,32.48633993485322,24.40646851942075,28.806234101768375
152.46619494499953,39.16043180181335,24.380030490747046,28.854512769795775
138.74223565842902,39.89523224511043,24.187195209026953,29.060109086526538
120.38921412973198,41.89546916573913,24.036113627934125,29.247944863279
140.59953192635842,38.87231882027078,26.92278512299342,32.30342912941966
141.56191524485655,36.36463977249492,26.056928871452318,33.18581296633867
138.6243788252945,36.95250080028457,25.413137152402605,33.872623641666166
137.83920667684038,38.51945503818273,27.945650258583917,35.59241360143482
137.83920667684038,38.51945503818273,27.945650258583917,35.59241360143482
137.83920667684038,38.51945503818273,27.945650258583917,35.59241360143482
137.83920667684038,38.51945503818273,27.945650258583917,35.59241360143482
93.23948659477689,49.66594098365888,29.47887401442986,33.743134569629646
86.10055493259969,49.90602007958282,28.83089973693808,33.262976377781776
90.20136698805338,50.13832192929288,28.447142707011203,32.798372678361645
94.84887093114281,50.878883235877325,27.827123018120915,32.28113764266924
101.18278493032147,51.28288463429526,27.45647433124559,32.41907171594738
107.88550721610282,50.99002539733265,27.24059738130922,32.0626782168993
114.14808651510901,49.730389170249936,26.846228805031593,31.782537589125944
121.77491741297065,49.72321146095148,26.352073443744455,31.79689300772286
130.16711196326295,50.232838583762806,26.03278119993977,31.69236636525464
143.74379633577968,50.141684438314,27.02631160509631,31.874674656152248
155.07627823729877,48.29427177607057,26.60427538486828,31.86234538350407
166.58191589570407,48.62475789387118,26.58807160520691,32.12117600938884
174.50954632283424,48.67721290388606,26.432786578203245,32.016265989359084
182.73513115812855,51.56169695859,26.5309423884488,31.763739706895922
189.67564977264203,49.729482880262836,26.4064258330725,31.75976235057675
186.08827620816032,47.69457349513968,26.26091234813265,32.16945081387145
179.77295197178123,47.923069734732735,26.02575248108111,32.631444644671745
179.73387448534277,50.61317523362728,26.103907453958023,32.78485276178675
183.8758546893472,48.11883952979785,26.152946345482697,33.1440801141492
193.60102807438466,47.252488384869466,26.27853657811386,33.0124074513673
195.1512575068999,47.11793206118342,25.97470456212719,33.28152009873939
189.4129287145555,50.16254102153691,26.274639046627662,33.712057319808906
180.13695254723174,46.32526872456032,25.969482759906768,33.84375846521471
172.69261730452433,45.604332644450835,25.819785554158482,34.34573264473598
170.62720662538442,45.5746680155861,26.170178339157133,34.40506190246546
177.9865019521897,46.65128032772924,26.679340031661415,34.155306321443554
186.9136898692766,46.19760706686145,26.993062697594524,34.10643713264718
183.91420829134154,44.17060314548048,27.228634472025842,34.318184054449944
176.0836621415845,44.64368110456511,27.40760935693283,34.339660474693616
165.39848425502583,47.45176334919478,27.418939519828935,34.54868478822189
158.11386153926875,45.22884288146861,27.37440557558968,34.1232659317564
154.21945186387663,45.136768595647254,27.427159065161323,34.307414503399116
151.68786026660612,43.270249241650276,27.636905302194464,34.157703645386796
144.8547251505972,43.234505391881065,27.69814383767029,34.22919134492521
144.02372783164407,43.11461148183548,28.386261669283662,34.468979165016385
