263.7,34.099999999999994,31.4,38.4
259.3202255940838,35.61004184485243,31.474740018337727,38.7712356208635
256.0273731526108,35.49840721527822,31.43198740237917,38.99450488001192
256.04546481169996,35.39176158434388,31.395804084200794,39.2077961418806
253.80298327221044,35.880207993940026,31.440107515264096,39.34106823466725
249.34173119217587,35.910478928661064,31.459197942654313,39.28052636522518
236.0073058756343,35.834112956448834,31.432661083796603,39.43325830964963
215.38670142682773,35.849205347786906,31.447757246003846,39.403073526973486
193.60982388009802,36.04967970524446,31.555458787684856,39.002124812058376
179.77526298739335,35.10562552393655,31.484708634279627,38.67104341956904
192.8131109517196,31.43905971679505,30.786407161535642,38.28062019944508
222.2093139402157,23.325652666313232,30.641663161971454,38.21641708445648
239.5237301600019,23.153943737295272,30.660436877136604,38.5598349424924
239.04380764036486,22.62848619056589,30.531974903619094,38.5224430231596
227.68194617999828,22.002020428009203,30.457057319053387,38.68972500040161
219.63213368363333,20.939535234043923,30.251764958791934,38.64070640793332
207.80458266961492,21.442058336677537,30.08288887956459,38.718568298450826
195.3312112817428,22.757381501312622,30.15854214559606,38.25062540480785
219.87230639224788,22.38838371249925,30.545847023571373,37.913197175934904
219.83581646612808,22.462616963834897,30.618826875810974,37.764730673263614
207.35529905228643,23.16093457168226,30.844845759587372,37.44353093339092
190.5370547750633,22.664814980550155,31.182634759846948,37.36161851713298
173.75933420133634,20.12140790522982,31.309535117487002,37.056732540384324
160.3535446461789,20.60597739786469,31.229047760662702,37.163276213800145
146.99650192166806,25.628023610046956,31.04237280909446,36.80345753364801
134.77460176471595,25.679420729457707,30.9342515952965,36.700663294826505
122.6155455815793,24.803086992290016,30.77694731437699,36.32503366940599
110.47475901720532,28.834894593453843,30.774643776818934,35.65216353943233
92.1800721574575,28.561092321065704,30.775500039788376,35.15438187116501
76.18558124811521,25.673131793170132,30.595992893718567,34.70414377248756
61.89941596026952,28.000337469974014,30.388811291260197,34.161091301472624
48.87947762732996,32.26415036955714,30.010091919834338,33.762264283015575
35.415562297980216,29.95313142082224,29.833853769241788,33.36503017876464
27.597528555430642,28.064114135301658,29.55200843509248,33.16358654499369
24.15547328384913,13.250396399545949,29.525455262910405,33.173891807883294
-1.4928661321891923,28.076408229919565,28.512549723454647,34.11804013803237
0.6366009325080189,25.213614236032,32.2845105417138,36.724971519736016
0.6366009325080189,25.213614236032,32.2845105417138,36.724971519736016
0.6366009325080189,25.213614236032,32.2845105417138,36.724971519736016
0.6366009325080189,25.213614236032,32.2845105417138,36.724971519736016
0.6366009325080189,25.213614236032,32.2845105417138,36.724971519736016
0.6366009325080189,25.213614236032,32.2845105417138,36.724971519736016
0.6366009325080189,25.213614236032,32.2845105417138,36.724971519736016
0.6366009325080189,25.213614236032,32.2845105417138,36.724971519736016
0.6366009325080189,25.213614236032,32.2845105417138,36.724971519736016
0.6366009325080189,25.213614236032,32.2845105417138,36.724971519736016
0.6366009325080189,25.213614236032,32.2845105417138,36.724971519736016
0.6366009325080189,25.213614236032,32.2845105417138,36.724971519736016
0.6366009325080189,25.213614236032,32.2845105417138,36.724971519736016
0.6366009325080189,25.213614236032,32.2845105417138,36.724971519736016
0.6366009325080189,25.213614236032,32.2845105417138,36.724971519736016
0.6366009325080189,25.213614236032,32.2845105417138,36.724971519736016
0.6366009325080189,25.213614236032,32.2845105417138,36.724971519736016
0.6366009325080189,25.213614236032,32.2845105417138,36.724971519736016
0.6366009325080189,25.213614236032,32.2845105417138,36.724971519736016
0.6366009325080189,25.213614236032,32.2845105417138,36.724971519736016
0.6366009325080189,25.213614236032,32.2845105417138,36.724971519736016
0.6366009325080189,25.213614236032,32.2845105417138,36.724971519736016
0.6366009325080189,25.213614236032,32.2845105417138,36.724971519736016
0.6366009325080189,25.213614236032,32.2845105417138,36.724971519736016
0.6366009325080189,25.213614236032,32.2845105417138,36.724971519736016
0.6366009325080189,25.213614236032,32.2845105417138,36.724971519736016
0.6366009325080189,25.213614236032,32.2845105417138,36.724971519736016
0.6366009325080189,25.213614236032,32.2845105417138,36.724971519736016
0.6366009325080189,25.213614236032,32.2845105417138,36.724971519736016
0.6366009325080189,25.213614236032,32.2845105417138,36.724971519736016
0.6366009325080189,25.213614236032,32.2845105417138,36.724971519736016
0.6366009325080189,25.213614236032,32.2845105417138,36.724971519736016
0.6366009325080189,25.213614236032,32.2845105417138,36.724971519736016
0.6366009325080189,25.213614236032,32.2845105417138,36.724971519736016
0.6366009325080189,25.213614236032,32.2845105417138,36.724971519736016
0.6366009325080189,25.213614236032,32.2845105417138,36.724971519736016
0.6366009325080189,25.213614236032,32.2845105417138,36.724971519736016
0.6366009325080189,25.213614236032,32.2845105417138,36.724971519736016
0.6366009325080189,25.213614236032,32.2845105417138,36.724971519736016
0.6366009325080189,25.213614236032,32.2845105417138,36.724971519736016
0.6366009325080189,25.213614236032,32.2845105417138,36.724971519736016
0.6366009325080189,25.213614236032,32.2845105417138,36.724971519736016
0.6366009325080189,25.213614236032,32.2845105417138,36.724971519736016
0.6366009325080189,25.213614236032,32.2845105417138,36.724971519736016
0.6366009325080189,25.213614236032,32.2845105417138,36.724971519736016
0.6366009325080189,25.213614236032,32.2845105417138,36.724971519736016
0.6366009325080189,25.213614236032,32.2845105417138,36.724971519736016
0.6366009325080189,25.213614236032,32.2845105417138,36.724971519736016
0.6366009325080189,25.213614236032,32.2845105417138,36.724971519736016
0.6366009325080189,25.213614236032,32.2845105417138,36.724971519736016
0.6366009325080189,25.213614236032,32.2845105417138,36.724971519736016
0.6366009325080189,25.213614236032,32.2845105417138,36.724971519736016
0.6366009325080189,25.213614236032,32.2845105417138,36.724971519736016
0.6366009325080189,25.213614236032,32.2845105417138,36.724971519736016
0.6366009325080189,25.213614236032,32.2845105417138,36.724971519736016
0.6366009325080189,25.213614236032,32.2845105417138,36.724971519736016
0.6366009325080189,25.213614236032,32.2845105417138,36.724971519736016
0.6366009325080189,25.213614236032,32.2845105417138,36.724971519736016
0.6366009325080189,25.213614236032,32.2845105417138,36.724971519736016
0.6366009325080189,25.213614236032,32.2845105417138,36.724971519736016
0.6366009325080189,25.213614236032,32.2845105417138,36.724971519736016
0.6366009325080189,25.213614236032,32.2845105417138,36.724971519736016
0.6366009325080189,25.213614236032,32.2845105417138,36.724971519736016
0.6366009325080189,25.213614236032,32.2845105417138,36.724971519736016
0.6366009325080189,25.213614236032,32.2845105417138,36.724971519736016
0.6366009325080189,25.213614236032,32.2845105417138,36.724971519736016
0.6366009325080189,25.213614236032,32.2845105417138,36.724971519736016
0.6366009325080189,25.213614236032,32.2845105417138,36.724971519736016
0.6366009325080189,25.213614236032,32.2845105417138,36.724971519736016
-2.796805100885276,10.378336472663634,30.52095219006926,37.773494713524
-0.7269420567632352,7.633076680844564,29.603183856119898,38.96807062476918
-13.867140717318932,14.102717789845343,32.67420230155758,40.329796451177465
12.42713182429873,-0.43774408950864796,33.103978115688,40.156140898333916
25.674407050478056,-0.2928728351522487,33.113835497776144,39.86639838962112
42.572964444192365,-0.5113559967857491,32.61059026164054,40.30336471288812
64.49790566494454,0.11167529893298678,32.33350128627599,40.2039545810859
30.68010874397396,-2.9102496521825323,36.15524375227469,45.15778762512846
30.68010874397396,-2.9102496521825323,36.15524375227469,45.15778762512846
30.68010874397396,-2.9102496521825323,36.15524375227469,45.15778762512846
30.68010874397396,-2.9102496521825323,36.15524375227469,45.15778762512846
30.68010874397396,-2.9102496521825323,36.15524375227469,45.15778762512846
30.68010874397396,-2.9102496521825323,36.15524375227469,45.15778762512846
30.68010874397396,-2.9102496521825323,36.15524375227469,45.15778762512846
30.68010874397396,-2.9102496521825323,36.15524375227469,45.15778762512846
30.68010874397396,-2.9102496521825323,36.15524375227469,45.15778762512846
30.68010874397396,-2.9102496521825323,36.15524375227469,45.15778762512846
30.68010874397396,-2.9102496521825323,36.15524375227469,45.15778762512846
30.68010874397396,-2.9102496521825323,36.15524375227469,45.15778762512846
30.68010874397396,-2.9102496521825323,36.15524375227469,45.15778762512846
30.68010874397396,-2.9102496521825323,36.15524375227469,45.15778762512846
30.68010874397396,-2.9102496521825323,36.15524375227469,45.15778762512846
30.68010874397396,-2.9102496521825323,36.15524375227469,45.15778762512846
30.68010874397396,-2.9102496521825323,36.15524375227469,45.15778762512846
30.68010874397396,-2.9102496521825323,36.15524375227469,45.15778762512846
30.68010874397396,-2.9102496521825323,36.15524375227469,45.15778762512846
30.68010874397396,-2.9102496521825323,36.15524375227469,45.15778762512846
30.68010874397396,-2.9102496521825323,36.15524375227469,45.15778762512846
30.68010874397396,-2.9102496521825323,36.15524375227469,45.15778762512846
30.68010874397396,-2.9102496521825323,36.15524375227469,45.15778762512846
30.68010874397396,-2.9102496521825323,36.15524375227469,45.15778762512846
30.68010874397396,-2.9102496521825323,36.15524375227469,45.15778762512846
30.68010874397396,-2.9102496521825323,36.15524375227469,45.15778762512846
30.68010874397396,-2.9102496521825323,36.15524375227469,45.15778762512846
30.68010874397396,-2.9102496521825323,36.15524375227469,45.15778762512846
30.68010874397396,-2.9102496521825323,36.15524375227469,45.15778762512846
30.68010874397396,-2.9102496521825323,36.15524375227469,45.15778762512846
30.68010874397396,-2.9102496521825323,36.15524375227469,45.15778762512846
30.68010874397396,-2.9102496521825323,36.15524375227469,45.15778762512846
30.68010874397396,-2.9102496521825323,36.15524375227469,45.15778762512846
30.68010874397396,-2.9102496521825323,36.15524375227469,45.15778762512846
30.68010874397396,-2.9102496521825323,36.15524375227469,45.15778762512846
30.68010874397396,-2.9102496521825323,36.15524375227469,45.15778762512846
30.68010874397396,-2.9102496521825323,36.15524375227469,45.15778762512846
30.68010874397396,-2.9102496521825323,36.15524375227469,45.15778762512846
30.68010874397396,-2.9102496521825323,36.15524375227469,45.15778762512846
30.68010874397396,-2.9102496521825323,36.15524375227469,45.15778762512846
30.68010874397396,-2.9102496521825323,36.15524375227469,45.15778762512846
30.68010874397396,-2.9102496521825323,36.15524375227469,45.15778762512846
30.68010874397396,-2.9102496521825323,36.15524375227469,45.15778762512846
30.68010874397396,-2.9102496521825323,36.15524375227469,45.15778762512846
30.68010874397396,-2.9102496521825323,36.15524375227469,45.15778762512846
30.68010874397396,-2.9102496521825323,36.15524375227469,45.15778762512846
30.68010874397396,-2.9102496521825323,36.15524375227469,45.15778762512846
30.68010874397396,-2.9102496521825323,36.15524375227469,45.15778762512846
30.68010874397396,-2.9102496521825323,36.15524375227469,45.15778762512846
30.68010874397396,-2.9102496521825323,36.15524375227469,45.15778762512846
4.382585493013583,-0.24275648423605745,36.58218587790843,44.297601693253085
23.39545406486006,-3.9759818586827436,38.066699536843515,47.18925685821858
23.39545406486006,-3.9759818586827436,38.066699536843515,47.18925685821858
23.39545406486006,-3.9759818586827436,38.066699536843515,47.18925685821858
23.39545406486006,-3.9759818586827436,38.066699536843515,47.18925685821858
0.9379998749227418,-0.17310375072462492,37.64782399039251,46.97330311239802
16.015907929770457,-4.326488845707704,39.911310162338665,49.7241673413061
1.0571611191378736,-3.034135703529465,39.09377407420626,49.2591710879852
-1.736360858846556,-1.7860718951080692,37.735414307961584,49.54120496002783
4.776634098943557,-5.23186588942076,42.58915775148259,54.46629245002265
-1.8521124565348615,20.03413575860857,42.47269294019473,53.45719318699878
0.3009207972385681,19.390811178313164,42.69131307145473,53.23561346798731
-1.1418372216160506,9.487643701234514,46.71920525670287,59.28778387171933
-1.1418372216160506,9.487643701234514,46.71920525670287,59.28778387171933
-1.1418372216160506,9.487643701234514,46.71920525670287,59.28778387171933
-1.1418372216160506,9.487643701234514,46.71920525670287,59.28778387171933
-1.1418372216160506,9.487643701234514,46.71920525670287,59.28778387171933
-1.1418372216160506,9.487643701234514,46.71920525670287,59.28778387171933
-1.1418372216160506,9.487643701234514,46.71920525670287,59.28778387171933
-1.1418372216160506,9.487643701234514,46.71920525670287,59.28778387171933
-1.1418372216160506,9.487643701234514,46.71920525670287,59.28778387171933
-1.4392804233987633,19.057519913491554,46.017191314047395,59.26964651801765
-2.8888399399720406,14.176377458265158,49.24423363186946,62.94456843175669
-2.8888399399720406,14.176377458265158,49.24423363186946,62.94456843175669
-2.8888399399720406,14.176377458265158,49.24423363186946,62.94456843175669
1.6777926463213788,-6.706724192976296,49.33855949198564,61.44043987817295
-2.7273494898845527,8.025348226576057,52.34334966210641,66.3675554745789
-2.7273494898845527,8.025348226576057,52.34334966210641,66.3675554745789
1.2746041397430403,-5.376006043664326,52.21565546679711,66.06511185066405
-2.4240367489234096,3.462196140273015,55.66976846928798,70.56665212956082
-2.4240367489234096,3.462196140273015,55.66976846928798,70.56665212956082
8.611836500610028,-5.366984441896328,53.87984862815551,71.30936373361423
31.047616678145598,-3.72553911419363,52.275710842347316,71.95987512996001
32.55693502838861,-4.4749147599631875,51.20739102360878,71.50830953975164
33.27452977419021,-5.545521715888775,49.77220153200557,71.72361508645028
35.63518495277246,3.8513226266618403,52.672877851642376,68.17389975495165
34.57644795719474,4.176918635878671,54.79035184279782,65.62352691922564
33.891414107698154,5.91057880119606,56.16041954179099,64.050568630585
71.98444465243684,25.99060033121576,53.76496019043102,67.40805992892254
94.78119979363905,25.156184370103524,53.896497444737776,67.17168153711738
109.60110168059906,29.44463302285739,54.71618047545152,66.20965593276809
138.63709333305584,25.193469840682134,55.61215727910508,65.20102098928518
136.26314755164745,24.743696296770445,54.65683586338975,66.10056807710856
126.03770585522669,25.989520180209496,54.21260988252507,65.50847570784012
114.14652244470528,26.489439584546155,53.51243729956924,66.39190916101285
106.67578435949187,24.523886506798,53.369656306278166,66.55195102557968
103.83998769317841,24.130873089121962,53.38422576932179,65.45230323773734
103.86357946487587,23.59798755395005,51.46801485446589,66.51807430808117
105.23805294597882,22.31881660273268,50.57333364590662,65.36788470322259
113.18711728067217,25.197159615115936,49.252212524990746,66.89970245269149
118.57852563762572,22.942345411491267,51.23654391405144,64.11381765824494
121.8989077094898,22.66083794025952,53.66432506003632,61.04941448482319
126.3257023783328,17.55125922198049,55.64421232954179,56.82393644512596
124.95337411696309,24.117321473945665,56.6177412627013,54.31857747867511
125.71363346876167,24.192677017943858,56.844157398286285,52.420931551496565
122.90066601167644,24.297044835722172,57.309019670804915,50.49183836872265
115.70652535431343,24.304869299615447,58.122881345687766,48.77938698595571
107.30468969412277,24.00438225676125,58.10763309256447,47.698469114313646
134.15444906525676,5.177817695513717,54.334737255734694,50.40296220300198
139.14552708154335,-0.06904946041615645,52.59819132914241,51.00196438768464
141.13228765333344,4.2700341348254085,50.256120286717525,52.112497804133326
147.37031290140922,-0.6541626195116557,49.064335460293776,52.288663595897916
155.28611785565786,0.8407240890205898,47.59590015402004,52.490706757105336
172.87170413273293,-2.089022545440013,47.090033861686315,52.04741706933265
190.39277314621316,-0.36439364593687884,46.38399195276869,51.71962255378482
204.70406773139683,0.5439680093793733,45.56001706208964,51.447266703135
216.30627318398447,0.8789846881025447,45.260160234249916,50.77723334568866
222.66192201019774,0.3220752558895903,44.64306956129614,50.379276337680466
228.812220292444,-0.1284558842903749,44.308337738953725,49.78460552527163
234.20120167010262,-0.6596480780283578,43.89843265084502,49.3658388174321
240.21242525719,-0.4350018131527307,43.62076639951154,48.916546287680845
251.18222266202525,-0.9337834009883821,43.531428560953515,48.45742566527799
269.46297768053233,0.6765788192022129,43.17301890259379,48.132949255189146
287.4484221881071,-1.8797388098720837,43.13609946447929,47.496149381012145
304.0395056451566,1.1908489006536769,42.77186337637493,47.062440190568395
318.9269541049621,-0.1106242244694684,42.69747633447045,46.83676645246169
329.58543711098224,15.850568685237935,42.52468015607917,47.33544104464203
333.75045972940313,5.450016102131151,42.68231256553901,46.91735209510133
333.6840248900356,9.628285887700983,42.81518224427422,47.02455797575959
332.95752127760227,2.0702274890004375,42.85377870644142,46.58215638346779
332.2487623404469,2.123917322704333,42.86316265088026,46.47477671606
323.09178088530905,16.786928575656933,42.89120540452855,46.68754830932196
311.9140125108592,22.40314702006111,42.68078552878866,46.73808973283341
320.3743124608371,6.773932735377308,42.653891496364196,45.616915389432826
310.12132788876966,8.533204099875253,42.31142598522673,44.87816394780658
323.8719598128645,12.44572625262754,47.22637540240653,50.49049299656451
303.3678637695172,-0.41932976892721996,45.088634423959995,52.75343860230272
297.5143606706175,-0.735368621597015,42.93890216092662,54.925153914401506
297.3713303242792,-2.873418383602882,41.68668921111343,56.124706153433365
295.2552294887262,-4.56149418542438,41.31048313226114,56.42858592377082
296.4882871794023,-1.8618694199197208,46.909577026581445,61.31130469310155
281.2737415199817,-2.93945438323691,45.4821483196148,62.49204641068802
261.3773727308255,-4.032958401542448,44.59253761935334,62.983956602358525
274.96185853718544,-4.805079029048528,48.72179962011576,68.26304259340986
241.01301794444296,-3.8757683649325863,47.53664827836148,68.81883611075033
231.39889602491337,-7.619080128082192,46.69329066920389,69.00669547406162
192.3854172989096,-4.915778176543739,48.550885936726445,65.41364781347245
157.01523474354298,10.700604942176156,51.2788998233242,61.027862322401944
153.79952976890402,39.37024283601858,50.642534777067326,58.463842750111596
151.05843652314826,73.86815409075481,49.25629474631847,56.43517883267778
147.258862583552,94.67019864946785,48.538080061911074,54.754430020531345
151.29469916527535,76.10327214062856,46.97007527290694,52.866272791554366
150.84963908201004,36.23973003952423,46.28865511020664,50.873259873754144
141.60364347948607,8.453632589749386,46.424450309331334,48.31750075454688
143.28366758724604,8.103877168368339,46.048251630409766,46.033162060710616
140.05245308572327,8.343277894155399,45.26017564274463,44.10425961099436
145.80106628028156,21.53253616383017,43.61394081242592,43.05686422283933
146.75031206935768,45.93110429308777,41.71544923427373,42.03079113009301
147.47982949051578,25.37129618790568,40.256414391957506,40.94765234762634
141.7608973568443,24.057684178318652,40.18514509938744,41.01729113126417
146.88298854477662,-4.41141255744397,40.171056615273166,39.132444725224765
147.7743940153833,26.52965712364255,38.3882456740598,38.44382111651976
149.74038479108518,13.39579015893942,36.87617157984068,38.09257301689553
150.392818009542,12.81388009060284,35.57130514292702,38.07582185476681
150.3123979723436,15.86395743810504,34.57251561345895,37.77381517908657
146.74904112435718,37.44020702146465,33.72599543465836,37.90458561828028
146.183576833463,77.1696025492987,33.7293633130651,38.50260450270913
138.55255427834692,108.08763280986403,33.07494537751504,38.0586157295955
138.7657662176166,87.32585739383828,32.648521498975725,38.15970354101934
138.8532221585659,44.73875352510375,32.473609617077116,38.65125707176561
139.62273805585693,14.756312626287894,32.053597728539565,38.189063942993215
140.87393785792884,12.840496361664215,31.761454520946288,37.60018367913946
142.0435790037312,12.457671464321024,31.60485488587853,37.27449214555739
143.71670408358216,12.436344411001066,31.50998993848627,37.317146252197304
143.7287400454486,12.428557204724633,31.485918014753423,37.33272066475017
142.70661560343265,12.544086179202559,31.36460727973649,37.10166271579432
137.41780354099248,21.19905186663765,31.169608991322278,37.02792720219545
133.1512111024017,45.911238949951,31.118907020757533,36.9609024101098
132.20470326468887,10.933174026877396,30.869651290065946,37.29321155744641
135.0228280754719,16.91775813356219,34.12295069912219,41.118018959432966
128.6233050172303,-3.0499839299173246,34.071512718146934,39.10302275248277
126.65671630732686,28.856367401414342,33.39799554859398,38.63237069351701
126.73494671311741,15.159415768754439,33.2415347370129,37.68658756759309
126.92330228444322,11.488199248513418,32.864823594361255,37.214011994968956
124.47950360317748,12.16565394920022,32.23705970565402,36.9621748438431
124.14361540520602,12.27711752433569,31.819719687445808,36.73924769357216
123.70461697165767,12.926531092805579,31.618742895188547,36.51939421598635
121.56868896528354,25.127803942050086,31.60120901215582,36.78084041823796
122.30245163140803,38.08103059721678,31.209793760558078,36.70102904353453
122.10333600093175,-1.8752306154776939,31.60802502151065,36.46949896517443
121.13673393153906,-5.340990108084966,32.46982577607821,34.82979087664632
117.37290636676427,16.79583625876693,32.5797659504067,35.06242787426881
117.29321892447038,13.003779442979152,32.739140834994494,35.1911774213347
116.21046574818942,13.484165435513994,32.76545809594474,35.29999998207087
113.57078546464578,14.467288971014717,32.686262775840994,35.47717526594583
113.51582829397535,14.957911090092633,32.79617711718187,35.569146027914364
112.47946302341464,14.836384872326299,32.71611199264196,35.81219846344703
96.20691547220467,15.994710483399441,32.89388904586704,35.6533684445804
94.63262326983828,16.495424210656378,32.80467643436153,35.73120666214596
93.05908607070711,16.40610383677898,32.714573161541026,35.909847409900756
92.9999669073792,16.430177220218127,32.83281148819683,35.86170064302246
121.20606017823451,10.060170370943343,32.66072650037597,35.623229367597474
162.48515888834277,10.980400028902725,33.95914733160188,35.93293975043365
173.99276999140926,13.677690244999553,34.055539318228824,36.04112460223045
182.1370461564668,13.356592685118322,33.219819462871584,36.68331972199291
192.79389470462598,17.392410459784028,32.81560294117246,37.41567599355384
192.91153769284338,16.73147461069868,31.474905841074463,38.73754769172454
155.78478478719362,12.926137581531204,31.745126756233674,38.61862482061199
139.54545161736047,16.247868931909835,32.127519465095524,38.61577045726254
153.2801588890988,16.76375233189413,32.48049338101054,38.69689919566962
175.0433570900685,16.004602431807488,32.6276451305348,39.09536442785666
188.47268297580135,15.844108702433424,32.84933404021815,39.41635188660479
