238.3,103.9,7.8,18.8
236.5446463645662,103.46060471124595,7.851635134050265,18.678790577508128
236.26815284743748,103.5075458586439,7.995610692401171,18.584908282712227
234.94017949909593,103.535592927302,8.19034286489703,18.52881414539601
234.8344335192475,103.17761206415344,8.401834824593903,18.419126927652933
234.35768380478905,103.38141773783248,8.52543991574071,18.426462749179915
232.9057216037104,102.56224090596459,8.508837754810152,18.39594409115116
232.9285975340573,102.53984844783884,8.463085894116295,18.440729007402677
232.96541508084528,102.5257516372583,8.389450800540402,18.468922628563746
232.58384796003477,102.49644231138,8.321677779161096,18.527541280320346
231.36519983192244,102.48671081150314,8.268281411825628,18.547004280074056
231.3471448878817,102.57719338292303,8.304391299907092,18.366039137234274
231.1364895421962,102.84206974530287,8.313235019851707,18.24875338390099
229.50579755604073,103.28034536867077,8.287273405882376,18.194038533735238
229.50138975524965,102.28493698848975,8.296089007464568,18.13651536445937
229.05353113469332,102.29538149119279,8.373833375120695,18.115626359053287
227.7762561463805,102.31862186015364,8.468120933965634,18.06914562113159
227.34521912158854,102.296649476256,8.508164876958075,18.11309038892687
226.9583155292165,102.45372070640647,8.457263675040972,18.211302121956535
226.18645650863624,101.18929413168559,8.349401827319786,18.262785438075852
226.23878428355005,101.43359181842594,8.244746277492215,18.18594604694383
225.25751187032986,101.6947280621347,8.163267844774577,18.072478211357918
225.07977422604347,101.95875023167005,8.113016179151039,17.95016082648353
224.8929245320501,102.16101510367284,8.08364691079523,17.94869973882055
223.7068112666937,102.61079077290019,8.040682035166155,17.854212202479825
223.32555146167442,101.62848827004345,8.002390348482294,17.816788966387325
223.5182974310784,102.2604682908131,8.016088306506894,17.750398615345663
222.10983483706312,103.6194786989409,8.043748144913733,17.82164314871379
222.26378341871273,103.1801382407027,8.135837545681737,17.900350937055617
222.0305024760341,102.96441612059508,8.199653976547246,17.929049722779084
220.64138818387684,102.98638347062916,8.147914867540004,17.885115022710906
220.7030466261873,102.39770312036393,8.024597982919065,17.854268272322123
220.56499165547183,102.79458912584482,7.900583907938377,17.860744294183686
219.8128841222769,102.8218819537447,7.812649055731165,17.80615863838394
219.8081342255951,103.2877685502916,7.822148849094797,17.66578051467201
219.60564807965656,102.95554922915994,7.833291155191306,17.542559185374202
218.25649956666132,103.39131133391304,7.785917686488458,17.455512260066122
217.1361002835689,103.16739739450361,7.685859289465789,17.513197311683715
217.57047230925195,103.90851942061056,7.595551321461161,17.587825426192794
216.62245219466323,104.48599349223986,7.548063252875149,17.598994261592296
217.04197541155295,103.93712907306998,7.485073163082667,17.532638583951496
216.4873069701995,102.80013371851747,7.436546530559109,17.490902262595576
216.50437188015226,102.83171806301905,7.402416710653583,17.4277335735924
215.7555540711173,102.88397997822143,7.3681521818496964,17.32320974318764
215.76611045424468,102.86517602095046,7.347039415594963,17.360817657729587
215.4024807425618,102.67877724636259,7.3122442806516865,17.35258792775082
213.88233680698835,103.00044866908797,7.310196824785781,17.469828914053245
212.90749704370455,103.07682989413527,7.350131030482153,17.31706646395863
212.51702443902218,103.15326633851166,7.370176933612834,17.16419357520588
212.32579046082876,103.34329458892829,7.374051389240561,17.162730575131725
211.3713213008941,103.38881141538911,7.389785640615712,17.071696922210062
211.32360023548,103.62598961745252,7.485227771443872,16.9749418237272
211.26316994321485,103.48829267085708,7.606088355974191,16.872453102551944
211.23939506691062,104.00963848302267,7.653638108582644,16.9653237932402
211.19160953107558,104.00956364041633,7.749209180252725,16.965473478452882
210.95628796186077,104.00836394549447,7.837469924510203,16.967872868296606
210.5600032564023,103.94848098707088,7.862113926109455,17.087638785143792
210.5186424570248,103.87846704597298,7.944835524864406,17.227666667339577
209.1178667013145,103.49959196481402,8.019043739665552,17.206175887766257
209.06414373043867,104.08234060720305,8.126489681417244,17.212494875636793
210.60686836353352,105.99979916414911,8.181626593810591,17.3033104849735
210.57763376569977,105.80427070364628,8.240095789478131,17.299509032618257
210.51318362840203,106.01123883754335,8.368996064073588,17.281394820934267
210.27844786317075,106.05494773650089,8.440666945058643,17.193977023019198
210.26889747477938,106.27072169259297,8.459767721841413,17.160197035917665
210.2421127256438,106.30185109980762,8.513337220112529,17.097938221488363
210.24960920797042,105.14692669863622,8.498344255459315,17.022051774337168
210.03785225169196,104.83335064346893,8.525605895325802,16.856699339290895
208.83610499105524,104.63037270693326,8.563289676948486,16.86835342242046
208.4168297086027,104.24887254199248,8.611593445490938,16.84110695593942
208.18871195737628,104.8526759524281,8.672271519616608,16.820172420049666
206.53672921289652,104.7248159675434,8.80586733638783,16.679596180795485
206.32248604038077,104.57873266169838,8.837825268978506,16.575234380044698
206.08720056019894,104.70166727986904,8.912855105183565,16.72490626786202
204.87088732814215,104.672225635477,8.951295967458687,16.78378955664611
205.63267109829943,104.64196499326704,9.029955952109969,16.844310841066044
204.80422274768452,104.43882392635754,9.075667684084788,16.847796732571297
204.7699960666344,104.04492622202964,9.144121046185015,16.828331082376312
204.35458845731878,104.04014301603573,9.16590637929273,16.837897494364157
204.30262120321672,104.03812054929718,9.269840887496844,16.84194242784125
204.2583437816616,104.01848689949932,9.35839573060709,16.881209727436968
204.20650436691062,104.01419647051917,9.462074560109071,16.889790585397254
204.1894343902388,104.03451386822753,9.49621451345267,16.849155789980536
203.9556903724824,104.06523701020613,9.552874436031288,16.787709506023344
203.315615200419,104.06487462317462,9.600378774262442,16.78843428008637
202.63883640215067,104.02636733749665,9.718837650053821,16.865448851442306
202.95096161871416,104.63702638885178,9.924289275789972,16.8886838370267
204.4993023751599,103.56587647327676,10.17701189599919,16.93760608498878
206.11231992598707,103.03792796137286,10.340342108344727,17.146161780296644
206.672201498444,102.97129255842128,10.509163784695527,17.27943258619978
206.4142666917414,103.04800079918661,10.590676837470081,17.560372665299788
206.3432989635775,103.15453853720852,10.732612293797896,17.787210894410695
205.9322727163775,102.96308428830024,10.663299231535952,18.170119392227253
205.99508495248833,103.0270679188471,10.537674759314317,18.492358011883177
205.861821226601,103.10443583393645,10.351347430708456,18.790476962085002
204.99671659822343,103.26313728464166,10.265196236348038,18.92716417345347
205.0487488783045,103.14668823195821,10.161131676185917,19.16006227882037
204.97748464045537,103.04588364277933,10.30366015188415,19.361671457178133
204.88300881813512,102.51580317225307,10.492611796524653,19.498444314862176
204.7880947913359,102.41228757183967,10.682439850123089,19.70547551568898
204.42139211219697,102.1287437812471,10.942598754118173,19.79931664259135
204.42710178699733,101.84495255432302,10.93117940451749,19.88782363384744
204.19079634327258,101.36744496535188,10.923602990146039,19.88246420814783
203.97398702680445,101.30946454293579,10.877242786866255,19.998425052980018
203.94665039373737,101.06141554918938,10.93191605300043,20.013625530553018
203.72620031169095,100.79884803371044,10.890759948668688,20.05670429308635
202.81130875107027,100.30770331539287,10.79259096231958,20.07501767592627
202.64536955598365,99.79568062610366,10.64389154868587,20.13790744689073
201.7226567387251,98.09099063064107,10.573501931577866,20.194610747472026
201.46413297038768,98.30119916651412,10.611971137719525,20.252772006259104
200.66186137227274,97.63562794805081,10.776230936796674,20.14363104603294
200.61450359504656,96.67784372549274,10.870946491249004,20.133967177328593
199.6347375025706,97.11029771134915,10.899326876943666,20.234635105244394
200.0021403979318,96.77200793019844,11.99279339952298,22.480376223481528
200.0021403979318,96.77200793019844,11.99279339952298,22.480376223481528
200.0021403979318,96.77200793019844,11.99279339952298,22.480376223481528
200.0021403979318,96.77200793019844,11.99279339952298,22.480376223481528
200.0021403979318,96.77200793019844,11.99279339952298,22.480376223481528
200.0021403979318,96.77200793019844,11.99279339952298,22.480376223481528
200.0021403979318,96.77200793019844,11.99279339952298,22.480376223481528
195.1968942975775,86.59056692143297,11.82973641617437,22.90875774973575
197.92209514785668,92.68692280597135,12.418191764227638,23.57973313014946
197.92209514785668,92.68692280597135,12.418191764227638,23.57973313014946
197.92209514785668,92.68692280597135,12.418191764227638,23.57973313014946
197.92209514785668,92.68692280597135,12.418191764227638,23.57973313014946
197.92209514785668,92.68692280597135,12.418191764227638,23.57973313014946
197.92209514785668,92.68692280597135,12.418191764227638,23.57973313014946
197.92209514785668,92.68692280597135,12.418191764227638,23.57973313014946
197.92209514785668,92.68692280597135,12.418191764227638,23.57973313014946
197.92209514785668,92.68692280597135,12.418191764227638,23.57973313014946
197.92209514785668,92.68692280597135,12.418191764227638,23.57973313014946
197.92209514785668,92.68692280597135,12.418191764227638,23.57973313014946
197.92209514785668,92.68692280597135,12.418191764227638,23.57973313014946
197.92209514785668,92.68692280597135,12.418191764227638,23.57973313014946
197.92209514785668,92.68692280597135,12.418191764227638,23.57973313014946
197.92209514785668,92.68692280597135,12.418191764227638,23.57973313014946
197.92209514785668,92.68692280597135,12.418191764227638,23.57973313014946
199.54805058834233,95.8267086692953,12.415989360686991,23.364068769004344
197.99661420540775,93.02880388486064,12.983307731365043,24.607016316814576
199.66303315657515,94.94822555470068,13.042679192913527,24.17819415785622
199.9918547943391,94.78323367469983,12.964596317347386,23.928617517896093
200.55519547348499,94.96933451189457,12.987006327658902,23.5564158435066
200.59010137889047,95.14748617944083,12.917194516847928,23.200112508414094
200.33466129039374,95.26462297331314,12.865090768753442,22.965838920669494
200.8900783347837,95.13957041291309,12.871523410310678,22.65731067630101
201.48898360087776,95.77644550692008,12.782068975777586,22.49191658594201
201.4710497863828,95.37149671736735,12.817936604767507,22.20139573375934
201.44678519699374,95.7080467569787,12.866465783545621,22.07480937121232
201.47469663609883,95.45848167769293,14.526757362602119,25.050383615869187
201.46668360715114,94.24271418154117,14.338653130789803,24.999448159753236
201.85902645635733,94.32710513359633,14.167751495531098,24.830666255642914
202.5379074064128,94.37033644032715,14.026753949408342,24.744203642181265
201.9460991849574,93.75701834756835,14.000957982848496,24.76142741822823
202.54952306427992,93.82831449056455,14.003155266860308,24.618835132235837
202.54953803547568,94.03284994606607,15.767534625603128,27.55074333096705
202.54953803547568,94.03284994606607,15.767534625603128,27.55074333096705
202.54953803547568,94.03284994606607,15.767534625603128,27.55074333096705
202.54953803547568,94.03284994606607,15.767534625603128,27.55074333096705
202.54953803547568,94.03284994606607,15.767534625603128,27.55074333096705
202.54953803547568,94.03284994606607,15.767534625603128,27.55074333096705
202.54953803547568,94.03284994606607,15.767534625603128,27.55074333096705
202.54953803547568,94.03284994606607,15.767534625603128,27.55074333096705
