399.1,163.3,6.6,5.6
395.6350895349219,162.79591340961136,6.57891945672747,5.608173180777344
392.3838853168665,162.79129581276482,6.561132703924806,5.617408374470433
388.7518028647317,162.78813311599862,6.542824168154923,5.623733768002781
385.0303461663188,162.87659153390615,6.518695577075637,5.638279547262217
382.1708058747106,162.87349941930532,6.498089952800567,5.644463776463924
379.3162328979565,162.96271129053304,6.474141356736805,5.657143185660872
376.4620687242724,163.05209747515707,6.454404417152551,5.669306325977884
373.51344624617855,163.33450145138568,6.436090738375851,5.676971789807538
370.56514501951017,162.85087868866657,6.422133419545529,5.690901222960748
367.7157784268607,163.51259986344652,6.400780511875089,5.702145628426964
364.963658139976,163.12801777107595,6.380003173135283,5.709238376960021
361.2616993025935,163.97579178206652,6.361890098101378,5.726466681855525
358.4181827296818,163.96893429933664,6.339861384083167,5.7401816473153
355.76605143885604,164.0599857481906,6.319131904605344,5.748257037504835
353.1170212326111,164.1512304147575,6.297627681606007,5.755752155638535
349.6166522364036,163.38520405858173,6.276911006556492,5.769652507457158
347.3467066659274,163.4779631783072,6.264779500528625,5.773801878297081
344.22773635276013,163.48051013984792,6.247750387707959,5.768707955215653
341.29529437836396,163.48373868208074,6.2474973392675555,5.762250870750021
338.37215465377045,163.4820201877249,6.231946659623801,5.7656878594616465
335.641560420428,163.58016500903142,6.214934971782656,5.758301670452961
333.3888635499835,163.57779273119957,6.195833757562323,5.763046226116695
330.38400758642746,163.5706885930514,6.180010178325408,5.777254502413016
327.3742412354424,163.573118749642,6.174689305888825,5.7723941892318065
324.7389825488701,163.58106269215583,6.177948069648176,5.756506304204129
322.4938834581902,163.66483764375127,6.158189489859132,5.7768712660611055
319.30780736538753,163.753349595828,6.1407308865616965,5.787777090993008
316.6882409851185,163.9343729756629,6.120624767962851,5.801390251261586
314.44398558643263,163.9278798780688,6.103580998611464,5.814376446449792
311.8163056288861,164.02404323817655,6.104165404455106,5.80972028013606
312.56196225856206,165.0585215551244,6.11369951754081,5.804428783342187
310.6728508174816,165.53647961219133,6.138497178616648,5.786868974479612
311.9814598540147,164.03883379619086,6.150207942216983,5.7776705074331485
311.8884307495434,164.2233660800777,6.148448451133654,5.784241339711468
313.0174242140262,163.27792901181584,6.145195414089227,5.796170566300778
313.5902673165899,162.0462511380382,6.127706759245907,5.815098288240643
312.4596565123488,163.92685477769353,6.13221362700014,5.815082243476755
313.78349482663305,162.69426119942278,6.118354479394478,5.83458173912419
314.54508807422195,162.30757131511146,6.100943614259668,5.85507369272533
313.79883624537,162.20437976049485,6.087257002326808,5.873183018253972
312.8534224692345,163.43038087798521,6.094626119876307,5.869676748411298
312.6599929224746,163.2440233599889,6.104673428279406,5.865579999287184
312.6585313770208,163.14745668107457,6.107596519187019,5.870214830230896
312.56256057690337,163.42861463163945,6.110920430165826,5.8737519968691325
312.84262252253166,163.52396318296013,6.116973817852486,5.871780653875525
312.5558232577455,163.42942567337954,6.124204113353812,5.872066261679745
313.88342187169127,162.38216226332557,6.113707845732299,5.888613755861191
312.74610502888265,163.6118551685473,6.120285989832607,5.886288115394392
312.6461452478247,163.61491087051093,6.13113462219497,5.880176711467133
312.3585648760102,163.991688640745,6.13886280393848,5.883197920179721
311.97316089833777,164.4671715149662,6.152418408178672,5.8787976106181485
311.4930879491366,163.99554021877253,6.165285712993461,5.874781609418059
312.34171947905116,164.28154294757593,6.17436470252627,5.871556834931956
311.95937361107616,163.80871972597012,6.180318170146556,5.868780442731318
311.2865238517984,164.38306197757768,6.19788159655556,5.858498304213089
311.94840062797584,163.8127907723185,6.203046147354507,5.859968054885378
311.65861166220753,164.0991762003684,6.2127755209350015,5.857045756741694
312.1300302565328,163.62225229525322,6.220214762885118,5.860617136371438
311.84194677026363,163.62106515621562,6.225696986423359,5.86299141444663
312.5058004386784,164.00094897896724,6.230451005022371,5.8646302577596785
311.9278555437316,164.28889412304048,6.243629160237843,5.860095786952337
311.44688387870013,163.81266444685093,6.252642906549892,5.859625555580691
312.4932245808251,163.9082030656665,6.257873583179211,5.8592675980294775
312.10882046364713,164.29015523371683,6.263500589161364,5.858544490302546
311.5298289268156,163.71968566495855,6.276253369603963,5.854253334598654
311.81327154965584,164.19614739664863,6.2823762253866615,5.856343373657149
312.47992800875767,163.71627794377312,6.2869838231487005,5.860424768004073
312.0902556333891,164.10230353818096,6.30125543329499,5.853446719779239
311.80138912750385,163.62301661834206,6.304847987592936,5.8551197970026845
312.27554387014135,164.1017223261487,6.313852557055989,5.855022436127385
311.4054978894291,164.29940276017874,6.329528606961153,5.8428651039604285
311.88145790032047,164.10788608267998,6.335873255339741,5.842592590893438
311.30247862916957,163.91654032610208,6.343346623838783,5.841789046115036
311.67815064795013,165.17027655376677,6.359407612633728,5.82838292644272
311.9623132727657,164.212404070204,6.366746839610961,5.825246304873783
311.38387449627686,163.92311141203285,6.371909135727898,5.827973992785691
311.5679281850538,165.07971387916632,6.387954555483034,5.819685842372476
311.2731235863922,164.70002906386537,6.400981076338333,5.81027857101711
311.74521128716367,164.41691133956235,6.418040897196725,5.79977288618236
311.45419193368775,164.70513903049644,6.423044849009434,5.800352259453346
311.158454300772,164.32399074513893,6.437224149728095,5.7929208766845175
311.7278886136229,164.71106468308736,6.45355880841876,5.788908523715928
311.4355286248071,164.42360960614155,6.460107637756182,5.785647529313409
310.9501019916476,165.19742906439186,6.467093905888256,5.780195809911706
311.4269833519963,164.71699863539808,6.47730544673781,5.777082406352539
311.3281987192255,164.23437915839187,6.4819710046143495,5.777802822040326
311.2297721513454,164.9100326932404,6.485836469590443,5.77740944783218
311.8027975051509,164.43100210213868,6.498034197016626,5.770263600837943
311.60951387833234,164.81593850680073,6.498368377300619,5.772856938220302
311.2185952264191,164.4318827418773,6.507552935073376,5.768315722013446
312.0857550216673,164.9146716893168,6.512331394054298,5.768903410177365
311.888512076449,164.52781077018008,6.52018395491451,5.769358589298008
311.79356338540725,165.00903917805994,6.516635553079268,5.774130693131697
311.5000838888012,164.81602782925867,6.523193381961348,5.773219281180898
311.20596142328355,164.43044182630183,6.530775623376611,5.770174367601097
311.49040149045493,164.91794959153475,6.542764929798963,5.763274571743764
311.39292686456446,164.53150755798308,6.544015502307752,5.761363921758443
