204.3,71.7,17.6,49.0
203.28298377112094,71.85257499009654,18.634032457758142,48.714110260267056
202.56934715181993,72.93047014220488,19.02748976120058,48.625951826369665
200.88072014248647,74.69491545245039,19.28592821200907,48.21587677373705
198.65109153022354,75.59805934758549,19.59187892013037,48.48624224166911
196.16977661632967,75.91408864329097,19.316122171511942,48.90186096553942
196.2898506457764,76.28387769520714,19.075974112618503,49.21101949728008
195.9368677965566,78.52639412903793,18.733059051468153,48.92150966797814
193.39481341068284,79.23109823135957,18.624312623671848,48.55067250324363
193.25154195525275,78.95306217808977,18.910855534532065,49.106744609783235
193.09147639620966,78.85189366251156,19.230986652618235,49.30908164093963
195.0516227787856,79.5748696174418,19.52296374570927,49.96926466020059
195.43686335120427,79.92879394962904,19.820267131605302,50.32920052655946
197.67080883609503,80.09362728457634,19.66549678037189,51.07781401130188
198.26511188527306,79.91667052873936,19.56315475928295,51.431727522975834
199.54993187262298,79.37518260370108,19.172526108402145,51.42519771114289
208.18581964651884,79.05483927097934,19.218851953638634,52.06588437658635
209.47497676240977,78.71305877872136,18.825325364060014,51.6570515400007
209.99820552664227,78.81085953634431,18.858301475912224,51.4614500247548
214.9817689099795,77.81355774261843,18.58624941931455,51.30159256552285
211.2190329654543,76.18644439508681,18.62154769948071,51.34574485677851
213.80269356159513,75.98451946310627,18.8107011577249,51.7495947207396
209.2521334546883,75.54246646320593,19.267876054289925,51.553207555884214
205.31174085612983,73.88520837034898,19.547124275555483,51.60992218051892
202.1262429107148,70.56209718050391,19.36747848872956,51.70550288255314
196.82032339386967,69.43922192600832,19.08021001880088,51.77143189082052
192.57236535084868,67.10903279850686,18.890723744901894,52.089108965852965
188.65339185539463,66.73263844265536,19.121090768972117,51.75510053943629
184.87984434155263,66.17976347567553,19.064930794547088,51.77467118738036
189.36696745756277,66.25239277994163,18.774251309820613,51.62941257884815
187.1627541953863,66.09241290359395,18.870219000409126,51.949372331543515
186.48522952447078,65.46828500448076,19.14084090429764,52.11320069182736
181.98530246955954,65.3336347344913,19.407392229414153,52.382501231806295
177.68849262862517,65.92158456735777,19.198372815418622,52.3069314530564
174.52946618829418,65.65701840182999,18.943575451126506,52.83606378411194
174.0752759867338,65.45902015482164,18.753521748518594,53.23206027812865
173.711346731819,65.70216522559554,18.38073687226236,53.84641352266671
173.94396711897105,68.26803528038188,17.915496097958272,54.2277822024416
174.04915954100744,69.80645676224097,17.70511125388549,54.449581012225664
174.74237479538567,70.43087006456791,17.41752333808646,54.29959700052919
174.71272140885927,71.03098982708838,17.476830111139314,54.190785078662756
174.7038939515552,72.08159568553094,17.494485025747473,54.271518324159686
175.2533585002708,74.03520359145449,17.48799968730217,54.73407754825648
174.67620396974917,75.19636186328347,17.54341534645686,54.60954780837566
170.86636246514198,75.73090880366364,17.476087477520903,54.63859833877965
170.35635886440656,75.68706230046561,17.398776086807324,54.72629134517568
167.68541340454775,75.50728651712853,17.254964216008645,55.08584291184986
165.4686503988525,75.88416251189355,17.290124615150077,55.431682325382084
165.4500842348393,75.81887074952573,17.327256943176497,55.56226585011772
162.72163206257574,75.4013943088271,17.245753267499445,55.28953712747416
162.68153611634196,75.56297339029578,17.325945159967,54.96637896453679
162.6680012472192,74.41063077778858,17.353014898212518,55.07265262831078
162.6107132999707,74.7231015781192,17.46759079270948,55.54892353824863
162.50087216861297,75.50857970403817,17.687273055424946,55.08804873975742
162.47063584965449,75.06326449256848,17.74774569334195,54.87109390330929
162.41439918088992,74.87785658812368,17.860219030871043,55.241909712198876
163.7312062688487,73.70232464833529,17.452503965033667,55.367074481695475
163.7414987753342,73.53969258409867,17.431918952062617,55.69233861016872
163.12772809050585,73.40397175396534,17.548002668263543,55.9637802704354
163.03794068418262,73.48098211033962,17.72757748091003,55.80975955768683
161.9930305925801,73.7307054157983,17.580250957678423,55.31031294676946
160.82848894790285,72.52694027370302,17.69179110481827,55.50030008874534
156.86533682059334,72.1767695072045,17.82344243919978,56.2006416217424
155.73523202528324,71.71748088195162,17.831878971446493,55.99333234306141
151.06060323295137,71.06975550090144,18.196341325024996,56.16568370127611
146.47768083378634,70.38100855214199,18.304196114456417,56.410928847682655
145.41051556003157,69.7412537509432,18.16309814620641,56.55272419220045
144.15283853400697,69.87832033462608,18.404180556772587,57.41572684557619
142.86280236548262,69.94348792209978,18.67660292953809,57.28539167062879
142.83622372436633,71.33497139492178,18.729760211770667,56.81638133014394
142.85289195984245,72.0516331241632,18.696423740818403,56.53434257296986
142.72575159838087,72.14361066828604,18.950704463741626,56.3503874847242
142.64613686388185,73.0949547599588,19.10993393273966,56.74509268718303
143.29159258212647,74.21066561843179,18.97624929047901,56.82812455869437
144.36931302579578,74.65976187110743,19.132737851358065,57.085896777451886
147.79084848580536,75.02081125610846,19.264642512047416,57.52629393756796
147.817494145051,73.99966112746687,19.211351193556162,57.2262399248533
147.91263881248975,73.3457468991834,19.021061858678646,57.36813722021492
147.87981711068494,72.11736505050428,19.086705262288234,57.495962413636576
148.35427124569875,71.46461838780512,19.30528676052982,57.63396597076567
151.8577781807123,70.55692163534917,19.338991483537413,57.10245327799932
154.76080737158048,70.5338181566413,19.36543438963525,57.14866023541505
158.3199486583804,70.4092695086472,19.25299936783587,57.397757531403265
158.87932271538102,71.28464992358397,19.303385673103286,56.81613112079833
160.65699208890777,73.4120156366564,19.233361106327116,57.20848526835658
163.0428104714362,73.69584704377354,19.126047063568247,57.806903134696825
163.65943835388663,73.0900634219636,19.06542515635858,57.845836520625554
167.24346816362856,73.3149853673528,18.929827673798087,58.56806965266774
170.80844975641784,74.4869954606733,18.878995361205323,58.58375975702202
170.89740565260408,76.23335889246886,18.701083568832885,58.62846466854144
175.4800452137824,76.72016726694807,18.94785687543823,58.83135447320328
177.6120887870598,77.2518521135808,19.41947585461894,58.95191131137171
181.56461187856542,77.27788287651886,19.874501425152282,58.899849785495576
181.3675421659515,76.69045070833644,20.26864085038012,58.87283348308077
181.2851318610768,77.4157460182205,20.43346146012952,58.63092885526248
181.20525396186466,77.38390923116128,20.593217258553825,58.69460242938091
176.4065251032159,76.76509364550398,20.494282096283076,58.720184490749475
178.43243767333016,76.40854858843198,20.07430406567937,59.4332746048935
182.7289852202628,77.01532609413115,19.973100022462525,59.43284688644494
184.10829813875057,78.23441870559117,19.637018291237606,59.417205769275476
186.5451693225517,78.8029127146265,19.58287528085539,59.485117590509816
186.23896046375734,78.20873539914926,20.1952929984441,59.468598548309586
190.16072432285415,77.57063497250996,20.862642249028937,59.528959834619826
188.7413021791891,77.52183985986382,21.243776539615745,59.62655005991212
188.55331894297413,77.90916182722856,21.619743012045646,58.85190612518264
189.22880213919223,78.95944666334759,21.50167026465548,59.21712374303662
189.9093540072558,78.73088669448687,21.376552247578676,59.67424368075809
189.92590231595344,78.44153620779088,21.343455630183453,60.252944654150085
187.059335345324,78.24193928665889,20.836967171901538,60.652138496414054
187.05426135789259,78.31239065050706,20.84711514676442,60.51123576871771
182.6743784949007,76.5932308512532,20.908781573338707,60.221798524621406
178.09590984368998,76.67938848919177,21.388655807392524,60.049483248744245
187.0821357503764,76.6093234817158,22.103775019611867,60.189613263696174
186.60344407283247,78.38365497878881,23.061158374699716,60.42330226138656
186.38265703481434,80.79805380360767,23.502732450736012,59.438639242973764
189.67699104120578,80.96443993447411,23.289792536985374,59.105866981240894
184.5091716260035,80.85006462109294,23.493017662264844,59.33461760800323
185.33393527458665,81.16787096455371,23.116966019555335,59.97248057553847
185.6092328704059,82.78452953339522,22.56637082791685,60.56688973965507
185.87355688057767,83.76551174672659,22.03772280757326,61.153992027588494
191.17904331388243,83.95144746479512,21.6138374804588,60.78212059145142
188.70900363846226,83.97881013951998,21.512360098574423,60.72739524200171
192.88160832473986,83.80519897023879,21.97151456610887,61.074617580564095
192.49624900898166,83.80868552636309,22.74223319762523,61.067644468315464
192.26032475578378,84.94569861370994,23.21408170402101,60.078496150068155
192.98184925354605,86.70601752383509,23.050205985914516,60.39537816207192
190.06362990393436,86.62940233992657,22.482741009724542,60.548608529888966
187.22827996140967,86.68705689031196,21.78962237777753,61.706063132517436
185.5629276784664,86.90691419358743,21.289999363301426,62.5431243860874
187.700071601976,89.48532385765701,20.854577663986895,62.50479325488774
187.6709686557254,90.16456097150491,20.912783556488094,62.41743976638626
189.47841719587564,90.68683422935456,21.11071233284258,62.64383520290528
189.88789073520476,91.86663767180455,21.56954835663633,62.8397945229093
189.80012997610388,92.63462839307806,21.745069874838144,62.59276120974077
189.6572270038745,93.78261941887067,22.030875819296863,61.585400870909986
188.43158521894202,93.83562883170273,21.923302148692372,61.47938204524583
188.4709758047124,93.12012648618465,21.8445209771516,61.63442325754448
189.29661729323854,92.76434640795172,21.46998725993668,62.345983414010334
185.4404553194803,92.58219228917304,21.501749289138797,62.71029165156769
180.30699474846492,92.04161853917668,21.48174045468518,62.50557290449988
177.854836614902,89.39893918651796,21.255724094213356,62.66059898221968
181.57999673859626,89.20011835161935,21.489425030369866,63.05824065201689
182.75883942458228,89.34947914580749,21.71294072770217,62.759519063640624
184.54996566628603,89.57076405249148,22.001934920757027,62.31694925027264
185.69937446629723,89.6767101097656,22.281825454502343,62.10505713572441
185.65607226887468,89.35941278953506,22.36842984934742,62.739651776185504
186.23142926353938,89.14049581511759,22.51975779647527,63.17748572502044
187.69522523955763,90.19144746380837,22.214249471833803,63.69766605503387
188.38182562890023,91.99523388433468,22.15396981098123,64.02885656747915
190.939325778589,92.0183542505932,22.30516512876479,63.98261583496211
193.41493322726862,91.78253043418293,22.628512564131007,64.45426346778265
195.2166749317465,91.51397272699815,23.018779424865702,64.99137888215222
197.81520582986752,91.99738298982535,23.20574392026977,65.3705649294093
199.60019620676363,93.29424773115483,23.70020928703468,65.48646619378843
199.14801412103162,94.92232252219395,24.6045734584987,64.96117970967845
198.33980050793966,96.84620678110457,24.846777590560087,65.23608047422486
198.4475199794185,96.38276424693998,24.631338647602373,66.16296554255406
198.69916567941482,98.43677893184667,24.128047247609715,67.62266571779708
198.72413667456544,98.94919824863089,24.078105257308515,68.00154550783891
202.43130559910446,98.92351838685641,23.70489215834928,68.05290523138785
202.4872248562551,98.82734189016513,23.593053644048048,68.24525822477042
201.81121686339134,99.47479151641002,23.542184222599815,68.35324437945637
197.711608876313,99.94843608786888,23.320407313517954,68.80945405041177
198.45755277792662,100.89570228787414,23.234475505448746,68.32087764555934
198.52594200548822,101.25294666821065,23.097697050325557,67.60638888488633
198.10046951565943,103.11377803028947,22.56389161645542,68.0389774013119
196.90290477189737,103.59642993602033,22.196709715657313,68.45482928401125
195.72231168594354,104.693620305227,21.797225430197933,69.02111900296494
195.86245304277924,107.1976120363895,21.516942716526533,69.53724246617281
196.53205640923707,108.5795141969964,21.56090965572254,69.53978548918222
199.97511061694416,109.08062077918832,21.594911472570608,69.92159437125085
201.82347375925502,109.7225081289005,22.068370795292797,70.02788154094112
205.15436103634173,109.8762547380239,22.408137671999164,69.7203883226943
204.98454105276366,110.08675882815112,22.74777763915531,69.29938014243986
204.76797010812857,110.16957749937234,23.18091952842547,69.13374279999745
199.81640918175106,110.7917564219762,23.227862033708263,69.29741057585717
197.19001679212897,110.65126203243699,22.835791252006295,69.57839935493558
197.27266395297147,110.25056851536182,22.670496930321292,70.37978638908592
197.3557260852671,110.65265478918465,22.50437266573006,70.99200120994834
198.04795563730414,110.58421091679463,22.54193633744498,71.1288889547284
197.97807602645517,109.731555318993,22.681695559142874,71.40954279215839
193.47300162181793,108.11988789674123,23.104557114490035,71.7704485520195
191.7674980332647,105.86240490631411,23.62732646532937,71.95305779347304
191.4453591260709,106.15395480578937,24.27160427971695,71.36995799452252
192.07165826094524,109.35983293602311,24.478802210984583,72.25718273913667
193.39388370693993,108.1585256250613,24.78678718579568,73.18357942766008
194.03859812265782,108.05741102099994,24.992395745009993,73.38580863578281
193.7402870196432,107.94732543638413,25.589017951039242,73.60597980501441
192.0442694442668,107.34320943558652,25.949691546596018,73.29853102901166
189.72320318850893,104.80431002540101,26.03828452780359,73.8227903190745
187.5225139273084,100.03286978803493,25.858838393103653,74.2040214796047
183.7806963794713,99.20192926012353,25.69686430942482,74.33678069955687
180.79703518871915,97.44303428186798,25.551915005551113,74.79843481337898
180.05811623660068,92.91225919882706,25.49774479503855,74.66793629096397
180.05054145834225,90.7193656808542,25.512894351555435,74.46624226631245
179.01570919896534,87.7192361190391,26.055996959311038,74.36025374594982
178.00959485920703,87.76395295352509,26.533289470512436,74.27082007697783
176.4236763662181,87.75216649109336,26.620481327747555,74.2943930018413
174.98488112310977,89.50324956693163,26.40959232016611,73.88070634396288
173.6574580059617,89.24610995570082,25.995427632615346,74.39498556642451
170.0551567006069,88.39197760150628,25.52837635241241,74.56891949663105
166.4281757598116,86.5803565463114,25.1407996925957,75.13554619045792
166.4798957653431,86.10203388321794,25.037359681532756,76.09219151664485
166.56913392480857,85.16674869645831,24.85888336260176,76.42174340692617
167.3464313246036,84.32256199037272,24.846718269007877,76.5676871131012
168.81175904016098,80.96707054488601,25.004623523254864,77.1015486333511
174.0062825269515,81.10213493818006,25.498939048538826,76.83141984676301
175.46596856138615,80.28046021097535,25.69954517707746,76.91478020246844
175.4865582152598,80.37574844053785,25.65836586933017,76.72420374334344
175.47800732723306,76.31416710805007,25.675467645383634,77.04046320128572
170.76849234008125,76.14420786882411,25.697329298046498,77.38038167973764
167.52650392234185,75.89360779466752,25.895578828102387,77.88158182805083
163.40372512404397,77.70665913415498,26.23017469825434,79.00205618494218
161.49369558364742,78.4626617605627,26.841713200872825,79.09431122121404
161.35459236652895,77.93250485699015,27.11991963510979,78.53787212366524
161.98092691746086,77.92075749605775,27.481144690017736,78.56136684553005
161.64148516090526,77.64455820767114,28.160028203128956,79.11376542230327
161.23591773095058,78.06048320457052,28.97116306303834,79.92293254758202
160.09343541376643,79.86321252998644,29.588850398400943,79.65202849476152
160.02030690702006,80.55617500301301,29.735107411893672,79.94065988478789
158.5032050367026,80.53376538500777,29.4066547359739,79.98547912079836
153.01355955398753,80.47885823846002,28.653639571802643,80.09529341389387
151.6000452076421,80.06483356323777,28.152684868641327,80.92334276433837
146.5886771627898,79.71344291178607,28.17510858256689,81.62612406724178
145.7380891361999,79.82328203204818,28.19913348225749,81.40644582671754
138.83734553920576,75.25672952426717,28.604976072786823,80.49281738968537
137.6619595830796,75.28476873144574,29.286958763331224,80.43673897532824
136.35293989454584,75.23212988494583,30.224659207988783,80.54201666832803
136.94843560534167,75.33645270606905,30.732434256276633,80.33337102608161
141.2166443423249,75.1851309366317,30.72054342809757,80.63601456495633
141.33122882382028,75.65455357316915,30.491374465106823,81.40620400877621
139.05557179056012,75.63273309393026,29.894818832074833,81.44984496725402
139.2554941747159,76.11491365977659,29.49497406376326,82.1913056333649
139.4610204306882,77.18254591378094,29.08392155181867,83.4744304842904
141.2322944201052,77.61840039312284,28.981487816784178,84.32277864750635
142.04732291607928,77.29251846211677,29.081722606237022,83.24425072811752
141.7115808287814,76.08055687382262,29.753206780832805,82.23470872148947
139.71315145169493,75.95653408780915,30.32108347129524,82.4827542935164
137.80214033466282,74.43894093563009,30.686494103176493,83.78963479678303
131.55548446449384,73.588148944736,30.904519733114725,83.7376064770855
129.1504329603269,73.4413168798327,30.444209250503253,84.03127060689212
128.52744912059995,73.20362797452802,29.93748807849893,84.50664841750148
124.62767421643974,72.30562756000316,28.985533560702095,84.55234838132772
124.82667832848432,71.96429994316742,28.587525336612934,85.23500361499921
125.72186266837883,71.2072413016572,28.533253668744113,86.74912089801964
126.40510431973209,71.78734495851083,28.923417509050346,87.34556072732515
127.11127634694019,71.67554815484635,29.283352511004548,87.5691543346541
126.81503321697343,71.86224010265232,29.87583877093806,87.19577043904215
126.49725110161215,71.89745898294218,30.511403001660625,87.12533267846243
125.28116719694052,74.21112036613316,31.1454574768241,87.89234991461976
125.18602560281188,75.13668438544029,31.335740665081385,87.86180242058654
125.23845795973146,76.7936365511907,31.230875951242204,88.19508987515519
125.38011720151928,76.76914938622468,30.947557467666584,88.24406420508723
125.60675295588511,77.74646530124946,30.49428595893491,88.11144084452778
125.79969251714398,78.55179405334096,30.10840683641717,88.3126547130526
125.82969513209326,80.79211905641858,30.048401606518603,89.25512758183471
125.8574263220758,80.8248601049973,29.99293922655355,89.18964548467729
124.10226722752809,81.78404333911325,29.867074660860194,89.08937039383977
121.3359677232151,82.05323718523476,29.956584841370606,88.55098270159674
118.30989068790944,81.51466352265848,30.58374298874696,87.81979805233767
111.95422271228209,81.55873252022828,30.62970618326168,87.73166005719807
111.98882222369565,81.42073704890326,30.560507160434547,88.0076509998481
110.43950320523803,82.23914160978907,30.035952698409503,88.18243812754665
110.52438023304211,81.1893444037403,29.866198642801308,88.47750227789507
108.82698238528519,80.35326733385067,29.64972515433938,88.34402182568644
104.36871792046074,79.42668828261411,29.567363537484553,88.39740181885881
102.58652600902231,78.79792849851523,29.533683316108785,89.65492138705656
98.88436846342859,79.48091869018043,29.672768664286366,90.10524843947861
94.2525357383902,79.290019762654,29.81012980239087,90.4870462945315
89.52815161287302,79.13416738823273,30.092857637460654,90.79875104337404
85.69970091128828,79.02910498602334,30.378474483268803,91.00887584779281
86.27626156747247,79.03045223815923,31.07639192112429,91.00618134352104
85.94641793621216,78.8541260137417,31.73607918364494,91.3588337923561
85.68719575911942,81.43543278683742,32.25452353783042,91.83860509457982
86.51228444333313,82.16301180196575,32.50141465524831,92.2805155501685
91.03601782613794,85.98282187330973,32.993260247034144,92.27234529339691
91.73311700123205,86.16099487147648,33.515731866077346,91.91599929706341
92.44016010156315,89.01932525886774,34.02267775295981,91.96243478491496
92.50566470807385,89.93869709359933,33.89166853993841,92.0545432969841
91.71809672553312,92.114526014786,33.53699788756505,91.56249868952048
92.1070852428418,94.01832098646692,32.75902085294767,91.58762430859784
92.3137503138772,94.55328526960282,32.34569071087689,90.51769574232603
96.19992853574153,96.2900467282505,32.092762205441204,90.80388679417716
97.03767784475878,97.00765456361925,32.29662058217892,91.24802811821186
97.9324777998982,97.36796971584201,32.39642110349709,92.41679824536338
97.86646805639703,98.18928500747691,32.528440590499436,92.68206805260053
98.1298721317711,99.7713161068789,32.001632439751305,93.34617795105802
98.49415502399991,99.36779659254702,31.27306665529367,94.15321697972176
100.64188774055688,97.95943571209536,30.801912579352155,95.05778306203891
100.60846729318321,91.48730045984811,30.8687534740995,94.58740669058098
100.58479167296369,85.58261202022189,30.91610471453852,93.0203409107396
100.68473911089107,83.38729338369811,30.716209838683774,93.63197447785348
102.65634695413974,78.36041839451431,30.56207297379481,94.21302740220017
108.10142633423303,74.16579328248874,31.071734936788634,95.00239714413107
109.84904054213744,70.0549387278499,31.417593692626923,95.54193191011449
112.54097552249985,68.13063131616516,31.83739460411664,95.52143281867431
114.62219847921912,66.37737473867557,31.558856008987675,95.14403865534395
115.7582505109987,65.06058764505276,31.218237232787402,95.84612755523068
115.86701040439597,61.3851867173937,31.00071744599287,95.45602961430079
116.00530875622376,61.67158458491997,30.724120742337302,94.88323387924825
113.43115504668592,61.85130771949685,30.135020521170354,94.52378761009449
113.4975112067462,61.79680783639945,30.0023082010498,94.63278737628929
114.64545992849392,62.72087615040123,29.602046800465537,94.68028679119688
115.48320423067625,63.858076269813395,29.815488728471042,94.29481708474276
116.45030847196075,65.8263828327819,29.768678507028056,94.13300048105779
117.40592385573166,66.9151214343149,29.74168734053102,93.83976287903656
119.42708993419447,68.80295452645183,29.45851737841768,93.82325888957497
121.49476914316607,70.40147762059132,29.07141427997967,94.37446802080117
123.45662678106657,72.34604635464206,28.897286936161052,94.23491848468211
128.8322406751935,74.23044772771846,29.363637286096207,94.20530845125899
128.39209327199268,75.43087791133706,30.243932092497857,93.68224310674891
129.1141171078612,75.92790411325879,30.68646915318451,92.68819070290549
130.94261874314657,76.51026713923147,30.790609271480584,91.52346465096011
133.69376990969644,76.91749114676348,30.88600703073717,90.70901663589609
135.41158832157566,78.66654629039726,31.162452372927454,89.0669474316029
136.25651245695025,78.92004552968316,31.310263479536545,86.72228957567289
137.13716952048622,81.50845727291153,31.355795641989925,85.15915866826676
137.7312900642616,83.95187538442656,30.167554554439146,85.62823483290852
137.24495142460665,84.50968055718158,29.36973750954199,86.28311881160555
134.10135789023266,84.74954841961235,28.595678664552374,87.56869456517835
133.42660287142198,85.50657931032669,28.175744238184546,87.82407724773888
132.08440640803772,86.72601879169017,27.329418996140046,88.91591645382499
129.84263229197774,88.20151195521694,26.517253237230854,89.49540612079083
132.45970138965268,88.26206726720233,28.316652112208157,85.85752696165652
131.1393903100385,88.30456634775078,29.217276765868586,84.03253129499166
130.74160493314437,87.1400169173576,30.01284751965682,82.90073862018481
130.33463738050497,91.28680890556615,30.826782624935625,81.52201343362037
130.35038015400806,90.32565491917715,32.551347517253866,92.25123948188265
125.22074027981782,98.10863301371892,33.859764247999514,88.53513251815136
124.87530266220185,99.1534329487545,32.67185498754465,88.32431714376703
125.45914727438046,100.09233932126898,31.5041657631874,88.30088272097258
128.0651762722652,102.9446429863288,29.9579549398793,88.09504614954504
128.39853837912855,105.11186074797456,29.291230726152584,87.36433431856229
128.65367657115254,103.68847127998589,28.7809543421046,86.65255994649912
127.87514027518452,105.2928019816349,28.578215908078633,85.20370956916318
127.82677406680594,107.56242144647862,28.674948324835782,84.13543323044718
126.85625465006359,109.59387726560058,28.89395479534066,81.79455395518306
125.25239364897735,108.40987949554616,28.716424676852327,80.77729737463109
124.19893327586053,109.36043904940198,29.14847052765323,78.87617826691945
123.39305898281776,109.86102421221383,29.104718695794823,77.87500794129573
122.75507100014656,109.0260286145203,28.740325194636952,77.90462967018256
121.90167262034464,110.74634802972223,28.812899307121384,76.09821348689812
122.11926363249353,110.76233183800667,28.37771728282361,76.06624587032924
121.619432621357,110.79553799420685,27.776028853601282,75.99983355792887
121.96775722181295,110.67470498185729,27.079379652689404,76.241499582628
122.1597352920206,110.98083339935968,26.695423512274104,75.62924274762321
122.28105949907602,111.5350454290571,26.452775098163247,74.52081868822836
122.40817216244513,112.83585674114178,26.198549771425043,73.46363020486929
122.4415857541653,114.2248166000472,26.131722587984672,72.21043007877084
122.4543350255951,114.74000146222232,26.10622404512508,71.1800603544206
122.39525991705277,116.0931460101182,26.22437426220975,69.96416319993875
122.39163486033615,115.61941986659517,26.231624375642966,69.43650800590723
125.0286635089528,117.73616309319887,26.828259536723134,68.13836778185654
125.56148798048135,117.35644510150678,27.222346002715557,67.4380683561912
130.33614902287238,114.6136851855048,27.86988501675563,67.09681041743966
134.3627268687853,111.30490871972974,28.596500115153447,66.39788769047007
138.4147305976373,109.18413791258985,29.28887998031402,64.77517108950686
142.98903063205324,110.8044624440879,30.32340201093106,62.98925375500345
143.1986434584463,111.01487441791608,31.350981468244573,61.12162469724747
144.1497413234548,112.71076554156517,32.323327395034624,60.604384106756314
143.9735697764308,112.66867721848067,32.675670489082606,60.68856075292531
143.75561338931468,113.15756915479612,33.111583263314856,61.16444039723334
143.5791838398975,113.0357638779918,33.46444236214924,61.40805095084197
143.33165426211644,113.14288744703248,33.959501517711345,61.19380381276062
143.3115688120205,113.02350376757576,33.9996724179032,61.43257117167404
143.6267612644328,113.38885131249636,33.369287513078625,62.189141731577394
143.11737105135785,113.90147622942867,32.900419210025376,62.651540626915875
143.31612952615222,113.84325528047964,32.502902260436684,62.76798252481394
142.06550176524598,112.98515513221636,32.04159387766467,63.00290086904825
141.78557620481166,113.31995171924093,31.124668749980707,63.810083943551746
142.14504078562388,113.73627086959866,30.40573958835624,64.45016220951855
141.76343061006511,113.48149009715438,29.69941574032189,64.95972375440712
140.6563956043234,114.60144824408115,28.984262087180802,65.64903112517811
140.3532158289226,116.19918400188175,28.12856436379139,66.8397314321499
140.80137744875805,116.47805487964705,27.23224112412052,67.74616188593242
140.32646118894272,116.10419841121733,26.720765560467452,68.49387482279187
140.45580045159468,116.23382817284967,26.462087035163485,68.23461529952718
140.5188150530295,116.37551289571718,26.33605783229389,67.95124585379214
140.63319368189815,116.59693758512638,26.10730057455657,67.50839647497375
140.75684033872247,116.62229341131335,25.86000726090792,67.45768482259982
140.8803288918168,116.7105850602126,25.613030154719297,67.28110152480134
140.9466769334274,115.20765619705924,25.480334071498053,67.43569342419192
140.98223308005123,116.06874373931257,25.40922177825042,67.1389827180194
141.01313300087585,115.47044919182589,25.347421936601187,66.91564184705058
