57.1,34.5,6.8,14.6
57.689288069524515,34.23631242834999,6.940973119021917,14.45873932302443
58.95431941626341,35.639860959814484,7.065020666033726,14.30575250058504
60.72773678235407,35.89274541239271,7.166701020489507,14.13166678512287
61.99673531675315,36.80300049443376,7.27585099802691,13.965623525000511
64.25917890526692,37.37981016162943,7.3756956938562945,13.803018163364223
65.52412638145377,37.29220473336702,7.4830887094021525,13.648568023899102
66.62691953072984,37.68937263282956,7.58205547903179,13.51267595874024
68.22762752250114,38.239405564041824,7.669658870576981,13.399315908842052
69.3222942159883,39.60997314372065,7.781318663984519,13.287887241349361
70.73028515745098,39.817053851605195,7.92591643851785,13.202679120853475
73.15330365443641,41.19351793116775,8.031820621536507,13.09078625612279
74.31494770377802,42.54351560044116,8.020252664240598,13.032756793447152
75.7682080728394,41.957417566578194,8.076404221027435,12.88820961899103
78.22182979024294,42.50630498511819,8.088713240260377,12.774345272719037
79.20821635767453,43.847786640047424,8.07478400941518,12.703173834884556
80.97563169511925,44.198005954933414,8.116890230221399,12.653087367966318
82.29440765166228,44.66673903105471,8.080379838993021,12.691011786420365
84.07655320556967,46.00798326489673,8.092053148562552,12.609224713197628
85.2144239527144,47.31005238609151,8.08471941601453,12.597552484226888
86.52355397289212,47.276267379311285,8.056546553515567,12.665122497787332
87.63825173571641,47.46278027400938,8.097262046914045,12.616398282540715
88.94469304609981,48.41843779200345,8.078401219962556,12.650599591914055
91.05359658869529,48.57570584340672,8.078439804992017,12.660513156047543
92.32705648154192,49.08221725021987,8.128309795061977,12.621286508332439
93.63836774457212,50.39972519568223,8.104443552194185,12.585026900600388
94.74560688788951,50.28884057627187,8.157284169934174,12.482893438796129
95.9860206036828,50.35265002941582,8.262478641144888,12.355274532508234
98.19791695999037,50.41571580140872,8.361886412440164,12.229142988522423
99.45706290558763,50.6135841184106,8.426276521425455,12.156241604541158
100.21807727720314,51.77102866810338,8.518251788002198,12.10095811888646
102.28083331215588,52.44201210617964,8.598034592328725,12.05292812711302
102.22854363658907,53.76563053069832,8.702613943462353,11.998269002509042
103.65543596538575,53.9339522189781,8.773502409181793,11.986589306317564
105.07574767340044,55.10612744653949,8.866430590215296,11.92389009335483
106.84493310185711,54.96370901027867,8.919783217714603,11.882206649111678
108.1299639739288,56.30648000151702,8.963792377244582,11.810735570308319
109.90322742703766,56.50162128434951,9.007544627284073,11.746842018848557
111.04790183930619,57.64668894679004,9.001093519402934,11.73960441062341
113.16945908554133,57.9644021641504,8.99484300156868,11.756003202769788
114.4683416687222,59.10510898572044,9.005565318400368,11.75701610742395
116.09704391116165,59.44261003682824,9.010673213900375,11.73451648128412
117.22145962589848,59.15663935000991,9.043779649441452,11.654475607773726
118.39603961471005,59.431130629526685,8.971775117172001,11.756108890269797
121.05035441700316,59.14406322080576,8.874126158777557,12.004557417324662
121.41651645635076,59.04518049744088,8.797547939151944,12.202322864054425
123.89616474701401,60.19794701715316,8.782523886676652,12.204117004760425
124.85669607246987,61.172652403123486,8.837851219568043,12.23109621662287
126.02275932838802,61.45616916629337,8.82074312739486,12.325496524472573
127.33987008926097,62.087458133713696,8.841451412279907,12.39038349294739
129.8098361903174,61.92239746132401,8.899366569603593,12.387315013764326
130.96003907527023,63.07037388845109,8.937635575607937,12.430036935420127
132.28575248712804,63.43659420568151,8.969194807262818,12.368342814801895
132.2570396053068,63.647843811186036,9.026620570905271,12.280800183764857
132.5606534659454,65.01650028365911,9.088533181256713,12.220048565333295
133.89890348095778,66.17011517611692,9.089321697247003,12.255446258180864
135.76102570419948,66.97436630410444,9.05241272828195,12.323005582895991
137.10085287904639,66.98815349708397,9.057832203321617,12.29543119693694
138.09871766047013,67.13918661501855,9.073927591168061,12.328669119516762
139.62860318872583,68.30295021407376,9.038813822935312,12.353653145623086
142.19296809792147,68.0846836569686,8.94823311081656,12.454309652748599
143.0630920163189,68.53877126670261,8.88756228686502,12.553880640986584
144.41629816578848,68.56392673783488,8.872543404553376,12.503569698722067
145.9614191519349,68.73005179286524,8.801039778119401,12.506734960423454
148.1743322722723,69.9070828810049,8.720911554050856,12.492664023855193
149.208392572903,69.75145002450297,8.649286943753312,12.471180405031724
149.40016629299404,70.90851920484647,8.596981077804708,12.475733063978847
150.60046806512563,70.84754619187927,8.509495178030123,12.597679089913232
151.76583709158925,71.17060728286398,8.494595524708139,12.613225022116737
151.62160405941597,72.4233032064002,8.45224071907583,12.75440013487522
152.79583173050614,73.38699516521162,8.429467824304664,12.820458315031692
152.8083358241917,74.21385486129341,8.404459636933538,12.831007032643862
154.00669782567454,74.67668123243268,8.335903899762396,12.903140689991542
155.65950081560848,74.6793958620235,8.355639744151176,12.897711430809908
157.68511469253158,74.95756338278595,8.297797800324169,13.006940690954877
158.8735941309717,76.30245898043002,8.255005644060041,12.984768604942227
159.03219946973178,76.63332130259535,8.270199820186,12.987853667903865
159.05802393056405,77.7446642564365,8.218550898521489,13.094103982884473
159.02450944612025,79.2472346321966,8.285579867409071,13.089829322211989
156.19231941018586,80.56142822790653,8.263658742642248,13.13734857626769
158.3923866882397,81.8924543994731,8.216337303303346,13.153950458838436
159.36868369621345,82.74865011839897,8.269463358050256,13.112992413232044
160.71426078144754,83.2297552384773,8.254828153946836,13.154476785462187
163.02289315565142,83.42198509140695,8.326720940979621,13.1049569035629
164.65407681902747,84.98452578148084,8.418384618189831,12.998503426981188
167.11807859596576,87.73132037178694,8.520483574356001,12.870356923747941
169.60130327410735,88.61118608220396,8.580802029015658,12.78621477322821
170.91148776307898,90.1184094939352,8.63927431012564,12.785464366200582
173.07029903639128,91.64777871569865,8.687236969351032,12.749054142108303
174.87475714524552,94.20995526814232,8.774990882788334,12.665614852419793
176.21015266253482,95.57839654274842,8.794237520593118,12.618769975590961
178.2134058935177,97.26822809323473,8.8181153301085,12.59776043418597
180.72833772399028,98.47053118011118,8.827384752457116,12.544749699303477
183.07327880464064,99.30103645299197,8.831616277308964,12.560208327167828
184.5693816858932,99.5048345153778,8.859786864110392,12.488209574541354
185.7881394405948,100.77284456553801,8.767080471680927,12.631971322190834
187.5192882324917,101.08223431118574,8.660943241927711,12.684423901703466
188.90300238458533,101.2873235073898,8.570725051208704,12.60889677347889
190.21790605389307,102.16150090063047,8.597063965879387,12.52063339530138
192.84621620900475,102.31566749863522,8.638428488407879,12.543424251338877
194.1603678712038,103.44701748626669,8.667343712830789,12.605790506294333
196.649057601888,104.09666774685499,8.69353764654673,12.640776223806887
197.9605097030227,105.42489286467243,8.746895339735953,12.660587883630662
199.4673518914316,106.37149889207261,8.754639725370176,12.781661670464985
200.8114447160213,107.70454482910016,8.767804550680047,12.816920270899198
202.3104665000424,108.83814002559943,8.815526454278505,12.9186585780656
203.4896840442844,109.98567025243037,8.842288024353497,13.008794782962692
205.68289608121262,110.17115447259192,8.90893693322605,12.980370418234127
205.67499152007971,110.68545660148709,8.924746055491873,12.981424763451272
206.6976701423034,110.6717031289204,8.940371287084508,13.008931708584639
207.88048102611899,110.83008485790606,8.983943407205722,13.036338806006519
209.28235357526637,111.84919977033937,8.942637829923939,13.069938621899624
210.65273690769862,112.18712467290523,8.962895505538114,13.084344901887583
211.32601537970706,113.02531204741484,8.999061245902661,13.136373508345184
213.05214723234704,113.3369058447863,9.01743693462776,13.207313792403248
214.27780251089624,114.34152175063957,9.005190327202358,13.288708223273536
215.3322204472229,114.46829825322975,8.993121205359186,13.384616343228231
216.54435159319718,115.51214484599207,9.023792146005768,13.401151642785134
217.9499597750144,115.6906225085415,9.024277248227033,13.39565900091824
219.34003501277567,117.11277318584321,9.055231250941777,13.362462124552128
219.48939173396428,117.11147775350476,9.107919496579377,13.365052989229039
220.71618452375745,118.13716039562419,9.120532018829786,13.427571792278831
221.9277954606776,119.18650893572529,9.17156533677489,13.449664876464114
221.73854781663877,120.07718168250906,9.195417010628486,13.441537454016984
223.16591892940914,121.11189423301767,9.180004102716177,13.501609341221119
223.30532478129194,122.35798902957345,9.256758581157065,13.498383023555041
224.34338418454382,123.58144805231532,9.321373127791121,13.54898722339874
224.4830406856622,124.12491194608846,9.400681635510978,13.53792396572222
225.73348926857793,125.01922759781709,9.41814638787581,13.548122603833743
226.24338831233013,125.18641350007351,9.478974047043252,13.57395938154484
227.52141176961993,125.87689998437787,9.454152190321844,13.639400731712222
227.52667196472962,125.66598054890751,9.443631800102457,13.699057778582453
228.66794769981325,125.60330404400902,9.338529674876606,13.824410788379414
229.98131421894564,125.70249211414087,9.25319229578891,13.989091170855286
230.73612445973106,126.16972490516487,9.200034439069315,14.146972557445773
231.6400061527418,126.70862241237822,9.220272075894565,14.165978156727073
231.798921249623,126.90097981666297,9.26866461393407,14.147486079959465
232.88479303364957,127.65378656502678,9.297431867001773,14.108879797312431
232.8360182305862,127.70958443552522,9.394981473128489,13.997284056315564
233.52828384857082,128.30518188171504,9.476831691155235,13.905875254432914
234.79246663943854,129.80695778863833,9.514501265651646,13.834935047708447
234.23059855380546,130.02423520861814,9.539845627280023,13.76651081096138
234.9488484497454,131.52733013908886,9.565414758534946,13.684458796289526
236.06340437148862,132.64298201516002,9.524505328342775,13.641357457441467
236.24966311608722,133.35999832829833,9.515361536743592,13.660819621556785
236.09474590305035,134.60601654943264,9.46167928121419,13.71339995050997
237.01138076886855,135.85809558779468,9.445525313163548,13.753203942805944
237.02413369955607,136.0168697715521,9.420019451788509,13.7994119284057
237.1988166078256,136.71390576021867,9.434684371025469,13.861462894176574
237.2164740857723,136.14979913805638,9.3993694151321,13.894049645137565
237.2320295113494,136.32967263466028,9.368258563977852,13.899416893544842
237.63765438512524,136.65584583592195,9.286366699219343,13.976428373814695
237.28795994543285,136.9968075603057,9.256801355068268,14.02345914858306
237.48162246720403,136.95725344727649,9.234168309762024,14.102567374641513
237.3057081128215,137.84664459851655,9.220494094277981,14.151299693407198
236.7661616035539,137.8477334959016,9.201568357539443,14.149121898637155
236.62512512340646,138.1623975145119,9.117983297183816,14.251109902717607
235.35302174087576,138.14792191875043,9.101653303030641,14.280061094240542
234.27749006774204,137.95368537460848,9.057008353149408,14.302582799832958
233.57743580721103,136.89056523838198,8.99495105175233,14.23557433859733
232.13951624045023,136.5152638298081,8.962787424206152,14.25917646547811
232.14503363281685,136.1553472666424,8.951752639472927,14.252380556281251
230.88210122413489,135.24169199567638,8.936421188329618,14.264550906422407
229.46411810421853,134.66730989034377,8.868763718297584,14.32445622588836
228.93887664498277,135.7479153036247,8.831109081349785,14.33952051016523
227.49613480287576,136.27633557950037,8.818154186588465,14.369594425529668
226.56039739719608,135.56950960375033,8.876950767976721,14.333103793052864
229.42642712548218,125.47741464331929,8.95255615819676,14.190466750142138
229.58007108617616,124.65203271548762,9.007384139130531,14.030651094196966
228.8337186796657,124.7404749238797,9.057524204120167,13.853766677412816
228.7983488596908,123.92896429876419,9.128263844069957,13.682658813830534
228.77134511076514,122.93227656626613,9.182271341921288,13.531438444865845
230.02134891950718,121.39502932134961,9.174635676033589,13.401454711217836
229.6916476723489,121.08984294231466,9.126102683974093,13.303891982911658
230.03862515677798,119.91372494608552,9.135533981661697,13.194276042459665
229.88390630193794,118.39041770061094,9.094776376739707,13.089132701990364
230.24973976177964,118.25699620016589,9.058977959759897,13.008041451528698
231.13966461145714,118.12472982044672,9.009719004746586,12.92645606209867
230.98509307601014,118.18687731050926,8.97478990595803,12.802161081973582
230.82706447270155,118.91908742598227,8.949229728574458,12.704210387030667
230.84018759238347,119.3051911983973,8.922983489210623,12.61143249283546
230.68150096463918,118.8351692880297,8.90247800102414,12.537840082545541
230.69212451222438,119.54827075591724,8.881230905853737,12.457346052029916
230.70559923825328,119.42021044204408,8.854281453795931,12.378607936418591
230.3846486517672,119.95295592629903,8.829737266752451,12.312785007932154
230.57429136991303,119.80750892478348,8.7822734831775,12.271857358246542
230.7510411225886,120.98914873325405,8.759194597261724,12.221522077352773
230.26913301161125,120.19722931398188,8.735175841863718,12.158969286976015
230.62031816155246,119.88866919410319,8.688676331792118,12.120218736922524
230.97466418731725,120.22449699860555,8.633150848963894,12.101729696619145
230.9853759603129,119.93080257282983,8.611727302972602,12.038339831271784
231.0026432405072,118.83039594927335,8.577192742583964,11.97061632490268
231.1696462457845,118.21627823979384,8.565669208110934,11.908921839535722
231.4999776886165,118.25022834193422,8.547722475849703,11.841021635254942
231.19674559082097,118.1103058138742,8.514119225377696,11.800832968343421
231.52866355981442,118.12951024611829,8.4880273590798,11.76242410385527
231.22053481103686,118.31809174804982,8.468563242012154,11.703121907303572
231.3900945645146,118.02203542748981,8.446085425735756,11.661951167065451
231.55599661575394,118.99174988944932,8.429929269183388,11.616409918703958
